0: 23, 49
1: 23, 49
2: 23, 49
3: 23, 49
4: 23, 50
5: 23, 49
6: 23, 50
7: 23, 49
8: 23, 50
9: 23, 50
10: 23, 47
11: 23, 47
12: 23, 47
13: 23, 47
14: 23, 47
15: 23, 47
16: 23, 29, 30, 45
17: 23, 45
18: 23, 29, 30, 44
19: 23, 25, 26, 29, 30, 43
20: 23, 25, 27, 41
21: 23, 24, 28, 41
22: 29, 41
23: 29, 41
24: 23, 24, 30, 42
25: 30, 42
26: 24, 25, 28, 29, 30, 42
27: 23, 25, 27, 28, 30, 42
28: 23, 25, 27, 42
29: 23, 25, 27, 42
30: 23, 24, 28, 42
31: 28, 31, 33, 41
32: 27, 30, 35, 39
33: 
34: 
35: 
36: 
37: 
38: 24, 28
