0: 2, 3, 6, 10, 12, 13, 14, 22, 23, 38, 39, 40, 41, 42, 45, 52
1: 0, 2, 4, 6, 7, 8, 10, 11, 15, 23, 24, 26, 27, 38, 43, 44, 45, 52
2: 0, 10, 14, 24, 29, 37, 38, 39, 42, 43, 46, 52
3: 0, 10, 15, 25, 26, 27, 28, 29, 30, 39, 41, 44, 45, 52
4: 0, 12, 14, 25, 29, 40, 41, 44, 45, 52
5: 0, 11, 13, 24, 27, 28, 30, 40, 41, 44, 45, 52
6: 0, 10, 12, 25, 26, 28, 29, 40, 41, 44, 45, 52
7: 0, 9, 11, 25, 26, 28, 29, 40, 41, 44, 45, 52
8: 0, 9, 13, 14, 15, 25, 26, 28, 29, 40, 41, 43, 45, 52
9: 0, 10, 16, 25, 29, 38, 45, 52
10: 0, 10, 15, 24, 30, 37, 45, 52
11: 0, 9, 15, 24, 30, 37, 45, 52
12: 0, 7, 15, 24, 29, 38, 44, 52
13: 0, 4, 14, 24, 29, 39, 44, 52
14: 0, 2, 14, 25, 29, 39, 43, 52
15: 7, 8, 14, 25, 29, 39, 44, 52
16: 8, 10, 13, 26, 29, 40, 43, 52
17: 0, 7, 8, 9, 13, 26, 29, 40, 43, 52
18: 0, 9, 13, 21, 24, 25, 28, 40, 43, 52
19: 0, 9, 12, 23, 29, 37, 39, 40, 44, 52
20: 0, 10, 13, 23, 29, 37, 45, 52
21: 0, 9, 13, 25, 28, 37, 44, 52
22: 0, 9, 13, 25, 29, 40, 44, 46, 47, 52
23: 0, 9, 13, 25, 28, 41, 45, 48, 49, 52
24: 0, 9, 12, 25, 28, 41, 45, 52
25: 0, 11, 12, 25, 27, 41, 44, 52
26: 0, 26, 27, 42, 44, 52
27: 0, 52
28: 0, 52
29: 0, 52
30: 0, 52
31: 0, 52
32: 0, 52
33: 0, 52
34: 0, 52
35: 0, 52
36: 0, 52
37: 0, 52
38: 0, 52
