0: 19, 21, 27, 29
1: 20, 21, 27, 29
2: 20, 21, 27, 29
3: 20, 22, 27, 28
4: 20, 22, 27, 29
5: 20, 24, 25, 26, 27, 28
6: 19, 29
7: 18, 31
8: 18, 31
9: 15, 16, 19, 32
10: 15, 17, 18, 30
11: 1, 6, 7, 8, 16, 29
12: 6, 8, 19, 29
13: 5, 9, 21, 28
14: 6, 9, 20, 34
15: 6, 9, 17, 27
16: 6, 9, 14, 15, 16, 17, 22, 27
17: 6, 8, 22, 29
18: 5, 9, 20, 26, 28, 30
19: 5, 10, 20, 26, 29, 32
20: 5, 9, 20, 26, 29, 30
21: 6, 8, 20, 28
22: 6, 8, 21, 28
23: 6, 8, 21, 27
24: 6, 8, 22, 25
25: 3, 5, 21, 26
26: 0, 6, 19, 27
27: 0, 5, 17, 19, 21, 27
28: 0, 5, 16, 17, 20, 28
29: 0, 4, 14, 16, 21, 27
30: 0, 2, 13, 14, 25, 27
31: 
32: 32, 35
33: 30, 37
34: 30, 36
35: 30, 37
36: 30, 36
37: 28, 30, 31, 36
38: 27, 32, 33, 34
