0: 0, 13, 39, 52
1: 0, 13, 40, 52
2: 0, 11, 41, 52
3: 0, 11, 42, 52
4: 0, 10, 43, 52
5: 0, 8, 42, 52
6: 0, 7, 41, 52
7: 0, 6, 42, 52
8: 0, 5, 43, 52
9: 0, 4, 45, 52
10: 0, 4, 46, 52
11: 0, 3, 7, 8, 46, 52
12: 0, 4, 5, 9, 45, 52
13: 0, 9, 45, 52
14: 0, 10, 43, 52
15: 0, 9, 43, 52
16: 0, 11, 42, 52
17: 0, 12, 41, 52
18: 0, 13, 42, 52
19: 0, 12, 43, 52
20: 0, 11, 42, 52
21: 0, 12, 40, 52
22: 0, 12, 13, 14, 39, 52
23: 0, 15, 38, 52
24: 0, 15, 37, 52
25: 0, 15, 34, 36, 37, 52
26: 0, 15, 16, 17, 31, 33, 34, 52
27: 0, 16, 32, 52
28: 0, 15, 32, 52
29: 0, 19, 30, 32, 33, 52
30: 0, 21, 31, 52
31: 0, 19, 31, 33, 34, 52
32: 0, 15, 32, 33, 36, 52
33: 0, 14, 33, 34, 36, 52
34: 0, 15, 33, 35, 37, 52
35: 0, 13, 34, 35, 37, 38, 39, 52
36: 0, 12, 35, 38, 39, 52
37: 0, 11, 36, 38, 40, 52
38: 0, 10, 41, 52
