0: 1, 5, 11, 13, 26, 42
1: 3, 4, 25, 43
2: 24, 43
3: 0, 1, 23, 43
4: 0, 1, 23, 42
5: 22, 41
6: 21, 42
7: 20, 43
8: 19, 28, 29, 30, 31, 41, 42, 43
9: 20, 29, 31, 42
10: 20, 38, 39, 43
11: 21, 36, 37, 44, 46, 47, 48, 49
12: 0, 2, 21, 36, 38, 49
13: 0, 1, 21, 35, 38, 50
14: 0, 1, 22, 34, 37, 49
15: 0, 1, 22, 34, 37, 38, 39, 49
16: 9, 11, 22, 33, 41, 48
17: 0, 1, 8, 13, 22, 33, 43, 46
18: 0, 1, 6, 15, 16, 17, 22, 32, 35, 37, 45, 46, 51, 52
19: 0, 2, 5, 20, 22, 39, 43, 52
20: 0, 52
21: 0, 52
22: 0, 7, 9, 37, 38, 39, 40, 41, 42, 52
23: 2, 4, 11, 14, 15, 16, 19, 30, 31, 35, 47, 48, 49, 52
24: 20, 27, 33, 35, 50, 52
25: 19, 26, 51, 52
26: 19, 25, 51, 52
27: 19, 25, 51, 52
28: 18, 24
29: 18, 24
30: 18, 24
31: 18, 23
32: 19, 23
33: 19, 23
34: 19, 22
35: 18, 22
36: 17, 22, 49, 52
37: 16, 22, 46, 52
38: 16, 22, 43, 52
