0: 18, 21, 23, 24, 27, 33
1: 1, 2, 13, 24, 26, 33
2: 0, 3, 13, 21, 22, 33
3: 0, 3, 14, 21, 22, 32
4: 0, 2, 7, 8, 14, 32
5: 0, 2, 7, 8, 15, 21, 22, 33
6: 0, 1, 6, 8, 14, 36
7: 0, 2, 6, 9, 15, 39
8: 0, 2, 5, 10, 15, 38, 49, 50
9: 0, 2, 4, 11, 15, 38, 48, 52
10: 0, 14, 15, 40, 41, 44, 47, 52
11: 0, 45, 46, 52
12: 0, 52
13: 0, 1, 3, 52
14: 4, 44, 45, 46, 47, 48, 49, 52
15: 4, 41
16: 5, 39
17: 5, 7, 10, 38
18: 10, 38
19: 11, 38
20: 10, 39
21: 11, 40
22: 10, 40
23: 14, 40
24: 13, 41
25: 13, 41
26: 12, 41
27: 12, 42
28: 13, 41
29: 14, 42
30: 13, 42
31: 12, 41
32: 10, 40, 44, 45, 46, 48, 49, 50
33: 11, 40, 43, 52
34: 4, 5, 8, 9, 10, 39, 41, 52
35: 0, 2, 3, 38, 40, 52
36: 0, 2, 3, 37, 40, 52
37: 0, 2, 4, 37, 39, 52
38: 0, 36, 39, 52
