0: 15, 36
1: 16, 36
2: 18, 35
3: 18, 35
4: 18, 35
5: 17, 34
6: 17, 34
7: 18, 34
8: 6, 9, 18, 34
9: 6, 12, 18, 34
10: 5, 15, 16, 17, 19, 34
11: 5, 34
12: 5, 34
13: 5, 9, 11, 34
14: 4, 9, 12, 33
15: 4, 8, 11, 32
16: 4, 8, 11, 31
17: 4, 8, 10, 15, 19, 31
18: 4, 7, 10, 13, 20, 30
19: 3, 7, 11, 15, 20, 31
20: 2, 7, 11, 15, 21, 31
21: 1, 7, 13, 17, 20, 31
22: 0, 6, 13, 17, 20, 31
23: 1, 5, 15, 19, 20, 31
24: 1, 3, 16, 31
25: 2, 5, 17, 30
26: 2, 4, 16, 32
27: 16, 33
28: 17, 33
29: 18, 35
30: 18, 32, 33, 34
31: 18, 31
32: 18, 19, 22, 32
33: 28, 29, 31, 32
34: 
35: 
36: 
37: 
38: 
