0: 7, 11, 21, 33
1: 6, 11, 21, 33
2: 6, 10, 22, 33
3: 5, 10, 22, 33
4: 5, 10, 22, 33, 50, 52
5: 4, 9, 23, 32, 49, 52
6: 4, 9, 23, 33, 48, 52
7: 4, 9, 23, 32, 47, 50
8: 4, 9, 24, 32, 47, 49
9: 3, 9, 24, 32, 47, 48
10: 3, 9, 25, 32, 46, 48
11: 3, 9, 26, 31, 45, 47
12: 3, 8, 26, 32, 44, 47
13: 3, 9, 26, 34, 44, 46
14: 3, 8, 26, 40, 43, 45
15: 2, 9, 26, 40, 42, 44
16: 3, 8, 26, 35, 36, 43
17: 2, 9, 26, 36, 38, 43
18: 3, 8, 26, 36, 38, 42
19: 2, 9, 26, 36, 37, 41
20: 3, 8, 26, 39
21: 2, 9, 25, 32, 33, 37
22: 3, 9, 25, 36
23: 2, 11, 25, 34
24: 1, 13, 23, 31
25: 1, 3, 10, 11, 12, 17, 18, 31
26: 2, 3, 14, 32
27: 23, 32
28: 23, 32
29: 22, 32
30: 23, 33
31: 24, 33
32: 24, 32
33: 24, 34
34: 25, 31, 32, 33
35: 27, 29
36: 
37: 
38: 
