0: 0, 16, 30, 36
1: 0, 15, 29, 35
2: 0, 16, 28, 35
3: 0, 16, 28, 34
4: 0, 16, 27, 33
5: 0, 14, 26, 27, 29, 34
6: 0, 14, 26, 27, 28, 33
7: 0, 13, 26, 28, 29, 33
8: 0, 12, 26, 27, 29, 32
9: 0, 11, 27, 28, 29, 33
10: 0, 10, 30, 33
11: 0, 8, 13, 14
12: 0, 8, 51, 52
13: 0, 8, 12, 13, 16, 18, 51, 52
14: 0, 7, 16, 18, 50, 52
15: 0, 7, 12, 13, 15, 18, 50, 52
16: 0, 6, 11, 12, 15, 19, 49, 52
17: 0, 6, 15, 19, 48, 52
18: 0, 5, 14, 20, 28, 29, 43, 52
19: 0, 5, 16, 17, 18, 22, 27, 30, 39, 52
20: 0, 4, 9, 23, 29, 31, 38, 52
21: 0, 21, 30, 32, 36, 52
22: 0, 19, 31, 33, 35, 52
23: 0, 19, 31, 33, 35, 52
24: 0, 19, 31, 52
25: 0, 17, 31, 52
26: 0, 16, 30, 52
27: 0, 16, 30, 52
28: 0, 16, 30, 52
29: 0, 16, 30, 52
30: 0, 16, 29, 52
31: 0, 17, 28, 52
32: 0, 18, 28, 52
33: 0, 19, 27, 52
34: 0, 19, 25, 52
35: 0, 19, 24, 52
36: 0, 20, 23, 52
37: 0, 52
38: 0, 52
