0: 
1: 
2: 
3: 
4: 
5: 
6: 
7: 
8: 28, 29, 30, 31, 32, 33, 34, 35, 36, 37, 38, 39
9: 18, 19, 20, 45
10: 11, 12, 13, 52
11: 2, 3, 4, 52
12: 0, 52
13: 1, 2, 3, 52
14: 9, 10, 11, 52
15: 16, 17, 18, 47, 48, 49, 51, 52
16: 24, 25, 26, 41, 42, 43
17: 
18: 
19: 
20: 
21: 
22: 
23: 25, 26
24: 25, 27
25: 24, 28
26: 24, 27, 28, 29
27: 24, 29
28: 24, 28, 46, 48, 49, 50
29: 24, 27, 47, 51
30: 24, 28, 29, 31, 47, 52
31: 25, 28, 30, 32, 48, 52
32: 25, 32, 50, 52
33: 26, 32, 51, 52
34: 26, 33, 51, 52
35: 27, 34, 35, 36
36: 28, 37
37: 28, 38
38: 29, 38
