0: 0, 52
1: 0, 52
2: 0, 52
3: 0, 52
4: 0, 52
5: 0, 52
6: 0, 52
7: 0, 52
8: 0, 52
9: 0, 52
10: 0, 19, 20, 52
11: 0, 18, 21, 52
12: 0, 19, 22, 52
13: 0, 20, 24, 52
14: 0, 21, 25, 26, 27, 52
15: 0, 22, 28, 52
16: 0, 24, 29, 52
17: 0, 24, 29, 52
18: 0, 25, 31, 52
19: 0, 26, 32, 52
20: 0, 27, 33, 52
21: 0, 28, 34, 52
22: 0, 29, 35, 52
23: 0, 30, 35, 52
24: 0, 30, 36, 52
25: 0, 31, 36, 37, 38, 52
26: 0, 32, 37, 38, 39, 52
27: 0, 31, 37, 45, 49, 50, 51, 52
28: 0, 26, 38, 43
29: 0, 23, 39, 40
30: 0, 23
31: 0, 23
32: 0, 23
33: 0, 22
34: 0, 22
35: 0, 22
36: 0, 22
37: 0, 22
38: 0, 23
