0: 7, 19, 33, 50
1: 8, 19, 34, 49
2: 9, 19, 33, 48
3: 8, 19, 34, 48
4: 9, 19, 20, 21, 28, 29, 33, 47
5: 9, 18, 20, 21, 28, 29, 34, 46
6: 9, 18, 19, 21, 28, 29, 34, 43
7: 9, 21, 28, 30, 31, 42
8: 6, 7, 9, 22, 28, 42
9: 3, 8, 10, 25, 27, 42, 46, 47
10: 4, 25, 27, 30, 32, 41, 44, 49
11: 5, 22, 23, 41, 42, 49
12: 5, 22, 24, 28, 29, 48
13: 5, 47
14: 6, 47
15: 7, 21, 24, 28, 30, 46
16: 7, 21, 25, 27, 30, 45
17: 8, 21, 24, 27, 30, 44
18: 9, 21, 25, 27, 31, 43
19: 10, 21, 31, 42
20: 10, 18, 19, 21, 31, 33, 34, 42
21: 11, 21, 31, 41
22: 12, 21, 31, 40
23: 12, 23, 29, 30, 31, 40
24: 12, 24, 28, 40
25: 12, 24, 28, 40
26: 13, 24, 28, 39
27: 13, 23, 28, 39
28: 14, 23, 29, 38
29: 14, 22, 24, 25, 30, 38
30: 15, 24, 30, 37
31: 18, 23, 29, 32
32: 19, 23, 29, 31
33: 18, 19, 21, 23, 29, 30
34: 22, 24, 28, 30
35: 23, 24
36: 24, 25
37: 
38: 
