0: 0, 20, 23, 35, 37, 52
1: 0, 21, 24, 34, 37, 52
2: 0, 22, 25, 35, 37, 52
3: 0, 22, 32, 34, 37, 52
4: 0, 20, 36, 52
5: 0, 18, 36, 52
6: 0, 16, 38, 52
7: 0, 15, 38, 52
8: 0, 15, 38, 52
9: 0, 16, 38, 52
10: 0, 17, 38, 52
11: 0, 18, 38, 52
12: 0, 19, 37, 52
13: 0, 21, 36, 52
14: 0, 23, 34, 52
15: 0, 23, 33, 52
16: 0, 24, 33, 52
17: 0, 24, 32, 52
18: 0, 24, 32, 52
19: 0, 24, 31, 52
20: 0, 25, 33, 52
21: 0, 25, 35, 52
22: 0, 25, 35, 52
23: 0, 24, 35, 52
24: 0, 24, 34, 52
25: 0, 21, 22, 23, 34, 52
26: 0, 21, 33, 52
27: 0, 22, 23, 24, 32, 52
28: 0, 25, 32, 52
29: 0, 24, 31, 52
30: 0, 24, 31, 52
31: 0, 23, 31, 52
32: 0, 23, 31, 52
33: 0, 22, 30, 52
34: 0, 23, 30, 52
35: 0, 24, 28, 52
36: 0, 25, 26, 27, 28, 52
37: 0, 52
38: 0, 52
