0: 
1: 20, 22
2: 20, 22
3: 19, 22
4: 20, 22
5: 20, 22
6: 20, 21
7: 19, 21, 24, 25
8: 15, 22, 23, 26
9: 14, 26
10: 13, 27
11: 13, 27
12: 12, 28
13: 13, 28
14: 13, 28
15: 14, 28
16: 15, 26
17: 16, 26
18: 17, 26
19: 17, 26, 27, 31
20: 0, 1, 2, 3, 4, 5, 6, 7, 8, 9, 10, 11, 12, 13, 14, 15, 16, 17, 18, 26, 27, 32, 33, 34, 35, 36, 37, 38, 39, 40, 41, 42, 43, 44, 45, 46, 47, 48, 49, 50, 51, 52
21: 1, 2, 3, 4, 5, 6, 7, 8, 9, 10, 11, 12, 13, 14, 15, 16, 17, 25, 26, 31, 32, 33, 34, 35, 36, 37, 38, 39, 40, 41, 42, 43, 44, 45, 46, 47, 48, 49, 50, 51
22: 18, 24, 26, 30
23: 18, 23, 25, 30
24: 18, 23, 24, 29
25: 18, 28
26: 18, 25
27: 17, 25
28: 17, 25
29: 18, 24
30: 17, 25
31: 17, 24
32: 17, 24
33: 17, 24
34: 18, 20, 21, 22
35: 17, 19
36: 18, 19
37: 17, 19
38: 17, 18
