0: 0, 26, 43, 52
1: 0, 27, 42, 52
2: 0, 27, 43, 52
3: 0, 27, 43, 52
4: 0, 28, 43, 52
5: 0, 28, 43, 52
6: 0, 28, 42, 52
7: 0, 29, 38, 39, 42, 52
8: 0, 29, 42, 52
9: 0, 29, 44, 52
10: 0, 29, 45, 52
11: 0, 28, 45, 52
12: 0, 28, 45, 52
13: 0, 22, 25, 28, 46, 52
14: 0, 22, 26, 27, 45, 52
15: 0, 21, 45, 52
16: 0, 21, 44, 52
17: 0, 20, 23, 24, 43, 52
18: 0, 19, 23, 25, 42, 52
19: 0, 16, 21, 26, 42, 52
20: 0, 17, 21, 27, 41, 52
21: 0, 18, 19, 28, 40, 52
22: 0, 28, 39, 52
23: 0, 27, 39, 52
24: 0, 25, 38, 52
25: 0, 25, 36, 52
26: 0, 25, 36, 52
27: 0, 24, 39, 52
28: 0, 24, 40, 52
29: 0, 24, 39, 52
30: 0, 24, 37, 52
31: 0, 23, 36, 52
32: 0, 25, 33, 52
33: 0, 26, 33, 52
34: 0, 27, 31, 52
35: 0, 52
36: 0, 52
37: 0, 52
38: 0, 52
