0: 0, 22, 33, 52
1: 0, 21, 32, 52
2: 0, 22, 33, 52
3: 0, 22, 33, 52
4: 0, 23, 32, 52
5: 0, 23, 32, 52
6: 0, 21, 34, 52
7: 0, 20, 34, 52
8: 0, 21, 34, 52
9: 0, 21, 34, 52
10: 0, 17, 19, 21, 34, 52
11: 0, 1, 2, 3, 7, 12, 34, 39, 41, 44, 45, 50
12: 7, 8, 10, 11, 34, 37, 47, 48, 49, 50
13: 0, 2
14: 0, 4, 17, 18, 19, 20
15: 0, 5, 16, 20, 35, 37, 39, 40
16: 0, 7, 15, 21, 34, 43, 51, 52
17: 0, 8, 13, 22, 33, 44, 50, 52
18: 0, 9, 11, 25, 30, 31, 32, 46, 50, 52
19: 0, 10, 11, 24, 29, 48, 49, 52
20: 0, 22, 32, 52
21: 0, 21, 33, 52
22: 0, 22, 33, 52
23: 0, 21, 33, 52
24: 0, 19, 33, 52
25: 0, 19, 34, 52
26: 0, 20, 33, 52
27: 0, 21, 35, 52
28: 0, 21, 36, 52
29: 0, 21, 36, 52
30: 0, 21, 37, 52
31: 0, 22, 37, 52
32: 0, 22, 31, 33, 36, 52
33: 0, 26, 27, 28, 29, 34, 35, 52
34: 0, 52
35: 0, 52
36: 0, 52
37: 0, 52
38: 0, 52
