0: 0, 27
1: 0, 27
2: 0, 27
3: 0, 27
4: 0, 27
5: 0, 27
6: 0, 26
7: 0, 27
8: 0, 22, 23, 26
9: 0, 21, 24, 26, 37, 38
10: 0, 21, 24, 26, 36, 38
11: 0, 21, 35, 39
12: 0, 21, 33, 39
13: 0, 20, 34, 39
14: 0, 21, 31, 32, 35, 40
15: 0, 21, 36, 40
16: 0, 21, 37, 40
17: 0, 21, 38, 41
18: 0, 20, 26, 28, 38, 41
19: 0, 20, 26, 28, 39, 41
20: 0, 20, 25, 31, 41, 42
21: 0, 20, 25, 34
22: 0, 20, 25, 35
23: 0, 22, 25, 36
24: 0, 21, 22, 23, 25, 37
25: 0, 38
26: 0, 39
27: 0, 40
28: 0, 40
29: 0, 41
30: 0, 41
31: 0, 41
32: 0, 41
33: 0, 40
34: 0, 40
35: 0, 40
36: 0, 40
37: 0, 41
38: 0, 41
