0: 0, 20, 36, 52
1: 0, 20, 38, 52
2: 0, 21, 38, 52
3: 0, 21, 37, 52
4: 0, 20, 38, 52
5: 0, 20, 37, 52
6: 0, 19, 37, 52
7: 0, 19, 38, 52
8: 0, 19, 37, 52
9: 0, 18, 37, 52
10: 0, 18, 38, 52
11: 0, 19, 37, 52
12: 0, 18, 37, 52
13: 0, 19, 36, 52
14: 0, 19, 31, 32, 36, 52
15: 0, 20, 35, 52
16: 0, 20, 31, 32, 35, 52
17: 0, 20, 35, 52
18: 0, 21, 34, 52
19: 0, 21, 35, 52
20: 0, 21, 34, 52
21: 0, 22, 33, 52
22: 0, 22, 33, 52
23: 0, 23, 32, 52
24: 0, 23, 33, 52
25: 0, 23, 32, 52
26: 0, 23, 32, 52
27: 0, 23, 32, 52
28: 0, 23, 32, 52
29: 0, 23, 32, 52
30: 0, 22, 33, 52
31: 0, 22, 32, 52
32: 0, 21, 32, 52
33: 0, 20, 34, 52
34: 0, 20, 33, 52
35: 0, 20, 34, 52
36: 0, 23, 24, 28, 33, 52
37: 0, 30, 33, 52
38: 0, 52
