0: 19, 22, 23, 24, 32, 37, 41, 44
1: 18, 25, 31, 36, 40, 42, 43, 45
2: 18, 27, 30, 35, 40, 41, 43, 45
3: 17, 27, 29, 35, 40, 41, 42, 46
4: 17, 26, 29, 34, 38, 39, 40, 45
5: 16, 20, 23, 24, 29, 34, 36, 43
6: 16, 23, 27, 33, 36, 42
7: 16, 22, 27, 33, 37, 42
8: 12, 22, 27, 33, 39, 41
9: 10, 21, 28, 34
10: 9, 18, 28, 32, 42, 43
11: 8, 16, 30, 32, 38, 47
12: 7, 11, 13, 14, 31, 32, 37, 38, 41, 43
13: 7, 9, 12, 13, 31, 32
14: 6, 8
15: 6, 8, 34, 37
16: 32, 35
17: 31, 33
18: 31, 32
19: 
20: 
21: 
22: 
23: 
24: 
25: 
26: 
27: 
28: 
29: 
30: 
31: 4, 8
32: 1, 5, 6, 10
33: 10, 12
34: 11, 12
35: 
36: 
37: 
38: 
