0: 0, 19, 32, 52
1: 0, 20, 31, 52
2: 0, 20, 31, 52
3: 0, 21, 31, 52
4: 0, 21, 33, 52
5: 0, 18, 33, 52
6: 0, 18, 33, 52
7: 0, 18, 33, 52
8: 0, 18, 33, 46, 47, 52
9: 0, 19, 34, 39, 42, 43, 48, 49, 51, 52
10: 0, 16, 18, 19, 34, 37
11: 0, 12, 13, 15
12: 0, 5, 7, 11
13: 0, 2, 8, 9, 10, 11, 35, 36
14: 0, 3, 17, 18, 35, 44
15: 0, 5, 15, 19, 34, 46
16: 0, 6, 15, 20, 34, 48
17: 0, 7, 13, 21, 31, 32, 33, 50, 51, 52
18: 0, 8, 13, 25, 29, 52
19: 0, 9, 11, 23, 24, 25, 31, 52
20: 0, 10, 11, 22, 33, 52
21: 0, 21, 34, 52
22: 0, 21, 33, 52
23: 0, 22, 33, 52
24: 0, 20, 34, 52
25: 0, 18, 34, 52
26: 0, 19, 34, 35, 37, 52
27: 0, 20, 37, 52
28: 0, 21, 37, 52
29: 0, 21, 39, 52
30: 0, 21, 38, 52
31: 0, 21, 38, 52
32: 0, 22, 32, 33, 38, 52
33: 0, 23, 31, 35, 37, 52
34: 0, 52
35: 0, 52
36: 0, 52
37: 0, 52
38: 0, 52
