0: 11, 20
1: 11, 19
2: 12, 19, 34, 35
3: 11, 19
4: 12, 19, 50, 51
5: 11, 20, 43, 44
6: 12, 19
7: 11, 20, 37, 38
8: 11, 19, 45, 46
9: 11, 19
10: 12, 19, 40, 41, 48, 49
11: 12, 19, 28, 29
12: 12, 19, 30, 31, 35, 36, 44, 45
13: 12, 19
14: 12, 19, 40, 41, 46, 47, 50, 51
15: 12, 18, 37, 38
16: 12, 19, 32, 33, 42, 43, 48, 49
17: 11, 18, 25, 26, 44, 45
18: 12, 18, 27, 28, 34, 35, 39, 40, 51, 52
19: 12, 18, 42, 43, 46, 47, 48, 49
20: 12, 17, 31, 32, 36, 37
21: 13, 18, 40, 41, 44, 45, 46, 47, 49, 50, 51, 52
22: 12, 17, 22, 23, 34, 35, 38, 39, 42, 43, 45, 46, 48, 49
23: 10, 17, 26, 27, 41, 42, 44, 45, 46, 52
24: 10, 17, 28, 29, 31, 32, 37, 38, 39, 40, 42, 52
25: 10, 16, 35, 36, 40, 52
26: 11, 16, 33, 34, 37, 38, 39, 52
27: 12, 15, 24, 25, 30, 31, 36, 37, 38, 52
28: 20, 21, 35, 36, 37, 52
29: 26, 27, 33, 34, 37, 52
30: 31, 32, 35, 52
31: 28, 29, 34, 35, 36, 52
32: 22, 23, 33, 34, 35, 52
33: 30, 31, 33, 34, 35, 52
34: 24, 25, 35, 52
35: 26, 27, 32, 33, 34, 52
36: 29, 30, 34, 52
37: 31, 32, 33, 34, 35, 52
38: 34, 52
