0: 38, 39, 40, 52
1: 32, 33, 37, 39, 41, 52
2: 1, 3, 31, 33, 37, 40, 41, 52
3: 1, 3, 31, 33, 37, 40, 41, 52
4: 1, 3, 10, 12, 31, 34, 36, 40, 42, 52
5: 0, 4, 10, 12, 31, 34, 37, 40, 41, 52
6: 0, 3, 9, 12, 26, 27, 31, 34, 36, 41, 42, 52
7: 0, 4, 10, 13, 19, 20, 26, 28, 30, 35, 36, 41, 42, 52
8: 0, 4, 9, 12, 19, 21, 25, 27, 30, 34, 36, 41, 42, 52
9: 0, 4, 9, 13, 18, 20, 25, 28, 30, 35, 36, 41, 43, 52
10: 0, 4, 8, 13, 18, 21, 25, 28, 30, 35, 37, 40, 42, 52
11: 0, 5, 9, 13, 18, 21, 25, 29, 30, 35, 37, 40, 41, 52
12: 0, 4, 8, 14, 18, 22, 25, 28, 31, 34, 36, 52
13: 0, 4, 8, 14, 17, 21, 24, 29, 31, 39, 40, 52
14: 0, 4, 8, 13, 17, 22, 24, 29, 31, 35, 42, 52
15: 1, 3, 9, 13, 17, 22, 24, 29, 30, 33, 42, 52
16: 0, 4, 10, 12, 17, 22, 24, 28, 30, 33, 43, 52
17: 0, 12, 17, 22, 24, 31, 44, 52
18: 4, 15, 17, 21, 25, 31, 39, 40, 45, 52
19: 9, 17, 18, 21, 26, 30, 38, 41, 46, 52
20: 13, 20, 24, 28, 38, 42, 49, 52
21: 15, 21, 24, 28, 37, 41, 46, 47, 49, 52
22: 18, 22, 23, 26, 37, 42, 44, 52
23: 20, 25, 37, 42, 45, 52
24: 21, 24, 37, 42, 44, 52
25: 37, 42, 43, 52
26: 36, 52
27: 36, 52
28: 38, 52
29: 38, 52
30: 39, 52
31: 40, 52
32: 39, 52
33: 39, 52
34: 39, 52
35: 39, 52
36: 39, 52
37: 40, 52
38: 40, 42, 44, 52
