0: 
1: 
2: 
3: 36, 38
4: 33, 35, 36, 38, 51, 52
5: 33, 38, 45, 52
6: 17, 18, 26, 28, 29, 30, 33, 41, 42, 52
7: 16, 18, 26, 52
8: 8, 9, 13, 16, 26, 52
9: 8, 17, 18, 52
10: 4, 52
11: 3, 15, 16, 17, 24, 52
12: 3, 5, 6, 7, 8, 9, 25, 26, 28, 40, 41, 52
13: 25, 27, 29, 38, 40, 42, 44, 45, 47, 48, 49, 52
14: 26, 28, 30, 45
15: 27, 28, 30, 40
16: 27, 29, 30, 38
17: 26, 39
18: 26, 34, 35, 39
19: 26, 33
20: 25, 39
21: 24, 27, 28, 40
22: 24, 26, 28, 38
23: 24, 25, 26, 36
24: 26, 37
25: 24, 36
26: 23, 33
27: 21, 32
28: 20, 32, 34, 36
29: 21, 24, 26, 35
30: 21, 24, 27, 34
31: 28, 29, 30, 31
32: 
33: 
34: 
35: 
36: 
37: 
38: 
