0: 1, 6, 11, 14, 23, 32, 36, 37, 38, 52
1: 2, 5, 11, 12, 23, 33, 35, 52
2: 0, 1, 3, 6, 10, 12, 21, 33, 35, 52
3: 0, 2, 21, 31, 33, 46, 50, 52
4: 0, 3, 19, 31, 34, 44, 50, 52
5: 0, 2, 18, 29, 33, 41, 50, 52
6: 17, 29, 34, 41, 49, 52
7: 13, 14, 15, 28, 33, 40, 51, 52
8: 14, 29, 34, 39, 51, 52
9: 16, 31, 34, 38, 51, 52
10: 1, 4, 17, 33
11: 0, 3, 18, 32
12: 0, 2, 8, 9, 19, 31
13: 0, 2, 9, 10, 19, 31
14: 0, 2, 8, 11, 20, 31, 51, 52
15: 0, 2, 7, 12, 20, 30, 50, 52
16: 0, 2, 7, 14, 21, 30, 37, 38, 45, 46, 50, 52
17: 0, 2, 6, 16, 21, 30, 34, 39, 45, 47, 49, 52
18: 0, 3, 5, 19, 22, 39, 43, 52
19: 0, 3, 4, 40, 42, 52
20: 0, 52
21: 0, 52
22: 0, 8, 9, 52
23: 0, 7, 9, 37, 42, 52
24: 0, 1, 2, 6, 10, 16, 17, 35, 45, 52
25: 0, 1, 11, 12, 17, 31, 33, 35, 47, 52
26: 17, 29, 34, 35, 48, 52
27: 17, 28, 34, 35, 49, 52
28: 16, 27, 50, 52
29: 16, 26, 51, 52
30: 15, 26, 51, 52
31: 16, 25, 51, 52
32: 17, 25, 50, 52
33: 19, 25, 49, 52
34: 18, 24, 47, 52
35: 17, 24, 46, 52
36: 16, 24, 44, 52
37: 14, 24, 43, 52
38: 15, 26, 27, 28, 42, 52
