0: 0, 12
1: 0, 11
2: 0, 12
3: 0, 11
4: 0, 11
5: 0, 12
6: 0, 11
7: 0, 12
8: 0, 11
9: 0, 11
10: 0, 12
11: 0, 11
12: 0, 12, 33, 35, 43, 44
13: 0, 11, 31, 32, 33, 35, 38, 46
14: 0, 11, 24, 25, 29, 46
15: 0, 12, 19, 46
16: 0, 11, 18, 21, 22, 23, 28, 29, 30, 45
17: 0, 12, 29, 30, 31, 39, 42, 43
18: 0, 11, 30, 31, 32, 35
19: 0, 11, 30, 36
20: 0, 12, 30, 33
21: 0, 11, 30, 36
22: 0, 12, 29, 35
23: 0, 11, 27, 34
24: 0, 11, 26, 32, 33, 34
25: 0, 12, 29, 33
26: 0, 11, 30, 31
27: 0, 12
28: 0, 11
29: 0, 11
30: 0, 12
31: 0, 11
32: 0, 12
33: 0, 11
34: 0, 11
35: 0, 12
36: 0, 11
37: 0, 12
38: 0, 11
