0: 19, 33
1: 19, 32
2: 20, 32
3: 6, 7, 8, 9, 10, 11, 20, 32, 41, 42, 43, 44, 45, 46
4: 5, 14, 21, 31, 37, 47
5: 4, 17, 21, 31, 34, 48
6: 3, 19, 21, 31, 32, 49
7: 9, 10, 14, 20, 21, 31, 32, 38, 40, 43, 47, 48
8: 7, 9, 17, 20, 21, 34, 42, 44
9: 17, 34
10: 11, 12, 15, 16, 18, 34
11: 11, 12, 15, 16, 18, 34, 35, 37, 40, 41
12: 11, 12, 15, 16, 18, 33, 35, 37, 40, 41
13: 2, 3, 7, 8, 10, 12, 14, 17, 18, 33, 35, 37, 40, 41, 49, 50
14: 2, 3, 6, 7, 10, 12, 15, 17, 18, 33, 35, 37, 39, 42, 44, 45, 49, 50
15: 2, 4, 6, 8, 10, 13, 14, 17, 18, 33, 34, 38, 39, 42, 44, 46, 48, 50
16: 2, 4, 6, 8, 10, 13, 14, 17, 18, 33, 35, 37, 39, 42, 44, 46, 48, 50
17: 1, 4, 6, 8, 10, 12, 15, 17, 18, 34, 35, 37, 40, 42, 44, 46, 48, 50
18: 1, 4, 5, 9, 11, 19, 20, 32, 33, 41, 43, 46, 47, 51
19: 0, 1, 2, 4, 6, 8, 10, 12, 20, 31, 35, 36, 38, 39, 40, 42, 44, 46, 48, 50
20: 0, 4, 6, 10, 22, 30, 34, 36, 41, 45, 48, 52
21: 1, 3, 5, 9, 24, 28, 34, 36, 43, 46, 49, 52
22: 2, 7, 24, 27, 33, 37, 44, 50
23: 4, 5, 21, 30, 33, 37, 46, 49
24: 21, 31, 33, 37
25: 20, 32, 33, 37
26: 20, 32, 33, 37
27: 18, 32, 33, 36
28: 18, 36
29: 19, 37
30: 19, 37
31: 20, 37
32: 19, 36
33: 19, 35
34: 20, 32, 33, 34
35: 20, 31
36: 21, 31
37: 
38: 
