0: 
1: 
2: 
3: 
4: 
5: 
6: 
7: 
8: 
9: 
10: 21, 23
11: 20, 24
12: 19, 25
13: 19, 24, 46, 47, 48, 52
14: 18, 23, 40, 41, 42, 52
15: 2, 3, 4, 5, 6, 8, 9, 10, 11, 16, 17, 24, 36, 52
16: 0, 23, 34, 52
17: 0, 23, 31, 52
18: 0, 52
19: 0, 52
20: 0, 52
21: 0, 52
22: 0, 52
23: 0, 52
24: 0, 52
25: 0, 52
26: 0, 52
27: 0, 52
28: 0, 52
29: 0, 52
30: 1, 31, 32, 38, 39, 52
31: 2, 30, 31, 32, 34, 39, 41, 42, 43, 52
32: 0, 28, 36, 39, 47, 48, 49, 52
33: 0, 30, 33, 34, 38, 39
34: 0, 28, 35, 36
35: 0, 28, 37, 41, 42, 43
36: 0, 29, 41, 44
37: 0, 28, 29, 30
38: 0, 29
