0: 29, 42
1: 28, 42
2: 29, 41
3: 29, 41
4: 10, 11, 29, 40
5: 13, 14, 29, 40
6: 30, 40
7: 4, 5, 30, 39
8: 16, 17, 20, 21, 25, 26, 30, 39
9: 31, 39
10: 8, 9, 31, 40
11: 4, 5, 31, 40
12: 10, 11, 28, 29, 31, 39
13: 12, 13, 32, 40
14: 2, 3, 6, 7, 16, 17, 31, 39
15: 19, 20, 32, 39
16: 8, 9, 22, 23, 32, 39
17: 3, 4, 11, 12, 31, 39
18: 5, 6, 13, 14, 30, 39
19: 1, 2, 9, 10, 15, 16, 18, 19, 30, 39
20: 4, 5, 7, 8, 28, 29, 30, 38
21: 1, 2, 3, 4, 5, 6, 11, 12, 22, 23, 24, 38
22: 7, 8, 9, 10, 13, 14, 17, 18, 19, 37
23: 0, 7, 10, 11, 17, 20, 28, 29, 32, 38
24: 0, 10, 12, 13, 14, 15, 26, 27, 31, 37
25: 0, 12, 31, 37
26: 0, 12, 13, 14, 15, 16, 17, 18, 20, 21, 23, 24, 31, 36
27: 0, 14, 29, 37
28: 0, 14, 15, 16, 30, 36
29: 0, 15, 16, 17, 18, 19, 21, 22, 25, 26, 30, 35
30: 0, 16, 29, 34
31: 0, 17, 18, 19, 30, 31, 35, 36
32: 0, 16, 20, 21, 23, 24, 27, 28
33: 0, 17, 18, 19
34: 0, 18, 29, 30
35: 0, 17, 20, 21, 25, 26
36: 0, 17, 18, 19, 22, 23
37: 0, 18, 19, 20
38: 0, 17
