0: 41, 52
1: 41, 52
2: 40, 52
3: 5, 6, 20, 21, 41, 52
4: 13, 14, 40, 52
5: 41, 52
6: 7, 8, 41, 51
7: 41, 50
8: 41, 50
9: 3, 4, 40, 49
10: 8, 9, 12, 13, 23, 24, 40, 49
11: 14, 15, 18, 19, 37, 38, 40, 48
12: 40, 48
13: 3, 4, 6, 7, 29, 30, 41, 48
14: 10, 11, 41, 48, 51, 52
15: 12, 13, 17, 18, 42, 46, 47, 48, 51, 52
16: 2, 3, 6, 7, 21, 22, 41, 48, 50, 52
17: 9, 10, 24, 25, 42, 48, 49, 52
18: 3, 4, 13, 14, 40, 47, 48, 52
19: 6, 7, 15, 16, 32, 33, 40, 52
20: 2, 3, 8, 9, 11, 12, 18, 19, 27, 28, 41, 52
21: 1, 2, 3, 5, 6, 7, 20, 21, 41, 51
22: 7, 8, 9, 10, 12, 13, 15, 16, 22, 23, 42, 50
23: 0, 7, 10, 11, 42, 49
24: 0, 10, 12, 13, 14, 15, 17, 18, 41, 49
25: 0, 12, 19, 20, 25, 26, 39, 48
26: 0, 12, 13, 14, 15, 16, 21, 22, 27, 28, 31, 32, 39, 47
27: 0, 14, 17, 18, 39, 46
28: 0, 14, 15, 16, 35, 36, 38, 45
29: 0, 15, 16, 17, 18, 19, 21, 22, 24, 25, 37, 45
30: 0, 16
31: 0, 16, 17, 18, 19, 20, 26, 27
32: 0, 17, 23, 24, 29, 30
33: 0, 17, 18, 19, 20, 21, 31, 32
34: 0, 17
35: 0, 17, 18, 19, 24, 25, 27, 28
36: 0, 18, 19, 20, 21, 22
37: 0, 17
38: 0, 17, 18, 19
