0: 0, 52
1: 0, 52
2: 0, 52
3: 0, 52
4: 0, 52
5: 0, 52
6: 0, 52
7: 0, 52
8: 0, 52
9: 0, 27, 28, 52
10: 0, 25, 31, 52
11: 0, 24, 33, 52
12: 0, 23, 34, 52
13: 0, 22, 35, 52
14: 0, 22, 35, 52
15: 0, 21, 36, 52
16: 0, 22, 36, 52
17: 0, 21, 36, 52
18: 0, 21, 37, 52
19: 0, 21, 36, 52
20: 0, 22, 36, 52
21: 0, 22, 35, 52
22: 0, 23, 34, 52
23: 0, 24, 33, 52
24: 0, 26, 32, 52
25: 0, 52
26: 0, 52
27: 0, 52
28: 0, 52
29: 0, 52
30: 0, 52
31: 0, 52
32: 0, 52
33: 0, 52
34: 0, 23, 24, 52
35: 0, 52
36: 0, 38, 39, 40, 41, 42, 43, 44
37: 0, 22, 23, 24
38: 0, 14, 15, 16
