0: 10, 22, 31, 47
1: 10, 22, 31, 47
2: 11, 21, 31, 46
3: 11, 21, 31, 45
4: 12, 21, 30, 31, 32, 45
5: 12, 20, 21, 23, 29, 30, 31, 43
6: 13, 21, 22, 23, 28, 30, 31, 40
7: 14, 24, 29, 38
8: 14, 24, 28, 38
9: 15, 23, 28, 37
10: 14, 24, 28, 38
11: 15, 25, 27, 37
12: 14, 25, 27, 38
13: 14, 25, 26, 38
14: 15, 37
15: 14, 37
16: 15, 38
17: 15, 37
18: 14, 37
19: 15, 37
20: 14, 24, 28, 38
21: 15, 24, 28, 37
22: 14, 24, 28, 38
23: 14, 24, 28, 37
24: 15, 24, 28, 38
25: 14, 24, 28, 38
26: 14, 24, 28, 37
27: 14, 24, 28, 38
28: 15, 24, 28, 37
29: 16, 23, 29, 38
30: 16, 22, 29, 36, 37, 39
31: 15, 21, 29, 30, 38, 39
32: 14, 21, 28, 30, 38, 40
33: 16, 22, 29, 30, 37, 42
34: 15, 16, 17, 19, 28, 29, 39, 40
35: 14, 20, 29, 30, 39, 40
36: 13, 14, 15, 17, 18, 21
37: 15, 16, 18, 19, 21, 22
38: 14, 15, 18, 19
