0: 2, 7, 29, 43, 49, 51
1: 2, 6, 30, 43, 48, 51
2: 2, 6, 30, 43, 48, 50
3: 1, 6, 31, 42, 48, 50
4: 1, 6, 31, 42, 47, 49
5: 1, 6, 32, 42, 47, 49
6: 1, 6, 33, 41, 46, 49
7: 0, 6, 34, 41, 46, 48
8: 0, 6, 31, 32, 34, 41, 43, 44, 45, 47
9: 0, 6, 30, 33, 34, 50
10: 0, 6, 30, 50
11: 0, 6, 30, 50
12: 0, 7, 31, 49
13: 0, 6, 31, 48
14: 0, 7, 32, 48
15: 0, 7, 32, 47
16: 0, 7, 32, 47
17: 0, 8, 33, 46
18: 1, 7, 33, 45
19: 0, 8, 33, 47
20: 1, 8, 32, 48
21: 1, 8, 30, 34, 35, 47
22: 1, 8, 28, 33, 35, 47
23: 1, 9, 26, 31, 35, 45
24: 2, 9, 24, 29, 35, 46
25: 2, 14, 20, 27, 35, 47
26: 2, 25, 35, 47
27: 2, 12, 13, 21, 36, 47, 49, 50
28: 1, 8, 36, 49
29: 0, 4, 35, 36, 37, 47
30: 1, 3, 37, 48
31: 2, 4, 38, 48
32: 39, 46
33: 
34: 
35: 
36: 
37: 
38: 
