0: 8, 16, 18, 33, 34, 44
1: 6, 16, 18, 33, 34, 45
2: 5, 15, 18, 33, 35, 46
3: 5, 14, 18, 33, 36, 46
4: 4, 12, 13, 14, 18, 33, 36, 37, 39, 47
5: 4, 11, 19, 33, 36, 37, 38, 40, 41, 47
6: 4, 9, 10, 11, 18, 32, 35, 37, 41, 42
7: 4, 5, 8, 9, 10, 11, 12, 13, 16, 17, 19, 33, 34, 39, 40, 41, 42, 43, 44, 45
8: 5, 6, 7, 16, 18, 33, 34, 43
9: 6, 33, 34, 45
10: 5, 46
11: 5, 46
12: 1, 2, 3, 47, 48, 49
13: 4, 47
14: 1, 2, 3, 48
15: 2, 48
16: 2, 3, 4, 48
17: 1, 2, 3, 24, 25, 49, 51, 52
18: 0, 1, 3, 26, 27, 29, 30, 48, 49, 50
19: 2, 24, 25, 28, 29, 49, 50, 51
20: 1, 23, 24, 25, 26, 28, 29, 30, 31, 49
21: 1, 2, 3, 24, 25, 28, 29, 30, 31, 47, 48, 49
22: 1, 23, 24, 28, 29, 30, 31, 49
23: 0, 25, 26, 27, 28, 29, 30, 31, 32, 48
24: 1, 24, 25, 26, 27, 28, 30, 48, 49, 50
25: 0, 25, 26, 28, 29, 49
26: 1, 25, 26, 27, 29, 30, 31, 51
27: 0, 25, 26, 29, 30, 50
28: 1, 24, 25, 26, 30, 49, 50, 52
29: 1, 24, 25, 26, 27, 28, 29, 50
30: 2, 23, 24, 25, 29, 30, 31, 49, 51, 52
31: 1, 2, 3, 8, 9, 23, 24, 25, 27, 48, 49, 50
32: 3, 24, 26, 27, 28, 47, 48, 49, 50, 51
33: 2, 7, 8, 23, 24, 25, 26, 47, 48, 49, 51, 52
34: 2, 3, 4, 6, 7, 22, 23, 24, 25, 26, 27, 31, 32, 48, 50, 51
35: 1, 2, 3, 6, 7, 8, 9, 23, 24, 25, 26, 45, 46, 47
36: 1, 2, 3, 6, 7, 8, 9, 21, 22, 24, 25, 47, 48, 49, 51, 52
37: 1, 3, 4, 6, 7, 8, 9, 22, 23, 24, 25, 30, 31, 46, 47, 48, 50, 51
38: 0, 1, 2, 4, 5, 6, 8, 21, 22, 23, 24, 25, 26, 46, 47, 48
