0: 21, 22, 23, 36, 37, 38
1: 17, 18, 22, 36
2: 13, 14, 15, 17, 22, 37
3: 10, 11, 12, 17, 21, 36
4: 8, 18, 20, 37
5: 7, 18, 19, 20, 21, 37
6: 7, 19, 20, 38
7: 6, 19, 20, 38
8: 7, 38
9: 7, 39
10: 7, 39
11: 7, 40
12: 7, 40
13: 7, 41
14: 8, 41
15: 8, 42
16: 9, 25, 26, 42
17: 8, 24, 27, 42
18: 9, 23, 28, 43
19: 9, 23, 29, 44
20: 9, 24, 30, 43
21: 10, 25, 31, 44
22: 10, 25, 32, 44
23: 10, 26, 32, 44, 45, 46
24: 11, 28, 33, 43, 44, 45, 46, 47
25: 11, 28, 33, 43, 45, 46, 47, 48
26: 11, 28, 35, 41, 46, 47, 48, 49
27: 12, 29, 35, 39, 40, 41, 46, 48, 50, 51
28: 12, 29, 35, 36, 46, 48, 49, 50, 51, 52
29: 13, 29, 35, 37, 46, 51
30: 13, 28, 35, 36, 45, 46, 47, 48, 49, 51
31: 13, 27, 35, 36, 46, 47, 48, 49
32: 14, 27, 35, 36, 49, 50
33: 15, 26, 36, 37
34: 16, 25, 35, 36
35: 17, 25, 36, 37
36: 16, 17, 18, 27
37: 14, 26
38: 15, 22
