0: 19, 35
1: 19, 34
2: 20, 35
3: 20, 32, 33, 34
4: 20, 34
5: 7, 13, 21, 34
6: 11, 16, 21, 31, 32, 34
7: 11, 17, 21, 34
8: 15, 19, 22, 30, 31, 33
9: 16, 20, 22, 33
10: 17, 21, 22, 32
11: 19, 21, 22, 33
12: 1, 2, 19, 34, 39, 40
13: 1, 2, 13, 14, 18, 32, 33, 34, 38, 40, 51, 52
14: 0, 2, 4, 5, 12, 14, 17, 19, 20, 32, 33, 35, 38, 40, 44, 45, 48, 49, 50, 52
15: 0, 3, 4, 6, 8, 9, 12, 14, 16, 32, 33, 35, 37, 40, 43, 45, 47, 49, 50, 52
16: 0, 2, 4, 6, 8, 9, 12, 14, 17, 19, 20, 32, 33, 35, 38, 40, 42, 44, 46, 48, 49, 52
17: 0, 3, 4, 6, 7, 10, 13, 15, 16, 18, 19, 32, 33, 36, 38, 40, 42, 44, 46, 48, 49, 52
18: 2, 6, 8, 10, 11, 14, 15, 16, 17, 35, 36, 39, 42, 44, 45, 50
19: 4, 5, 8, 11, 21, 31, 39, 41, 42, 43, 46, 49
20: 4, 6, 7, 10, 22, 31, 33, 34, 41, 44, 46, 47
21: 6, 8, 22, 29, 33, 34, 43, 46
22: 24, 27, 28, 29, 32, 35
23: 22, 23, 24, 28, 32, 35
24: 22, 30, 32, 35
25: 21, 35
26: 20, 31, 32, 35
27: 19, 31, 32, 34
28: 20, 35
29: 21, 35
30: 20, 35
31: 20, 35
32: 20, 34
33: 21, 31, 32, 33
34: 21, 30
35: 24, 25, 27, 28
36: 
37: 
38: 
