0: 2, 10, 25, 52
1: 1, 10, 25, 52
2: 1, 10, 25, 52
3: 2, 11, 25, 52
4: 5, 11, 24, 52
5: 6, 12, 25, 52
6: 7, 12, 24, 52
7: 7, 13, 24, 52
8: 7, 14, 24, 52
9: 5, 14, 24, 52
10: 4, 15, 24, 52
11: 3, 15, 24, 52
12: 3, 16, 23, 52
13: 3, 17, 23, 52
14: 2, 16, 24, 52
15: 2, 16, 24, 52
16: 2, 16, 23, 52
17: 0, 7, 10, 13, 14, 15, 23, 52
18: 1, 6, 11, 12, 23, 52
19: 1, 6, 23, 52
20: 1, 5, 23, 52
21: 1, 3, 22, 52
22: 1, 2, 8, 10, 22, 52
23: 10, 12, 22, 52
24: 6, 10, 14, 15, 22, 52
25: 4, 13, 22, 52
26: 3, 15, 22, 52
27: 2, 14, 23, 52
28: 5, 14, 23, 25, 26, 27, 28, 52
29: 5, 13, 23, 24, 25, 26, 27, 52
30: 5, 13, 22, 25, 26, 52
31: 0, 1, 5, 14, 23, 52
32: 0, 13, 22, 52
33: 0, 13, 22, 52
34: 0, 14, 15, 16, 20, 52
35: 0, 16, 20, 52
36: 0, 18, 20, 52
37: 0, 19, 20, 52
38: 0, 52
