0: 32, 52
1: 32, 52
2: 32, 52
3: 31, 51
4: 31, 50
5: 31, 50, 51, 52
6: 32, 52
7: 31, 52
8: 31, 52
9: 27, 52
10: 25, 52
11: 24, 33, 34, 52
12: 24, 32, 34, 52
13: 23, 33, 34, 52
14: 24, 33, 34, 52
15: 24, 52
16: 25, 52
17: 26, 52
18: 27, 52
19: 28, 52
20: 25, 26, 27, 52
21: 24, 52
22: 24, 52
23: 22, 52
24: 20, 52
25: 19, 52
26: 16, 52
27: 15, 48, 49, 50
28: 14, 46
29: 12, 46
30: 10, 46, 51, 52
31: 10, 46, 50, 52
32: 10, 46, 47, 52
33: 10, 13, 16, 22, 26, 52
34: 15, 22, 28, 52
35: 15, 22, 29, 51
36: 14, 23, 30, 50
37: 14, 24, 30, 49
38: 14, 24, 32, 48
