0: 15, 28, 42, 52
1: 14, 28, 41, 52
2: 14, 27, 41, 52
3: 16, 23, 26, 27, 41, 52
4: 17, 24, 40, 52
5: 16, 24, 40, 52
6: 0, 1, 14, 23, 40, 52
7: 13, 22, 39, 52
8: 0, 1, 13, 21, 39, 52
9: 0, 1, 12, 13, 14, 21, 38, 52
10: 11, 13, 14, 21, 38, 42, 43, 45, 46, 52
11: 11, 13, 14, 20, 46, 48, 49, 52
12: 12, 13, 15, 20, 47, 52
13: 12, 14, 15, 20, 46, 52
14: 13, 18, 45, 52
15: 0, 1, 15, 18, 44, 52
16: 0, 1, 17, 18, 43, 52
17: 42, 52
18: 41, 52
19: 3, 4, 40, 52
20: 2, 4, 38, 52
21: 2, 4, 38, 52
22: 1, 5, 36, 52
23: 2, 3, 4, 6, 13, 15, 35, 52
24: 0, 2, 3, 8, 15, 16, 26, 27, 28, 29, 33, 52
25: 0, 6, 15, 16, 17, 18, 22, 52
26: 0, 5, 17, 18, 20, 52
27: 0, 5, 16, 18, 19, 52
28: 0, 5, 16, 52
29: 0, 3, 16, 52
30: 0, 3, 16, 52
31: 0, 2, 15, 52
32: 0, 2, 15, 52
33: 0, 3, 15, 52
34: 0, 3, 14, 52
35: 0, 4, 13, 52
36: 0, 5, 12, 52
37: 0, 5, 11, 52
38: 0, 6, 10, 52
