0: 20, 32
1: 20, 32
2: 20, 32
3: 20, 32
4: 21, 33
5: 20, 34
6: 21, 34
7: 21, 34
8: 21, 30, 32, 34
9: 21, 30, 31, 34
10: 22, 34
11: 21, 34
12: 22, 34
13: 17, 20, 22, 33
14: 14, 21, 22, 33
15: 11, 12, 13, 33
16: 8, 17, 19, 33
17: 10, 13, 14, 15, 19, 33, 34, 35
18: 10, 13, 19, 34
19: 10, 14, 20, 34
20: 9, 14, 20, 33
21: 10, 13, 21, 33
22: 11, 12, 22, 32
23: 22, 32
24: 23, 31
25: 23, 32
26: 23, 31
27: 22, 31
28: 21, 31
29: 20, 31
30: 20, 30
31: 20, 30
32: 21, 29
33: 21, 29, 30, 31
34: 20, 31
35: 21, 22, 25, 30
36: 26, 30
37: 28, 29
38: 
