0: 26, 45
1: 27, 45
2: 27, 44
3: 22, 24, 27, 44
4: 22, 25, 27, 44
5: 23, 26, 28, 43
6: 23, 26, 27, 43
7: 24, 43
8: 2, 4, 25, 43
9: 1, 5, 26, 42
10: 1, 6, 26, 42
11: 0, 7, 27, 42
12: 0, 8, 20, 42
13: 0, 9, 18, 42
14: 0, 9, 10, 12, 16, 42
15: 0, 14, 15, 41
16: 0, 20, 27, 41, 48, 49, 50, 51
17: 0, 17, 26, 41, 47, 48
18: 0, 15, 27, 28, 29, 41, 46, 47, 51, 52
19: 0, 11, 12, 14, 28, 41, 45, 46, 50, 52
20: 0, 10, 28, 41, 45, 46, 47, 52
21: 0, 10, 28, 41, 45, 52
22: 0, 9, 27, 41, 42, 52
23: 0, 8, 26, 40, 43, 52
24: 0, 8, 25, 40, 41, 52
25: 1, 7, 25, 52
26: 1, 6, 25, 52
27: 2, 6, 24, 52
28: 3, 5, 24, 52
29: 25, 26, 27, 52
30: 26, 52
31: 27, 28, 29, 52
32: 29, 52
33: 23, 24, 26, 52
34: 22, 23, 25, 52
35: 21, 22, 26, 52
36: 21, 22, 25, 52
37: 20, 52
38: 18, 21, 22, 52
