0: 22, 34
1: 23, 35
2: 23, 34
3: 23, 35
4: 24, 35
5: 23, 34
6: 23, 35
7: 23, 34
8: 23, 35
9: 23, 34
10: 23, 35, 49, 50
11: 23, 34
12: 22, 35
13: 22, 34
14: 23, 35
15: 23, 34
16: 23, 34, 44, 45
17: 24, 34
18: 24, 34
19: 25, 34, 48, 49
20: 26, 34
21: 26, 34
22: 25, 34, 42, 43, 50, 51
23: 25, 34
24: 24, 34, 44, 45
25: 24, 34, 47, 48
26: 23, 34
27: 22, 34, 40, 41, 50, 51
28: 23, 34, 45, 46
29: 23, 33
30: 24, 33, 42, 43, 47, 48, 50, 51
31: 25, 31, 36, 37
32: 29, 30
33: 44, 45, 47, 48
34: 39, 40, 49, 50
35: 41, 42
36: 45, 46, 48, 49, 51, 52
37: 
38: 
