0: 30, 52
1: 29, 52
2: 17, 18, 29, 52
3: 17, 18, 29, 52
4: 17, 18, 28, 34, 35, 52
5: 17, 18, 28, 32, 35, 52
6: 17, 19, 27, 31, 34, 52
7: 18, 19, 27, 30, 32, 52
8: 18, 19, 27, 29, 32, 52
9: 15, 16, 18, 19, 31, 52
10: 16, 17, 19, 20, 30, 52
11: 17, 18, 19, 20, 29, 52
12: 17, 18, 20, 21, 29, 52
13: 17, 19, 29, 30, 31, 52
14: 17, 20, 30, 52
15: 17, 21, 33, 52
16: 17, 20, 34, 52
17: 17, 21, 28, 29, 30, 31, 34, 52
18: 17, 21, 27, 31, 33, 52
19: 17, 20, 26, 27, 29, 32, 34, 52
20: 17, 20, 27, 28, 29, 52
21: 17, 18, 27, 29, 30, 52
22: 28, 52
23: 17, 18, 27, 28, 30, 52
24: 17, 18, 28, 52
25: 26, 52
26: 17, 19, 26, 52
27: 17, 18, 25, 52
28: 17, 23, 25, 52
29: 17, 52
30: 17, 52
31: 17, 52
32: 17, 52
33: 17, 52
34: 17, 52
35: 17, 52
36: 17, 52
37: 17, 52
38: 17, 52
