0: 8, 23, 26, 52
1: 8, 21, 28, 52
2: 7, 21, 28, 52
3: 8, 20, 29, 52
4: 8, 20, 29, 52
5: 7, 20, 29, 52
6: 8, 21, 28, 52
7: 8, 21, 28, 52
8: 8, 23, 24, 25, 26, 52
9: 9, 52
10: 9, 52
11: 10, 52
12: 10, 52
13: 11, 52
14: 12, 52
15: 13, 52
16: 14, 52
17: 16, 52
18: 18, 52
19: 21, 22, 23, 24, 25, 26, 31, 32, 33, 52
20: 35, 52
21: 37, 52
22: 38, 52
23: 39, 52
24: 41, 52
25: 41, 52
26: 42, 52
27: 43, 52
28: 43, 52
29: 44, 52
30: 44, 52
31: 26, 28, 44, 52
32: 24, 30, 45, 52
33: 24, 30, 44, 52
34: 23, 31, 45, 52
35: 23, 31, 45, 52
36: 24, 31, 45, 52
37: 24, 30, 44, 52
38: 26, 29, 45, 52
