0: 
1: 
2: 
3: 
4: 
5: 14, 17
6: 13, 18, 48, 52
7: 12, 17, 41, 42, 43, 52
8: 12, 16, 35, 52
9: 3, 4, 5, 7, 8, 24, 31, 52
10: 0, 25, 27, 52
11: 0, 52
12: 0, 52
13: 0, 52
14: 0, 52
15: 0, 52
16: 0, 52
17: 0, 52
18: 0, 52
19: 0, 52
20: 0, 52
21: 0, 52
22: 0, 22, 23, 52
23: 0, 23, 28, 29, 30, 52
24: 0, 19, 20, 21, 32, 33, 34, 52
25: 0, 20, 37, 38, 39, 52
26: 0, 21, 44, 45
27: 0, 21
28: 0, 20
29: 0, 20
30: 0, 18
31: 0, 7, 8, 18
32: 0, 6, 8, 18
33: 0, 5, 8, 17
34: 0, 4, 9, 18
35: 0, 3, 9, 16
36: 0, 3, 10, 17
37: 0, 1, 11, 15
38: 0, 1, 12, 15
