0: 6, 9, 40, 46
1: 5, 9, 10, 11, 37, 45
2: 1, 14, 33, 45
3: 0, 14, 26, 27, 28, 48
4: 0, 15, 22, 23, 24, 52
5: 0, 15, 19, 52
6: 0, 16, 17, 51
7: 0, 50, 51, 52
8: 0, 52
9: 0, 52
10: 0, 52
11: 0, 52
12: 0, 51
13: 0, 51
14: 0, 48
15: 0, 47
16: 0, 47
17: 0, 13, 16, 47
18: 0, 14, 15, 22, 23, 45
19: 0, 12, 14, 22, 28, 29, 30, 41, 42, 43
20: 0, 9, 13, 17, 19, 20
21: 0, 7, 11, 16
22: 0, 5, 7, 15
23: 0, 13
24: 0, 11
25: 0, 10
26: 1, 10
27: 1, 10
28: 1, 10
29: 2, 9
30: 0, 1, 3, 9
31: 2, 9
32: 0, 8
33: 0, 5, 6, 7
34: 0, 4, 5, 6
35: 0, 5
36: 0, 5
37: 0, 4
38: 0, 3, 4, 5
