0: 34, 48
1: 35, 48
2: 35, 47, 51, 52
3: 36, 47
4: 36, 47, 51, 52
5: 19, 20, 37, 46, 50, 52
6: 37, 45, 48, 52
7: 37, 45, 47, 52
8: 36, 45, 46, 51
9: 36, 49
10: 37, 48
11: 36, 47
12: 1, 3, 15, 16, 36, 46
13: 15, 18, 36, 46
14: 18, 19, 35, 46
15: 11, 12, 18, 19, 35, 45
16: 0, 6, 7, 12, 14, 15, 17, 18, 35, 45
17: 0, 18, 31, 32, 33, 45
18: 0, 7, 8, 43
19: 0, 1, 2, 3, 11, 12, 13, 43
20: 15, 34, 35, 42, 43, 44
21: 36, 42, 49, 50
22: 35, 42
23: 34, 42
24: 34, 43
25: 32, 43
26: 32, 42
27: 32, 42
28: 32, 42
29: 33, 41
30: 33, 41
31: 35, 39
32: 
33: 
34: 
35: 
36: 
37: 
38: 
