0: 0, 27, 38, 52
1: 0, 28, 37, 52
2: 0, 28, 37, 48, 50, 52
3: 0, 27, 36, 47
4: 0, 25, 36, 47
5: 0, 25, 36, 46
6: 0, 24, 36, 45
7: 0, 23, 37, 44
8: 0, 23, 37, 43
9: 0, 22, 38, 39, 40, 41
10: 0, 21, 26, 27, 44, 45, 46, 47, 48, 51
11: 0, 16, 26, 28, 44, 52
12: 0, 14, 25, 28, 44, 52
13: 0, 14, 24, 29, 40, 41, 45, 52
14: 0, 14, 23, 29, 40, 42, 46, 47, 49, 52
15: 0, 13, 21, 30, 40, 43, 50, 52
16: 0, 15, 16, 17, 18, 31, 40, 43, 50, 52
17: 0, 32, 39, 43, 48, 52
18: 0, 33, 38, 43, 47, 52
19: 0, 34, 39, 44, 47, 52
20: 0, 31, 33, 34, 41, 44, 46, 52
21: 0, 30, 42, 44, 46, 52
22: 0, 30, 44, 52
23: 0, 30, 43, 52
24: 0, 28, 43, 44, 45, 52
25: 0, 27, 45, 52
26: 0, 24, 44, 52
27: 0, 24, 43, 52
28: 0, 26, 43, 52
29: 0, 27, 43, 52
30: 0, 28, 43, 52
31: 0, 27, 44, 52
32: 0, 28, 45, 52
33: 0, 28, 45, 52
34: 0, 29, 42, 52
35: 0, 30, 43, 52
36: 0, 32, 44, 52
37: 0, 35, 44, 52
38: 0, 37, 43, 52
