0: 36, 50
1: 36, 49
2: 36, 49
3: 5, 6, 36, 48
4: 36, 48
5: 25, 26, 36, 47
6: 7, 8, 12, 13, 37, 46
7: 37, 46
8: 37, 46
9: 3, 4, 16, 17, 28, 29, 38, 47
10: 8, 9, 35, 46
11: 12, 13, 36, 37, 38, 46
12: 19, 20, 36, 46, 50, 51
13: 3, 4, 6, 7, 33, 34, 37, 46, 48, 50
14: 10, 11, 15, 16, 37, 43, 44, 45, 46, 50
15: 21, 22, 38, 45, 46, 49
16: 2, 3, 6, 7, 38, 49
17: 9, 10, 12, 13, 17, 18, 23, 24, 27, 28, 38, 48
18: 3, 4, 37, 47
19: 6, 7, 14, 15, 37, 47
20: 2, 3, 8, 9, 11, 12, 18, 19, 37, 47
21: 1, 2, 3, 5, 6, 7, 20, 21, 38, 46
22: 7, 8, 9, 10, 12, 13, 15, 16, 23, 24, 27, 28, 31, 32, 39, 45
23: 0, 7, 10, 11, 39, 45
24: 0, 10, 12, 13, 14, 15, 17, 18, 38, 45
25: 0, 12, 19, 20, 36, 44
26: 0, 12, 13, 14, 15, 16, 21, 22, 36, 43
27: 0, 14, 17, 18, 24, 25, 36, 43
28: 0, 14, 15, 16, 26, 27, 35, 42
29: 0, 15, 16, 17, 18, 19, 21, 22, 29, 30, 34, 41
30: 0, 16, 31, 32, 39, 40
31: 0, 16, 17, 18, 19, 20, 23, 24
32: 0, 17, 26, 27, 34, 35
33: 0, 17, 18, 19, 20, 21
34: 0, 17, 23, 24, 29, 30
35: 0, 17, 18, 19
36: 0, 18, 19, 20, 21, 22, 25, 26
37: 0, 17
38: 0, 17, 18, 19
