0: 20, 30, 48, 50
1: 20, 29, 47, 50
2: 21, 30, 46, 49
3: 21, 29, 46, 48
4: 22, 29, 45, 48
5: 22, 29, 36, 40, 44, 47
6: 22, 40, 43, 46
7: 22, 40, 42, 45
8: 22, 44
9: 21, 34, 35, 43
10: 22, 35, 38, 43
11: 21, 34, 37, 42
12: 21, 34, 35, 41
13: 21, 38
14: 21, 37
15: 21, 35
16: 20, 35
17: 20, 33
18: 20, 29
19: 0, 2, 18, 27
20: 0, 4, 13, 14, 15, 27
21: 0, 28
22: 3, 28
23: 8, 9, 16, 28
24: 17, 29
25: 18, 30
26: 16, 29
27: 16, 29
28: 17, 30
29: 18, 30
30: 17, 30
31: 18, 29
32: 18, 30
33: 19, 31
34: 20, 27, 29, 31
35: 22, 26
36: 
37: 
38: 
