0: 0, 16, 25, 28, 34, 52
1: 0, 16, 25, 28, 36, 52
2: 0, 16, 25, 27, 37, 52
3: 0, 17, 25, 27, 37, 52
4: 0, 17, 25, 26, 37, 52
5: 0, 17, 25, 26, 37, 52
6: 0, 17, 37, 52
7: 0, 17, 36, 52
8: 0, 18, 36, 52
9: 0, 17, 36, 52
10: 0, 18, 35, 52
11: 0, 18, 35, 52
12: 0, 18, 35, 52
13: 0, 18, 27, 29, 36, 52
14: 0, 17, 26, 31, 33, 34, 37, 52
15: 0, 18, 26, 33, 37, 52
16: 0, 18, 24, 33, 38, 52
17: 0, 17, 24, 33, 37, 52
18: 0, 17, 24, 35, 36, 52
19: 0, 15, 24, 52
20: 0, 16, 21, 22, 24, 52
21: 0, 15, 24, 52
22: 0, 15, 25, 52
23: 0, 16, 25, 52
24: 0, 15, 27, 52
25: 0, 16, 27, 52
26: 0, 16, 27, 52
27: 0, 16, 27, 52
28: 0, 16, 27, 52
29: 0, 17, 26, 52
30: 0, 17, 25, 52
31: 0, 18, 25, 52
32: 0, 23, 24, 52
33: 0, 52
34: 0, 52
35: 0, 52
36: 0, 52
37: 0, 52
38: 0, 52
