0: 1, 7, 50, 52
1: 1, 7, 51, 52
2: 0, 7, 20, 24, 25, 26
3: 0, 6, 7, 8, 19, 25
4: 0, 7, 19, 25, 26, 27
5: 0, 7, 18, 26
6: 0, 6, 19, 26
7: 0, 7, 19, 25
8: 0, 8, 20, 24
9: 0, 7
10: 0, 8
11: 0, 8
12: 0, 9
13: 0, 9, 10, 11
14: 0, 10
15: 0, 11
16: 0, 12
17: 0, 13, 14, 15
18: 0, 15
19: 0, 18, 26, 27, 28, 30, 31, 32
20: 0, 35
21: 0, 37
22: 0, 38
23: 0, 40
24: 0, 40, 41, 42
25: 0, 41
26: 0, 43
27: 0, 42
28: 0, 44
29: 0, 29, 30, 43
30: 0, 27, 32, 44
31: 0, 26, 33, 45
32: 0, 25, 34, 44
33: 0, 26, 33, 44, 45, 46
34: 0, 25, 34, 45
35: 0, 26, 33, 44
36: 0, 26, 33, 45
37: 1, 28, 29, 30, 31, 44, 51, 52
38: 1, 44, 51, 52
