0: 0, 34
1: 0, 33
2: 0, 31
3: 0, 28, 51, 52
4: 0, 21, 22, 28, 45, 46, 47, 48, 49, 50, 51, 52
5: 0, 21, 24, 26, 43, 44, 46, 47, 48, 52
6: 0, 23, 40, 41, 42, 43, 44, 52
7: 0, 19, 35, 36, 37, 38, 39, 40, 41, 52
8: 0, 19, 34, 35, 36, 37, 38, 52
9: 0, 22, 33, 52
10: 0, 18, 31, 52
11: 0, 18, 23, 24, 29, 52
12: 0, 19, 20, 22, 28, 52
13: 0, 18, 19, 20, 25, 26, 27, 52
14: 0, 20, 23, 24, 25, 52
15: 0, 20, 22, 23, 24, 52
16: 0, 19, 20, 52
17: 0, 52
18: 0, 52
19: 0, 52
20: 0, 52
21: 0, 52
22: 0, 52
23: 0, 52
24: 0, 52
25: 0, 52
26: 0, 52
27: 0, 52
28: 0, 52
29: 0, 52
30: 0, 52
31: 0, 52
32: 0, 52
33: 0, 52
34: 0, 52
35: 0, 52
36: 0, 52
37: 0, 52
38: 0, 52
