0: 
1: 
2: 
3: 
4: 31, 37
5: 28, 38
6: 23, 39
7: 20, 41
8: 18, 42
9: 7, 8, 9, 10, 11, 12, 16, 43
10: 0, 44
11: 0, 45
12: 0, 47
13: 0, 47
14: 0, 48
15: 0, 49
16: 0, 50
17: 0, 51
18: 0, 10, 11, 52
19: 1, 2, 18, 19, 20, 52
20: 25, 26, 27, 52
21: 29, 32, 33, 52
22: 29, 35, 36, 52
23: 23, 35, 40, 52
24: 24, 35, 44, 52
25: 21, 22, 24, 35, 47, 52
26: 20, 21, 24, 36, 51, 52
27: 20, 21, 25, 36
28: 19, 21, 26, 35
29: 20, 21, 27, 35
30: 20, 22, 27, 35
31: 19, 21, 28, 35
32: 19, 21, 29, 34
33: 19, 21, 29, 33
34: 19, 21, 29, 33
35: 19, 21, 29, 33
36: 19, 21, 29, 33
37: 19, 21, 29, 34
38: 19, 21, 29, 35
