0: 0, 30, 45, 52
1: 0, 30, 45, 52
2: 0, 31, 44, 52
3: 0, 31, 43, 52
4: 0, 31, 43, 52
5: 0, 32, 42, 52
6: 0, 32, 41, 52
7: 0, 32, 40, 41, 42, 43, 44, 52
8: 0, 32, 45, 52
9: 0, 32, 47, 52
10: 0, 27, 28, 31, 48, 52
11: 0, 25, 29, 30, 48, 52
12: 0, 22, 48, 52
13: 0, 20, 48, 52
14: 0, 19, 26, 27, 48, 52
15: 0, 20, 23, 28, 47, 52
16: 0, 20, 46, 52
17: 0, 19, 45, 52
18: 0, 16, 44, 52
19: 0, 15, 21, 26, 42, 52
20: 0, 14, 19, 31, 42, 52
21: 0, 13, 16, 29, 41, 52
22: 0, 12, 15, 28, 40, 52
23: 0, 11, 14, 27, 39, 52
24: 0, 11, 13, 27, 39, 52
25: 0, 26, 39, 52
26: 0, 26, 38, 52
27: 0, 26, 37, 52
28: 0, 25, 37, 52
29: 0, 25, 36, 52
30: 0, 27, 36, 52
31: 0, 27, 35, 52
32: 0, 28, 34, 52
33: 0, 52
34: 0, 52
35: 0, 52
36: 0, 52
37: 0, 52
38: 0, 52
