0: 0, 11
1: 0, 11
2: 0, 11
3: 0, 12
4: 0, 11
5: 0, 11
6: 0, 11
7: 0, 12
8: 0, 11
9: 0, 11, 35, 37, 43, 48
10: 0, 11, 36, 37, 40, 48
11: 0, 12, 33, 48
12: 0, 11, 32, 47
13: 0, 11, 26, 27, 28, 40, 41, 44, 45, 46
14: 0, 11, 23, 29, 31, 33, 34, 38, 39, 41
15: 0, 12, 21, 25, 33, 34, 35, 39
16: 0, 11, 33, 38
17: 0, 11, 33, 39
18: 0, 11, 33, 38
19: 0, 12, 33, 37
20: 0, 11, 33, 36, 38, 39
21: 0, 11, 32, 37
22: 0, 11, 31, 37
23: 0, 12, 31, 33
24: 0, 11
25: 0, 11
26: 0, 11
27: 0, 12
28: 0, 11
29: 0, 11
30: 0, 11
31: 0, 12
32: 0, 11
33: 0, 11
34: 0, 11
35: 0, 12
36: 0, 11
37: 0, 11
38: 0, 11
