0: 0, 13
1: 0, 13
2: 0, 13
3: 0, 13
4: 0, 13
5: 0, 13
6: 0, 13
7: 0, 13
8: 0, 13, 46, 48
9: 0, 13, 45, 50
10: 0, 13, 37, 39, 42, 50
11: 0, 13, 37, 40, 41, 49
12: 0, 13, 35, 49
13: 0, 13, 28, 29, 33, 46
14: 0, 13, 32, 40, 41, 43
15: 0, 13, 27, 28, 29, 41
16: 0, 13, 25, 30, 34, 35, 36, 40
17: 1, 13, 23, 27, 35, 40
18: 1, 13, 22, 24, 35, 39
19: 2, 13, 35, 39
20: 2, 13, 35, 39
21: 1, 13, 35, 38, 40, 41
22: 1, 13, 35, 40
23: 0, 13, 34, 39
24: 0, 13, 34, 36, 37, 38
25: 0, 13, 34, 35
26: 0, 13
27: 0, 13
28: 0, 13
29: 0, 13
30: 0, 13
31: 0, 13
32: 0, 13
33: 0, 13
34: 0, 13
35: 0, 13
36: 0, 13
37: 0, 13
38: 0, 13
