0: 0, 20, 35, 52
1: 0, 21, 34, 52
2: 0, 21, 34, 52
3: 0, 22, 34, 52
4: 0, 22, 34, 52
5: 0, 23, 33, 52
6: 0, 23, 33, 52
7: 0, 23, 33, 52
8: 0, 24, 33, 52
9: 0, 24, 32, 52
10: 0, 24, 32, 52
11: 0, 25, 31, 52
12: 0, 25, 31, 52
13: 0, 26, 32, 52
14: 0, 25, 32, 52
15: 0, 25, 32, 46, 51, 52
16: 0, 25, 32, 46
17: 0, 24, 32, 46
18: 0, 23, 31, 46
19: 0, 22, 32, 35, 36, 45, 49, 51
20: 0, 22, 37, 44, 50, 51
21: 0, 22, 38, 44, 50, 51
22: 0, 23, 37, 45, 49, 52
23: 0, 23, 37, 52
24: 0, 23, 30, 31, 36, 52
25: 0, 23, 29, 30, 32, 33, 36, 52
26: 0, 22, 30, 31, 35, 36, 37, 52
27: 0, 21, 30, 32, 37, 39, 40, 52
28: 0, 21, 29, 32, 41, 52
29: 0, 22, 29, 33, 35, 37, 41, 52
30: 0, 23, 29, 37, 40, 52
31: 0, 23, 25, 26, 28, 38, 40, 52
32: 0, 52
33: 0, 52
34: 0, 52
35: 0, 52
36: 0, 52
37: 0, 52
38: 0, 52
