0: 4, 8, 20, 31
1: 3, 8, 20, 31
2: 3, 8, 20, 30
3: 2, 8, 20, 31, 48, 50
4: 2, 7, 21, 31, 47, 50
5: 2, 7, 21, 30, 46, 50
6: 2, 7, 22, 31, 46, 48
7: 1, 7, 22, 30, 45, 47
8: 1, 7, 23, 30, 45, 47
9: 1, 7, 23, 30, 44, 46
10: 1, 6, 24, 30, 43, 45
11: 1, 7, 24, 30, 43, 45
12: 1, 6, 25, 30, 31, 32, 42, 44
13: 0, 7, 24, 38, 41, 43
14: 1, 6, 24, 38, 40, 42
15: 0, 6, 24, 33, 34, 41
16: 0, 7, 24, 34, 36, 40
17: 0, 6, 24, 34, 36, 40
18: 0, 6, 24, 34, 35, 39
19: 0, 7, 24, 30, 31, 36
20: 1, 6, 23, 35
21: 0, 8, 23, 33
22: 0, 11, 21, 30
23: 0, 1, 2, 3, 4, 5, 6, 7, 8, 13, 18, 19, 20, 28
24: 0, 1, 11, 29
25: 14, 15, 16, 17, 18, 19, 20, 29
26: 21, 29
27: 20, 21, 22, 30
28: 20, 30
29: 21, 31
30: 21, 30
31: 21, 30
32: 22, 31
33: 23, 28, 30, 31
34: 25, 26
35: 
36: 
37: 
38: 
