0: 8, 9, 11, 12, 15, 16, 23, 24, 26, 27, 28, 52
1: 8, 10, 11, 13, 17, 18, 19, 20, 21, 22, 25, 52
2: 8, 10, 11, 13, 16, 17, 18, 19, 23, 24, 25, 26, 27, 52
3: 6, 7, 8, 16, 21, 22, 24, 52
4: 5, 18, 19, 20, 22, 52
5: 2, 18, 22, 23, 24, 52
6: 2, 18, 20, 21, 22, 52
7: 3, 18, 21, 52
8: 3, 17, 19, 20, 21, 22, 23, 52
9: 4, 18, 21, 52
10: 4, 17, 20, 21, 22, 52
11: 5, 16, 18, 19, 20, 21, 22, 52
12: 6, 17, 19, 20, 21, 52
13: 6, 16, 18, 19, 20, 22, 23, 52
14: 4, 5, 7, 16, 17, 18, 19, 20, 21, 52
15: 4, 5, 6, 16, 18, 19, 20, 52
16: 4, 7, 8, 15, 16, 18, 19, 22, 23, 52
17: 3, 7, 8, 15, 16, 17, 18, 20, 21, 52
18: 0, 7, 8, 15, 16, 17, 18, 19, 20, 52
19: 0, 7, 8, 14, 16, 17, 18, 21, 22, 52
20: 1, 8, 9, 10, 11, 15, 18, 19, 20, 52
21: 1, 14, 15, 16, 17, 18, 19, 20, 21, 52
22: 2, 14, 15, 16, 18, 19, 20, 52
23: 3, 14, 17, 18, 19, 20, 21, 52
24: 3, 14, 16, 17, 19, 21, 22, 52
25: 3, 14, 18, 19, 20, 52
26: 4, 13, 15, 16, 18, 19, 20, 21, 22, 52
27: 4, 12, 18, 19, 20, 52
28: 4, 11, 17, 18, 19, 20, 21, 52
29: 4, 10, 19, 20, 21, 22, 23, 52
30: 3, 10, 17, 18, 19, 20, 21, 52
31: 4, 10, 20, 21, 22, 52
32: 2, 10, 18, 19, 20, 21, 22, 23, 24, 52
33: 3, 9, 20, 21, 22, 24, 25, 52
34: 2, 6, 19, 20, 22, 23, 24, 52
35: 1, 2, 4, 5, 21, 22, 23, 25, 26, 52
36: 20, 21, 24, 52
37: 22, 52
38: 22, 23, 24, 52
