0: 0, 14, 15, 16, 38, 52
1: 0, 14, 37, 39, 40, 52
2: 0, 14, 39, 52
3: 0, 13, 14, 15, 39, 52
4: 0, 14, 38, 52
5: 0, 14, 38, 52
6: 0, 14, 38, 52
7: 0, 13, 39, 52
8: 0, 12, 39, 40, 41, 52
9: 0, 12, 42, 52
10: 0, 12, 40, 41, 42, 52
11: 0, 11, 41, 52
12: 0, 12, 40, 52
13: 0, 11, 41, 52
14: 0, 11, 41, 52
15: 0, 11, 41, 52
16: 0, 11, 16, 18, 34, 35, 36, 37, 41, 52
17: 0, 19, 32, 52
18: 0, 20, 31, 52
19: 0, 23, 24, 25, 26, 27, 28, 52
20: 0, 52
21: 0, 52
22: 0, 52
23: 0, 52
24: 0, 52
25: 0, 52
26: 0, 52
27: 0, 52
28: 0, 52
29: 0, 52
30: 0, 52
31: 0, 52
32: 0, 52
33: 0, 52
34: 0, 52
35: 0, 52
36: 0, 52
37: 0, 52
38: 0, 52
