0: 5, 8, 17, 36
1: 5, 8, 19, 36
2: 5, 9, 19, 36
3: 5, 9, 20, 35
4: 5, 9, 21, 36
5: 4, 8, 22, 36
6: 3, 8, 23, 35
7: 3, 8, 24, 35
8: 3, 7, 24, 34
9: 2, 7, 25, 33
10: 2, 6, 26, 33
11: 2, 6, 26, 33
12: 1, 6, 26, 33
13: 1, 6, 24, 32
14: 1, 6, 23, 35
15: 1, 6, 22, 25, 26, 38
16: 1, 6, 23, 25, 26, 40
17: 1, 6, 23, 34, 36, 42
18: 1, 6, 24, 34, 39, 43, 48, 52
19: 1, 6, 24, 33, 40, 52
20: 1, 6, 24, 32, 38, 45
21: 1, 6, 22, 39, 40, 42
22: 1, 6, 22, 33, 34, 35
23: 1, 7, 21, 32
24: 2, 7, 19, 29
25: 1, 7, 16, 29
26: 2, 8, 12, 16, 19, 30
27: 2, 9, 10, 13, 20, 30
28: 3, 10, 20, 30
29: 2, 7, 20, 30
30: 2, 4, 21, 31
31: 21, 30
32: 23, 29
33: 25, 26, 27, 28
34: 
35: 
36: 
37: 
38: 
