0: 0, 50
1: 0, 50
2: 0, 50
3: 0, 50
4: 0, 50
5: 0, 50
6: 0, 16, 17, 50
7: 0, 15, 16, 50
8: 0, 14, 18, 50
9: 0, 15, 19, 50
10: 0, 16, 18, 50
11: 0, 16, 20, 26, 27, 50
12: 0, 16, 20, 26, 28, 50
13: 0, 17, 20, 25, 29, 50
14: 0, 17, 20, 25, 32, 36, 37, 38, 39, 50
15: 0, 17, 21, 26, 42, 50
16: 0, 17, 20, 25, 43, 50
17: 0, 17, 21, 26, 44, 50
18: 0, 17, 21, 26, 44, 50
19: 0, 18, 22, 27, 44, 50
20: 0, 18, 23, 27, 44, 50
21: 0, 19, 23, 28, 44, 50
22: 0, 19, 24, 28, 39, 41, 44, 50
23: 0, 20, 24, 28, 38, 42, 44, 50
24: 0, 21, 25, 29, 37, 43, 44, 50
25: 0, 21, 26, 29, 38, 43, 45, 50
26: 0, 22, 38, 50
27: 0, 23, 38, 50
28: 0, 23, 39, 50
29: 0, 24, 39, 50
30: 0, 24, 39, 50
31: 0, 24, 39, 50
32: 0, 23, 35, 37, 39, 50
33: 0, 23, 36, 50
34: 0, 23, 36, 50
35: 0, 23, 36, 50
36: 0, 23, 37, 50
37: 0, 23, 37, 50
38: 0, 22, 37, 50
