0: 0, 52
1: 0, 52
2: 0, 52
3: 0, 52
4: 0, 52
5: 0, 52
6: 1, 2, 3, 52
7: 12, 13, 14, 52
8: 21, 52
9: 15, 16, 19, 52
10: 14, 30, 33, 52
11: 15, 30, 37, 52
12: 15, 30, 41, 52
13: 10, 11, 15, 32, 44, 45, 46, 52
14: 8, 10, 16, 32, 48, 52
15: 7, 9, 15, 33, 51, 52
16: 7, 9, 15, 32
17: 6, 8, 15, 33
18: 6, 8, 16, 33
19: 6, 8, 17, 32
20: 6, 8, 17, 33
21: 6, 9, 19, 32
22: 6, 9, 20, 34
23: 6, 10, 21, 33
24: 6, 9, 23, 32
25: 5, 9, 23, 32
26: 5, 9, 24, 31
27: 4, 9, 25, 31
28: 4, 8, 23, 31
29: 4, 8, 23, 30
30: 4, 8, 22, 24, 25, 31
31: 4, 8, 22, 30
32: 4, 8, 23, 34
33: 3, 8, 23, 36, 51, 52
34: 4, 8, 24, 32, 33, 38, 46, 47, 48, 52
35: 4, 8, 24, 31, 35, 40, 42, 52
36: 4, 8, 24, 31, 37, 45
37: 4, 9, 22, 23, 24, 30, 32, 33, 34, 40
38: 4, 9, 22, 34
