0: 0, 49
1: 0, 49
2: 0, 49
3: 0, 49
4: 0, 49
5: 0, 49
6: 0, 49
7: 0, 17, 18, 19, 20, 49
8: 0, 16, 22, 49
9: 0, 16, 22, 49
10: 0, 16, 22, 49
11: 0, 14, 23, 50
12: 0, 14, 24, 42, 43, 44, 45, 46, 47, 49
13: 0, 14, 24, 40
14: 0, 13, 24, 38
15: 0, 17, 18, 19, 20, 21, 22, 23, 24, 36
16: 0, 35
17: 0, 33
18: 0, 32
19: 0, 31
20: 0, 18, 25, 29, 44, 45
21: 0, 17, 27, 28, 42, 47
22: 0, 17, 41, 48, 49, 50
23: 0, 14, 39, 50
24: 0, 13, 14, 15, 38, 51
25: 0, 12, 36, 52
26: 0, 11, 35, 52
27: 0, 10, 33, 52
28: 0, 10, 31, 52
29: 0, 10, 30, 52
30: 0, 13, 14, 15, 27, 52
31: 0, 18, 24, 52
32: 0, 17, 21, 52
33: 0, 18, 19, 52
34: 0, 52
35: 0, 52
36: 0, 52
37: 0, 52
38: 0, 52
