0: 40, 43, 48, 52
1: 13, 14, 40, 44, 48, 52
2: 12, 14, 41, 45, 49, 52
3: 11, 15, 41, 46, 49, 52
4: 10, 16, 42, 46, 48, 52
5: 10, 17, 43, 52
6: 9, 17, 43, 52
7: 9, 18, 44, 52
8: 8, 19, 45, 52
9: 8, 19, 45, 52
10: 8, 20, 46, 52
11: 7, 21, 47, 52
12: 7, 22, 48, 52
13: 7, 22, 24, 25, 49, 52
14: 7, 27, 50, 52
15: 7, 29, 43, 46, 47, 52
16: 6, 52
17: 7, 52
18: 6, 52
19: 7, 52
20: 7, 23, 26, 27, 34, 35, 36, 37, 38, 42, 43, 48, 49, 52
21: 7, 22, 45, 46, 50, 52
22: 7, 21, 50, 52
23: 7, 20, 49, 52
24: 8, 19, 50, 52
25: 8, 18, 50, 52
26: 9, 18, 49, 52
27: 9, 17, 46, 52
28: 9, 16, 46, 52
29: 10, 15, 45, 52
30: 11, 14, 45, 52
31: 12, 14, 45, 52
32: 46, 52
33: 45, 52
34: 46, 52
35: 44, 52
36: 45, 47, 48, 52
37: 45, 52
38: 45, 46, 47, 52
