0: 0, 24, 25, 26, 31, 52
1: 0, 24, 32, 52
2: 0, 25, 32, 52
3: 0, 24, 33, 52
4: 0, 21, 22, 23, 34, 52
5: 0, 21, 35, 45, 46, 52
6: 0, 20, 38, 39, 40, 41, 45, 52
7: 0, 20, 45, 52
8: 0, 19, 44, 52
9: 0, 19, 44, 52
10: 0, 18, 44, 52
11: 0, 17, 43, 52
12: 0, 18, 44, 52
13: 0, 19, 43, 52
14: 0, 19, 44, 52
15: 0, 15, 43, 52
16: 0, 15, 44, 52
17: 0, 14, 43, 52
18: 0, 14, 43, 52
19: 0, 14, 43, 52
20: 0, 13, 43, 52
21: 0, 13, 42, 52
22: 0, 13, 42, 52
23: 0, 13, 41, 52
24: 0, 13, 40, 52
25: 0, 13, 40, 52
26: 0, 13, 38, 52
27: 0, 14, 38, 52
28: 0, 14, 36, 52
29: 0, 15, 35, 52
30: 0, 16, 33, 52
31: 0, 17, 29, 52
32: 0, 18, 27, 52
33: 0, 20, 26, 52
34: 0, 52
35: 0, 52
36: 0, 52
37: 0, 52
38: 0, 52
