0: 29, 30, 33, 34
1: 28, 29, 32, 34
2: 26, 27, 28, 29, 32, 33
3: 25, 29, 32, 33
4: 25, 28, 31, 32
5: 22, 23, 24, 32
6: 20, 32
7: 19, 32
8: 19, 32
9: 19, 33
10: 18, 32
11: 18, 32
12: 17, 32
13: 18, 31
14: 18, 30
15: 19, 29
16: 19, 30
17: 21, 22, 23, 31
18: 23, 29
19: 23, 30
20: 1, 2, 3, 4, 5, 6, 7, 8, 9, 10, 11, 12, 13, 14, 15, 16, 17, 18, 19, 20, 21, 22, 23, 32, 35, 36, 37, 38, 39, 40, 41, 42, 43, 44, 45, 46, 47, 48, 49, 50, 51, 52
21: 0, 1, 2, 3, 4, 5, 6, 7, 8, 9, 10, 11, 12, 13, 14, 15, 16, 17, 18, 19, 20, 21, 22, 31, 32, 35, 36, 37, 38, 39, 40, 41, 42, 43, 44, 45, 46, 47, 48, 49, 50, 51
22: 23, 36
23: 22, 23, 24, 37
24: 22, 23, 24, 38
25: 22, 23, 25, 37
26: 21, 22, 27, 36
27: 21, 22, 32, 33, 34, 35
28: 21, 22
29: 21, 22
30: 20, 21
31: 20, 21
32: 20, 21
33: 20, 21
34: 19, 20
35: 19, 20
36: 19, 20
37: 18, 19
38: 18, 19
