0: 0, 52
1: 0, 52
2: 0, 52
3: 0, 52
4: 0, 52
5: 0, 52
6: 0, 52
7: 0, 52
8: 0, 18, 19, 52
9: 0, 18, 21, 52
10: 0, 18, 20, 52
11: 0, 19, 22, 52
12: 0, 19, 22, 52
13: 0, 20, 23, 52
14: 0, 21, 24, 52
15: 0, 21, 25, 52
16: 0, 21, 25, 52
17: 0, 22, 26, 52
18: 0, 23, 26, 52
19: 0, 23, 27, 52
20: 0, 24, 27, 52
21: 0, 24, 28, 52
22: 0, 18, 19, 25, 28, 52
23: 0, 18, 22, 24, 28, 52
24: 0, 17, 23, 24, 28, 52
25: 0, 15, 28, 52
26: 0, 14, 28, 52
27: 0, 15, 28, 52
28: 0, 14, 28, 52
29: 0, 14, 28, 52
30: 0, 14, 32, 52
31: 0, 15, 34, 52
32: 0, 15, 36, 52
33: 0, 16, 37, 52
34: 0, 17, 37, 52
35: 0, 20, 38, 52
36: 0, 20, 39, 52
37: 0, 21, 40, 52
38: 0, 21, 44, 45, 46, 52
