0: 51, 52
1: 1, 2, 51, 52
2: 0, 1
3: 
4: 0, 1
5: 14, 17, 18, 19
6: 13, 19
7: 0, 1, 12, 19
8: 13, 20
9: 12, 20
10: 0, 1, 13, 14, 15, 19
11: 13, 18
12: 0, 1
13: 0, 1
14: 0, 1
15: 0, 2
16: 0, 2, 3, 4, 32, 38, 39, 40
17: 0, 3, 29, 42, 43, 44
18: 0, 4, 28, 43, 44, 45
19: 0, 5, 6, 7, 26, 45, 46, 47
20: 0, 6, 25, 46, 47, 48
21: 0, 7, 8, 9, 23, 47, 48, 49
22: 0, 9, 10, 11, 21, 48
23: 0, 13, 14, 15, 16, 17, 18, 49
24: 0, 50
25: 0, 50
26: 0, 34, 36, 37, 38, 50
27: 0, 33, 39, 51
28: 0, 32, 39, 51
29: 0, 32, 40, 52
30: 0, 31, 40, 51
31: 0, 32, 40, 51
32: 0, 32, 39, 52
33: 0, 32, 33, 34, 38, 51
34: 0, 34, 35, 36, 37, 51
35: 0, 51
36: 0, 51
37: 0, 50, 51, 52
38: 1, 50, 51, 52
