0: 1, 51
1: 2, 50
2: 1, 51
3: 2, 50
4: 1, 51
5: 2, 50
6: 1, 51
7: 2, 50
8: 1, 51
9: 2, 50
10: 1, 51
11: 2, 50
12: 1, 51
13: 2, 30, 31, 50
14: 1, 28, 33, 51
15: 2, 27, 33, 50
16: 1, 21, 24, 25, 34, 51
17: 2, 21, 34, 50
18: 1, 21, 32, 51
19: 2, 22, 32, 50
20: 1, 19, 20, 21, 23, 24, 33, 51
21: 2, 17, 23, 25, 35, 50
22: 1, 17, 19, 20, 24, 26, 36, 51
23: 2, 22, 25, 27, 36, 50
24: 1, 22, 33, 51
25: 2, 23, 33, 50
26: 1, 24, 34, 51
27: 2, 24, 35, 50
28: 1, 23, 36, 51
29: 2, 24, 36, 50
30: 1, 24, 37, 51
31: 2, 24, 38, 50
32: 1, 24, 28, 29, 38, 51
33: 2, 24, 28, 30, 38, 50
34: 1, 23, 29, 31, 32, 34, 38, 51
35: 2, 24, 29, 50
36: 1, 23, 30, 51
37: 2, 23, 31, 50
38: 1, 23, 31, 51
