0: 
1: 
2: 26, 27
3: 20, 31
4: 18, 34
5: 16, 25, 26, 36
6: 15, 21, 23, 24, 30, 36
7: 15, 21, 31, 37
8: 15, 20, 32, 36
9: 16, 20, 31, 37
10: 15, 22, 30, 37
11: 16, 36
12: 15, 16, 18, 35, 36, 37
13: 17, 19, 20, 32, 33, 34
14: 20, 25, 26, 32, 34, 35
15: 16, 17, 20, 25, 27, 32
16: 12, 13, 15, 18, 22, 23, 29, 31, 35, 37
17: 12, 14, 15, 17, 35, 38, 40, 41
18: 10, 13, 39, 42
19: 10, 12, 40, 42
20: 10, 12, 40, 42
21: 11, 13, 39, 41
22: 14, 15, 36, 37, 39, 41
23: 14, 15, 18, 20, 23, 24, 32, 33, 35, 37
24: 22, 24, 27, 29, 32, 33
25: 
26: 
27: 
28: 
29: 
30: 
31: 
32: 
33: 
34: 
35: 
36: 
37: 
38: 
