0: 0, 16, 17, 21, 30, 31, 36, 52
1: 0, 17, 18, 21, 30, 32, 37, 52
2: 0, 21, 29, 32, 38, 52
3: 0, 16, 18, 21, 29, 32, 39, 52
4: 0, 21, 29, 31, 39, 52
5: 0, 16, 18, 21, 29, 31, 39, 52
6: 0, 21, 29, 31, 38, 52
7: 0, 17, 18, 21, 30, 31, 38, 52
8: 0, 16, 17, 21, 37, 52
9: 0, 17, 18, 21, 36, 52
10: 0, 21, 35, 52
11: 0, 16, 21, 22, 35, 52
12: 0, 16, 35, 52
13: 0, 16, 35, 52
14: 0, 15, 18, 20, 21, 22, 35, 52
15: 0, 16, 19, 24, 36, 52
16: 0, 15, 18, 25, 36, 52
17: 0, 16, 19, 25, 36, 52
18: 0, 14, 18, 25, 36, 52
19: 0, 14, 18, 26, 38, 52
20: 0, 14, 19, 20, 23, 25, 39, 52
21: 0, 16, 40, 52
22: 0, 14, 15, 16, 40, 52
23: 0, 12, 40, 52
24: 0, 11, 25, 26, 41, 52
25: 0, 10, 36, 37, 41, 52
26: 0, 10, 25, 26, 37, 52
27: 0, 9, 25, 27, 38, 52
28: 0, 10, 22, 29, 30, 32, 34, 35, 39, 52
29: 0, 10, 20, 36, 42, 43, 44, 52
30: 0, 10, 20, 38, 43, 52
31: 0, 11, 20, 39, 43, 52
32: 0, 12, 19, 41, 43, 52
33: 0, 13, 17, 42, 44, 52
34: 0, 43, 45, 52
35: 0, 45, 46, 52
36: 0, 52
37: 0, 52
38: 0, 52
