0: 39, 52
1: 40, 52
2: 22, 23, 39, 52
3: 5, 6, 39, 52
4: 25, 26, 39, 51
5: 12, 13, 40, 50
6: 7, 8, 28, 29, 39, 50
7: 30, 31, 40, 49
8: 40, 48
9: 3, 4, 16, 17, 39, 48
10: 8, 9, 12, 13, 38, 48
11: 38, 48
12: 39, 47
13: 3, 4, 6, 7, 18, 19, 39, 48
14: 10, 11, 14, 15, 20, 21, 40, 47, 51, 52
15: 40, 45, 46, 47, 50, 52
16: 2, 3, 6, 7, 22, 23, 29, 30, 41, 44, 45, 47, 49, 52
17: 9, 10, 12, 13, 17, 18, 24, 25, 34, 35, 40, 47, 48, 52
18: 3, 4, 36, 37, 39, 46, 47, 51
19: 6, 7, 14, 15, 39, 51
20: 2, 3, 8, 9, 11, 12, 18, 19, 40, 50
21: 1, 2, 3, 5, 6, 7, 20, 21, 40, 50
22: 7, 8, 9, 10, 12, 13, 15, 16, 23, 24, 26, 27, 30, 31, 40, 49
23: 0, 7, 10, 11, 41, 48
24: 0, 10, 12, 13, 14, 15, 17, 18, 40, 47
25: 0, 12, 19, 20, 38, 46
26: 0, 12, 13, 14, 15, 16, 21, 22, 37, 46
27: 0, 14, 17, 18, 24, 25, 38, 45
28: 0, 14, 15, 16, 26, 27, 37, 44
29: 0, 15, 16, 17, 18, 19, 21, 22, 29, 30, 36, 43
30: 0, 16, 31, 32
31: 0, 16, 17, 18, 19, 20, 23, 24
32: 0, 17, 26, 27, 34, 35
33: 0, 17, 18, 19, 20, 21
34: 0, 17, 23, 24, 29, 30
35: 0, 17, 18, 19
36: 0, 18, 19, 20, 21, 22, 25, 26
37: 0, 17
38: 0, 17, 18, 19
