0: 0, 18, 30, 52
1: 0, 19, 30, 52
2: 0, 19, 30, 52
3: 0, 19, 30, 52
4: 0, 19, 29, 52
5: 0, 20, 29, 52
6: 0, 20, 29, 31, 32, 52
7: 0, 20, 29, 30, 33, 50, 51, 52
8: 0, 19, 29, 30, 33, 45, 51, 52
9: 0, 19, 32, 34, 35, 39, 40, 45, 49, 52
10: 1, 12, 13, 19, 41, 42, 49, 52
11: 2, 6, 9, 10, 14, 19, 47, 52
12: 4, 5, 16, 19, 47, 52
13: 46, 52
14: 16, 17, 33, 37, 45, 52
15: 11, 18, 33, 39, 44, 52
16: 0, 1, 9, 18, 32, 41, 44, 52
17: 0, 2, 8, 19, 31, 52
18: 0, 3, 6, 19, 29, 52
19: 0, 3, 4, 24, 27, 52
20: 0, 22, 29, 52
21: 0, 20, 31, 52
22: 0, 20, 31, 52
23: 0, 20, 31, 52
24: 0, 20, 33, 52
25: 0, 18, 32, 33, 34, 52
26: 0, 18, 33, 52
27: 0, 19, 34, 35, 36, 52
28: 0, 20, 35, 52
29: 0, 20, 35, 52
30: 0, 20, 34, 52
31: 0, 21, 31, 32, 34, 52
32: 0, 21, 30, 52
33: 0, 22, 26, 27, 28, 52
34: 0, 52
35: 0, 52
36: 0, 52
37: 0, 52
38: 0, 52
