0: 0, 24
1: 0, 24
2: 0, 24
3: 0, 24, 30, 31
4: 0, 23, 29, 32
5: 0, 24, 29, 34
6: 0, 23, 29, 36
7: 0, 23, 29, 36
8: 0, 23, 28, 37
9: 0, 23, 28, 42
10: 0, 22, 28, 33, 34, 43
11: 0, 23, 27, 32, 33, 45
12: 0, 23, 28, 32, 33, 46
13: 0, 23, 29, 31, 32, 48
14: 0, 23, 29, 31, 32, 44
15: 0, 24, 32, 43
16: 0, 23, 31, 43
17: 0, 24, 31, 42
18: 0, 25, 32, 41
19: 0, 24, 31, 40
20: 0, 24, 31, 40
21: 0, 25, 31, 41
22: 0, 27, 29, 39
23: 0, 27, 29, 38
24: 0, 27, 29, 37
25: 0, 27, 28, 37
26: 0, 26, 27, 36
27: 0, 26, 27, 37
28: 0, 37
29: 0, 37
30: 0, 37
31: 0, 37
32: 0, 38
33: 0, 38
34: 0, 39
35: 0, 40
36: 0, 41
37: 0, 43
38: 0, 43
