0: 10, 22, 31, 47
1: 10, 21, 31, 47
2: 11, 21, 31, 46
3: 11, 21, 32, 46
4: 11, 20, 31, 45
5: 12, 21, 24, 25, 30, 31, 32, 43
6: 13, 22, 23, 24, 27, 28, 30, 40, 41, 42
7: 14, 22, 28, 29, 30, 39
8: 13, 22, 23, 24, 28, 29, 30, 39
9: 13, 24, 28, 39
10: 13, 24, 28, 39
11: 13, 25, 27, 39
12: 13, 25, 27, 39
13: 13, 24, 25, 28, 29, 39
14: 13, 39
15: 14, 39
16: 13, 28, 29, 38
17: 14, 24, 25, 27, 28, 39
18: 13, 23, 24, 27, 28, 38
19: 14, 24, 25, 27, 28, 38
20: 14, 23, 29, 38
21: 14, 24, 28, 38
22: 14, 23, 29, 38
23: 14, 24, 28, 38
24: 14, 23, 29, 38
25: 14, 24, 28, 38
26: 14, 24, 28, 38
27: 14, 24, 28, 38
28: 15, 23, 28, 37
29: 15, 23, 29, 38
30: 16, 22, 29, 36, 37, 39
31: 16, 21, 29, 30, 33, 34, 38, 39
32: 14, 21, 28, 30, 38, 40
33: 16, 22, 28, 29, 37, 42
34: 17, 19, 29, 30, 39, 41
35: 14, 20, 29, 30, 39, 40
36: 14, 21, 29, 30
37: 15, 16, 18, 19, 21, 22
38: 14, 16, 18, 19
