0: 0, 36, 38, 39, 44, 52
1: 0, 36, 37, 38, 40, 41, 44, 45, 46, 52
2: 0, 38, 39, 40, 45, 52
3: 0, 38, 39, 40, 41, 42, 45, 52
4: 0, 39, 40, 41, 43, 44, 46, 47, 48, 52
5: 0, 41, 42, 43, 45, 46, 47, 52
6: 0, 41, 42, 44, 45, 46, 47, 48, 49, 50, 51, 52
7: 0, 43, 44, 45, 46, 47, 48, 52
8: 0, 43, 44, 45, 46, 48, 49, 52
9: 0, 46, 48, 49, 50, 52
10: 0, 52
11: 0, 47, 48, 52
12: 0, 52
13: 0, 52
14: 0, 52
15: 0, 52
16: 0, 52
17: 0, 52
18: 0, 52
19: 0, 52
20: 0, 52
21: 0, 52
22: 0, 52
23: 0, 52
24: 0, 52
25: 0, 52
26: 0, 52
27: 0, 52
28: 0, 52
29: 0, 52
30: 0, 52
31: 0, 52
32: 0, 52
33: 0, 52
34: 0, 52
35: 0, 52
36: 0, 52
37: 0, 52
38: 0, 52
