0: 5, 8, 19, 36
1: 5, 8, 20, 36
2: 5, 9, 21, 36
3: 4, 8, 21, 36
4: 4, 8, 22, 36
5: 3, 8, 23, 35
6: 3, 7, 24, 35
7: 2, 7, 24, 34
8: 2, 7, 25, 33
9: 2, 6, 26, 33
10: 2, 6, 26, 33
11: 1, 6, 26, 32
12: 1, 6, 24, 32
13: 1, 5, 23, 36
14: 1, 6, 23, 25, 26, 39
15: 1, 6, 22, 25, 26, 41
16: 1, 5, 23, 34, 37, 42, 50, 52
17: 0, 6, 24, 34, 39, 43, 46, 52
18: 1, 6, 24, 33, 40, 49
19: 1, 6, 24, 32, 36, 37, 38, 44
20: 1, 6, 23, 24, 25, 38, 40, 41
21: 1, 6, 22, 33
22: 1, 7, 22, 31
23: 1, 7, 20, 29
24: 1, 7, 17, 29
25: 2, 7, 13, 17, 20, 30
26: 2, 8, 10, 14, 20, 31
27: 2, 10, 21, 30
28: 2, 9, 21, 31
29: 2, 6, 22, 31
30: 3, 4, 22, 31
31: 23, 30
32: 25, 28
33: 
34: 
35: 
36: 
37: 
38: 
