0: 0, 36, 47, 52
1: 0, 36, 47, 52
2: 0, 36, 48, 52
3: 0, 36, 48, 52
4: 0, 36, 48, 52
5: 0, 36, 49, 50, 51, 52
6: 0, 36
7: 0, 36
8: 0, 28, 35, 36
9: 0, 26
10: 0, 25
11: 0, 24
12: 0, 23, 51, 52
13: 0, 22, 30, 31, 51, 52
14: 0, 21, 30, 34, 51, 52
15: 0, 12, 18, 20, 28, 36, 51, 52
16: 0, 12, 27, 37, 50, 52
17: 0, 11, 26, 39, 42, 43, 51, 52
18: 0, 10, 25, 43
19: 0, 9, 24, 44
20: 0, 10, 22, 43
21: 0, 10, 21, 40
22: 0, 11, 18, 39
23: 0, 12, 13, 39
24: 0, 38
25: 0, 38
26: 0, 38
27: 0, 39
28: 0, 37
29: 0, 37
30: 0, 36
31: 0, 34
32: 0, 34
33: 0, 34
34: 0, 34
35: 0, 35
36: 0, 40
37: 0, 41
38: 0, 42
