0: 20, 22, 25, 36
1: 21, 23, 24, 37
2: 22, 38
3: 22, 37
4: 23, 37
5: 24, 36
6: 20, 22, 25, 35
7: 21, 34, 35, 39
8: 24, 36
9: 27, 33
10: 1, 4, 5, 6, 25, 26, 27, 33
11: 3, 4, 5, 7, 8, 9, 23, 27, 28, 34
12: 6, 9, 21, 23, 29, 37
13: 5, 10, 28, 33, 36, 38
14: 6, 9, 29, 33
15: 6, 9, 29, 33
16: 5, 9, 29, 33
17: 6, 9, 29, 34
18: 5, 10, 29, 34
19: 6, 9, 29, 35
20: 6, 9, 27, 35
21: 6, 8, 13, 19, 20, 21, 27, 34, 36, 37
22: 6, 9, 17, 18, 19, 37
23: 6, 9, 28, 33
24: 31, 32
25: 
26: 
27: 45, 46
28: 44, 45
29: 43, 44
30: 39, 43
31: 38, 41
32: 36, 39
33: 35, 38
34: 25, 29, 34, 37
35: 25, 30, 33, 36
36: 24, 31, 32, 35
37: 24, 34
38: 24, 33
