0: 11, 12, 31, 32, 35, 36
1: 9, 10, 14, 15, 17, 18, 20, 21, 22, 23, 26, 27, 29, 30
2: 2, 3, 5, 6, 7, 8, 13, 14, 16, 17, 19, 20, 24, 25, 33, 34, 39, 40, 47, 48
3: 10, 11, 12, 13, 15, 16, 18, 19, 21, 22, 23, 24, 27, 28, 29, 30, 36, 37, 41, 42, 49, 50
4: 4, 5, 7, 8, 9, 10, 11, 12, 14, 15, 17, 18, 20, 21, 22, 23, 25, 26, 32, 33, 43, 44
5: 2, 3, 6, 7, 10, 11, 12, 21, 22, 23, 24, 25, 26, 27, 28, 29, 30, 31, 34, 35, 38, 39
6: 5, 6, 8, 24, 25, 26, 27, 28, 31, 32, 40, 41, 45, 46
7: 2, 3, 4, 5, 6, 27, 28, 29, 30, 31, 33, 34, 35, 36
8: 1, 2, 3, 4, 5, 28, 29, 30, 31, 32, 37, 38, 42, 43, 47, 48
9: 3, 30, 31, 32, 33, 34, 35, 36, 39, 40, 49, 50
10: 1, 31, 32, 33, 36, 37, 44, 45
11: 1, 32, 33, 34, 35, 36, 39, 40
12: 0, 33, 34, 35, 37, 38, 41, 42, 47, 48
13: 0, 34, 35, 36, 39, 40, 43, 44
14: 0, 35, 36, 37, 38, 39, 49, 50
15: 0, 35, 36, 37, 41, 42, 46, 47
16: 0, 36, 37, 38, 39, 40, 43, 44
17: 0, 36, 37, 38, 40, 41
18: 0, 37, 38, 39, 42, 43, 46, 47, 49, 50
19: 0, 37, 38, 39, 40, 41
20: 0, 37, 38, 39, 41, 42, 44, 45
21: 0, 38, 39, 40
22: 0, 38, 40, 41, 42, 43, 45, 46, 48, 49
23: 0, 38, 39, 40, 50, 51
24: 0, 39, 40, 41, 42, 43
25: 0, 38, 39, 40, 44, 45, 47, 48
26: 0, 38, 39, 40, 42, 43
27: 0, 39, 41, 42
28: 0, 38, 39, 40, 45, 46, 50, 51
29: 0, 38, 39, 40, 41, 42
30: 0, 38, 39, 40, 43, 44, 47, 48
31: 0, 38, 40, 41
32: 0, 38, 39, 40, 41, 42, 44, 45
33: 0, 37, 38, 39
34: 0, 37, 40, 41, 47, 48
35: 0, 37, 38, 39, 43, 44
36: 0, 36, 37, 38, 39, 40
37: 0, 36, 40, 41
38: 0, 35, 37, 38
