0: 0, 23, 38, 52
1: 0, 23, 37, 52
2: 0, 22, 37, 52
3: 0, 21, 35, 52
4: 0, 21, 34, 52
5: 0, 20, 33, 52
6: 0, 20, 32, 52
7: 0, 19, 32, 52
8: 0, 19, 31, 52
9: 0, 18, 32, 52
10: 0, 16, 32, 52
11: 0, 16, 32, 52
12: 0, 15, 32, 52
13: 0, 16, 32, 52
14: 0, 16, 31, 52
15: 0, 16, 31, 52
16: 0, 17, 31, 52
17: 0, 17, 31, 52
18: 0, 19, 30, 52
19: 0, 19, 29, 52
20: 0, 20, 23, 24, 29, 52
21: 0, 24, 28, 52
22: 0, 24, 27, 52
23: 0, 24, 28, 52
24: 0, 24, 27, 52
25: 0, 23, 26, 52
26: 0, 23, 27, 52
27: 0, 23, 26, 52
28: 0, 22, 26, 52
29: 0, 23, 25, 52
30: 0, 22, 26, 52
31: 0, 22, 25, 52
32: 0, 52
33: 0, 52
34: 0, 52
35: 0, 52
36: 0, 52
37: 0, 52
38: 0, 52
