0: 23, 42
1: 23, 42
2: 23, 41
3: 19, 20, 23, 41
4: 19, 21, 24, 40
5: 20, 22, 24, 40
6: 20, 40
7: 20, 39
8: 20, 39
9: 20, 39
10: 19, 39
11: 19, 22, 23, 38, 51, 52
12: 19, 22, 23, 38
13: 18, 21, 23, 24, 25, 38, 51, 52
14: 17, 21, 25, 38, 45, 46, 47, 48, 49, 52
15: 17, 21, 26, 38, 43, 44, 49, 52
16: 16, 20, 25, 37, 48, 52
17: 17, 20, 26, 37, 42, 43, 46, 52
18: 16, 20, 25, 37, 45, 52
19: 15, 20, 25, 37, 42, 52
20: 13, 20, 25, 37, 38, 39, 40, 52
21: 11, 21, 25, 37, 40, 52
22: 11, 22, 24, 36, 39, 52
23: 11, 36, 38, 52
24: 12, 52
25: 13, 52
26: 14, 52
27: 16, 52
28: 18, 23, 24, 52
29: 23, 52
30: 25, 52
31: 25, 52
32: 24, 25, 26, 52
33: 22, 23, 25, 52
34: 21, 22, 25, 52
35: 20, 21, 24, 52
36: 20, 52
37: 19, 20, 22, 52
38: 18, 52
