0: 
1: 
2: 
3: 
4: 12, 13, 16, 18
5: 12, 13, 15, 17, 18, 19, 48, 49, 50, 52
6: 12, 14, 16, 19, 35, 36, 37, 52
7: 12, 14, 15, 20, 21, 22, 23, 24, 25, 52
8: 0, 7, 8, 52
9: 0, 52
10: 0, 52
11: 0, 47
12: 4, 5, 6, 42, 43, 44
13: 13, 34, 35, 36, 37, 38, 39, 42
14: 14, 22, 39, 44
15: 14, 23, 40, 45
16: 15, 22, 24, 25, 40, 46
17: 15, 25, 41, 47
18: 16, 26, 41, 47
19: 16, 26, 41, 48
20: 17, 27, 41, 48
21: 16, 27, 36, 38, 42, 48
22: 16, 27, 36, 38, 41, 48
23: 16, 28, 37, 49
24: 17, 28, 38, 48
25: 18, 29, 38, 48, 49, 52
26: 19, 29, 39, 52
27: 20, 30, 40, 52
28: 21, 31, 41, 52
29: 22, 31, 41, 52
30: 22, 32, 41, 52
31: 23, 33, 41, 52
32: 24, 33, 42, 52
33: 24, 34, 42, 52
34: 25, 35, 43, 52
35: 25, 35, 44, 52
36: 26, 35, 45, 52
37: 27, 35, 45, 52
38: 27, 36, 46, 52
