0: 11, 15, 37, 40
1: 12, 16, 36, 39, 51, 52
2: 0, 2, 12, 15, 36, 39, 50, 52
3: 0, 3, 13, 16, 36, 38, 48, 52
4: 0, 5, 13, 15, 36, 38, 46, 52
5: 0, 7, 14, 16, 36, 37, 44, 52
6: 0, 8, 14, 16, 36, 37, 43, 52
7: 0, 9, 14, 15, 43, 52
8: 0, 9, 15, 16, 42, 52
9: 0, 9, 42, 52
10: 0, 9, 42, 52
11: 0, 10, 42, 52
12: 0, 10, 41, 52
13: 0, 10, 41, 52
14: 0, 10, 42, 52
15: 0, 27, 28, 30, 31, 33, 34, 36, 37, 39, 40, 52
16: 0, 52
17: 0, 52
18: 0, 2, 3, 9, 10, 52
19: 0, 1, 4, 9, 23, 24, 26, 27, 29, 30, 32, 33, 35, 36, 38, 39, 40, 41, 43, 48, 50, 52
20: 0, 1, 4, 9, 44, 48, 51, 52
21: 0, 1, 5, 8, 43, 48, 51, 52
22: 0, 1, 5, 8, 44, 47, 51, 52
23: 5, 8, 44, 47
24: 6, 8, 44, 47
25: 5, 8, 13, 14, 38, 39, 44, 47
26: 5, 9, 12, 14, 38, 39, 45, 47
27: 0, 1, 5, 10, 12, 13, 35, 36, 38, 40, 46, 47, 51, 52
28: 0, 2, 4, 5, 6, 7, 8, 9, 15, 17, 34, 36, 46, 48, 51, 52
29: 0, 2, 15, 18, 33, 37, 50, 52
30: 0, 1, 5, 12, 13, 21, 30, 38, 40, 41, 51, 52
31: 2, 23, 29, 32, 33, 41, 47, 49
32: 1, 22, 28, 29, 31, 32, 33, 41, 47, 51
33: 0, 21, 35, 41, 48, 52
34: 0, 20, 36, 37, 38, 41, 48, 52
35: 0, 18, 37, 40, 48, 52
36: 0, 17, 39, 41, 48, 52
37: 0, 17, 25, 26, 38, 41, 48, 52
38: 0, 16, 24, 25, 38, 41, 47, 52
