0: 7, 45
1: 5, 38, 39, 42, 43, 46
2: 5, 33, 34, 35, 42, 43, 44, 47
3: 4, 31, 32, 33, 46, 48
4: 3, 29, 30, 31, 47, 48
5: 3, 30, 48, 49
6: 2, 28
7: 2, 27
8: 1, 27
9: 1, 27
10: 0, 26
11: 0, 25
12: 0, 26, 37, 38, 39, 40
13: 0, 25, 36, 41
14: 0, 25, 35, 41
15: 0, 25, 35, 42
16: 0, 25, 35, 41
17: 0, 25, 36, 40
18: 0, 25, 37, 38, 39, 40
19: 0, 26
20: 0, 12, 14, 15, 16, 26
21: 0, 11, 17, 26
22: 0, 10, 17, 27
23: 0, 10, 17, 26
24: 0, 10, 17, 27
25: 0, 11, 17, 26
26: 0, 11, 16, 26
27: 0, 13, 14, 26
28: 0, 26
29: 0, 25, 51, 52
30: 0, 24, 51, 52
31: 0, 24, 50, 52
32: 0, 2, 3, 24, 50, 52
33: 0, 3, 4, 22, 49, 52
34: 0, 3, 5, 21, 49, 52
35: 0, 4, 6, 20, 48, 52
36: 0, 5, 8, 9, 10, 17, 47, 52
37: 0, 6, 13, 14, 46, 52
38: 0, 7, 45, 52
