0: 
1: 
2: 
3: 30, 32, 33, 34
4: 27, 38
5: 20, 40
6: 18, 41
7: 15, 42
8: 13, 43
9: 0, 8, 9, 10, 11, 44
10: 0, 46
11: 0, 47
12: 0, 48
13: 0, 49
14: 0, 49
15: 0, 51
16: 0, 51
17: 0, 52
18: 0, 52
19: 4, 5, 6, 7, 8, 52
20: 17, 18, 19, 52
21: 25, 26, 27, 52
22: 29, 31, 32, 52
23: 29, 34, 36, 52
24: 21, 34, 40, 52
25: 22, 34, 44, 52
26: 19, 20, 23, 34, 48, 52
27: 18, 19, 22, 35, 51, 52
28: 18, 19, 23, 35
29: 17, 18, 24, 34
30: 17, 19, 25, 35
31: 17, 19, 26, 34
32: 17, 20, 26, 35
33: 17, 19, 27, 35
34: 17, 19, 28, 34
35: 17, 19, 29, 33
36: 16, 19, 28, 33
37: 16, 18, 28, 33
38: 16, 19, 28, 33
