0: 24, 44
1: 24, 44
2: 25, 43
3: 26, 44
4: 25, 44
5: 26, 44
6: 25, 43
7: 8, 9, 19, 44
8: 20, 44
9: 0, 2, 20, 44, 51, 52
10: 21, 45, 51, 52
11: 0, 4, 21, 44, 50, 52
12: 0, 7, 8, 9, 20, 44, 51, 52
13: 0, 10, 21, 44, 51, 52
14: 0, 10, 20, 44
15: 0, 10, 21, 45
16: 0, 10, 21, 45
17: 0, 10, 21, 45
18: 0, 10, 21, 44
19: 0, 11, 21, 43
20: 0, 12, 20, 45
21: 0, 13, 18, 46
22: 0, 12, 20, 46
23: 0, 12, 21, 46
24: 0, 11, 21, 46
25: 0, 11, 21, 45
26: 0, 10, 21, 46
27: 0, 10, 20, 46
28: 0, 10, 20, 45
29: 0, 10, 20, 47
30: 0, 10, 21, 48
31: 0, 9, 20, 49, 50, 52
32: 0, 10, 18, 48, 50, 52
33: 0, 13, 18, 52
34: 0, 14, 16, 17, 19, 52
35: 0, 14, 18, 52
36: 0, 15, 17, 52
37: 0, 52
38: 0, 52
