0: 10, 22, 31, 47
1: 10, 21, 32, 47
2: 10, 21, 31, 46
3: 11, 20, 32, 46
4: 11, 21, 32, 45
5: 12, 21, 30, 44
6: 12, 21, 25, 26, 31, 41
7: 13, 22, 27, 28, 30, 39
8: 13, 22, 24, 25, 27, 28, 30, 40
9: 13, 23, 24, 25, 27, 28, 29, 39
10: 12, 24, 28, 40
11: 13, 25, 27, 40
12: 12, 25, 26, 39
13: 12, 25, 26, 28, 29, 40
14: 13, 39
15: 13, 39
16: 13, 39
17: 13, 23, 24, 27, 29, 39
18: 14, 23, 25, 27, 28, 39
19: 13, 24, 25, 27, 29, 39
20: 13, 23, 28, 38
21: 14, 23, 29, 39
22: 13, 23, 29, 38
23: 14, 23, 29, 39
24: 13, 23, 29, 38
25: 14, 24, 28, 38
26: 14, 24, 28, 38
27: 14, 24, 28, 38
28: 14, 23, 29, 38
29: 15, 23, 29, 38
30: 16, 21, 29, 36, 37, 39
31: 15, 21, 29, 30, 33, 34, 38, 39
32: 14, 21, 29, 30, 38, 40
33: 16, 22, 28, 29, 37, 42
34: 16, 19, 29, 30, 39, 41
35: 14, 20, 29, 30, 39, 40
36: 14, 15, 16, 17, 18, 21, 29, 30
37: 15, 17, 18, 19, 21, 22
38: 14, 16, 18, 19
