0: 19, 34
1: 20, 33
2: 20, 33
3: 20, 33
4: 20, 32
5: 21, 32
6: 21, 32
7: 22, 31
8: 22, 31
9: 19, 20, 21, 30, 39, 40
10: 18, 31, 36, 37, 38, 43
11: 18, 30, 33, 42
12: 18, 30, 31, 41
13: 16, 35, 36, 37
14: 14, 33
15: 11, 12, 13, 33
16: 8, 17, 19, 33
17: 10, 13, 19, 33
18: 11, 14, 18, 33
19: 9, 14, 19, 33
20: 10, 14, 20, 32
21: 11, 15, 20, 31
22: 9, 15, 21, 31
23: 10, 14, 21, 30
24: 9, 10, 11, 15, 21, 29
25: 10, 11, 13, 14, 21, 30
26: 11, 12, 22, 30
27: 11, 12, 13, 14, 21, 32
28: 11, 12, 22, 32
29: 11, 12, 22, 32
30: 22, 32
31: 23, 32
32: 22, 32
33: 21, 32
34: 22, 28, 29, 33
35: 22, 26
36: 23, 24
37: 
38: 
