0: 0, 20
1: 0, 20
2: 0, 21
3: 0, 21
4: 0, 22
5: 0, 21
6: 0, 21
7: 0, 20
8: 0, 20, 26, 30
9: 0, 19, 25, 31
10: 0, 19, 25, 31
11: 0, 19, 24, 31
12: 0, 18, 23, 32
13: 0, 18, 24, 31, 35, 36
14: 0, 18, 24, 31, 35, 36
15: 0, 19, 25, 32
16: 0, 18, 25, 31
17: 0, 18, 25, 31
18: 0, 18, 25, 31
19: 0, 21, 22, 24, 26, 31
20: 0, 25, 26, 31
21: 0, 25, 27, 31
22: 0, 26, 27, 30
23: 0, 27, 28, 29
24: 0, 28
25: 0, 26
26: 0, 25
27: 0, 25
28: 0, 25
29: 0, 28
30: 0, 28
31: 0, 30
32: 0, 31
33: 0, 31
34: 0, 31
35: 0, 32
36: 0, 32, 51, 52
37: 0, 33, 50, 52
38: 0, 35, 49, 52
