0: 13, 27
1: 4, 5, 13, 27
2: 12, 27
3: 11, 27
4: 8, 27
5: 8, 27
6: 8, 27
7: 9, 27
8: 10, 27
9: 13, 27
10: 16, 27
11: 18, 27, 37, 38
12: 19, 27
13: 20, 27
14: 22, 26, 30, 31
15: 22, 27, 28, 30, 31, 32
16: 20, 29, 31, 32
17: 21, 29
18: 20, 27, 28, 29
19: 21, 26, 28, 29
20: 21, 27
21: 20, 27, 28, 29
22: 20, 26
23: 7, 8, 20, 24, 27, 28, 42, 43
24: 20, 23
25: 18, 24, 27, 28
26: 19, 25
27: 19, 26
28: 15, 28
29: 15, 32
30: 15, 35, 37, 38
31: 12, 13, 16, 37
32: 17, 39
33: 17, 38
34: 18, 38, 42, 43
35: 20, 36
36: 21, 35
37: 24, 33
38: 
