0: 7, 9, 12, 25
1: 8, 10, 11, 25
2: 9, 25
3: 6, 24
4: 5, 25
5: 6, 24
6: 7, 24
7: 8, 24
8: 11, 24
9: 13, 24, 42, 43
10: 14, 24, 44, 45
11: 16, 24
12: 16, 23
13: 17, 24
14: 18, 23
15: 17, 24
16: 17, 26, 27, 28, 37, 38
17: 17, 27, 28, 29
18: 7, 9, 17, 23, 25, 26, 28, 29
19: 7, 10, 17, 25, 27, 29
20: 6, 11, 17, 25
21: 6, 13, 18, 23
22: 6, 13, 18, 22, 46, 47
23: 6, 14, 17, 21, 29, 30
24: 6, 16, 17, 20
25: 6, 21
26: 7, 22
27: 7, 23, 34, 35
28: 7, 23
29: 7, 23, 51, 52
30: 9, 22
31: 9, 21
32: 10, 22
33: 8, 9, 11, 23
34: 13, 23
35: 14, 24
36: 17, 23
37: 22, 23
38: 
