0: 1, 2, 20, 31
1: 22, 29
2: 0, 2, 23, 28
3: 0, 2, 25, 27
4: 0, 2, 26, 27
5: 11, 12, 23, 24, 25, 29
6: 12, 14, 17, 18, 19, 32, 33, 34
7: 5, 6, 12, 34
8: 4, 6, 12, 34
9: 3, 6, 12, 34, 51, 52
10: 1, 6, 12, 34, 51, 52
11: 0, 7, 12, 34, 40, 41, 51, 52
12: 0, 7, 12, 41, 46, 47, 50, 52
13: 0, 8, 11, 42, 45, 49, 50, 52
14: 0, 10, 11, 52
15: 0, 52
16: 0, 7, 9, 52
17: 0, 6, 9, 43, 44, 52
18: 0, 5, 9, 38, 46, 52
19: 2, 4, 10, 36, 46, 48, 50, 52
20: 9, 35, 46, 47
21: 10, 33, 45, 47
22: 14, 33
23: 14, 32
24: 14, 32
25: 14, 33
26: 13, 33
27: 13, 35
28: 13, 36
29: 15, 37
30: 15, 37
31: 14, 38
32: 13, 38
33: 13, 39
34: 13, 40, 47, 48, 49, 52
35: 14, 39, 44, 52
36: 12, 40, 43, 52
37: 2, 4, 10, 39, 41, 52
38: 2, 5, 9, 39, 41, 52
