0: 0, 33, 44, 51
1: 0, 34, 45, 51
2: 0, 34, 45, 48
3: 0, 28, 29, 34
4: 0, 26, 33, 34
5: 0, 24
6: 0, 24
7: 0, 23
8: 0, 22, 48, 50
9: 0, 21, 48, 50
10: 0, 21, 28, 30, 47, 51
11: 0, 20, 28, 33, 48, 51
12: 0, 19, 27, 33, 34, 35, 47, 51
13: 0, 15, 18, 19, 26, 35, 47, 51
14: 0, 12, 25, 39, 47, 51
15: 0, 12, 25, 41, 48, 49, 50, 52
16: 0, 12, 24, 41, 50, 51
17: 0, 11, 23, 39, 40, 41
18: 0, 10, 21, 37
19: 0, 11, 12, 13, 18, 37
20: 0, 36
21: 0, 35
22: 0, 35
23: 0, 36
24: 0, 34
25: 0, 33
26: 0, 32
27: 0, 30
28: 0, 30
29: 0, 30
30: 0, 33
31: 0, 35
32: 0, 36
33: 0, 36
34: 0, 37
35: 0, 38
36: 0, 39
37: 0, 42
38: 0, 48
