0: 6, 27
1: 7, 27, 43, 44
2: 7, 27
3: 8, 27
4: 9, 26, 48, 49
5: 10, 25, 39, 40
6: 10, 24, 35, 36, 43, 44, 50, 51
7: 11, 23, 45, 46
8: 12, 23, 48, 49
9: 13, 24, 38, 39, 41, 42
10: 14, 25, 30, 31, 43, 44, 46, 47, 49, 50
11: 17, 25, 32, 33, 35, 36
12: 17, 26, 38, 39, 41, 42, 45, 46, 48, 49, 51, 52
13: 18, 26, 43, 44
14: 18, 26, 30, 31, 34, 35, 37, 38, 41, 42, 47, 48, 49, 50
15: 18, 26, 45, 46, 51, 52
16: 18, 28, 32, 33, 37, 38, 39, 40, 41, 42, 43, 44, 47, 48, 49, 50
17: 18, 30, 35, 36, 45, 46, 51, 52
18: 18, 27, 28, 32, 39, 40, 42, 43, 44, 45, 46, 47, 48, 49, 50, 51
19: 17, 27, 33, 34, 37, 38, 41, 42, 49, 50
20: 18, 25, 26, 29, 35, 36, 39, 40, 44, 45, 46, 47, 48, 49, 51, 52
21: 20, 25, 27, 29, 30, 31, 32, 33, 38, 39, 41, 42, 43, 44, 47, 48, 50, 51
22: 20, 22, 23, 26, 28, 30, 34, 35, 36, 37, 40, 41, 44, 45, 46, 47, 49, 50
23: 20, 23, 24, 26, 29, 30, 33, 34, 38, 39, 41, 42, 43, 44, 46, 47, 48, 49, 51, 52
24: 20, 22, 24, 27, 31, 32, 36, 37, 39, 40, 43, 44, 45, 46, 48, 49, 50, 51
25: 20, 23, 25, 27, 30, 31, 34, 35, 37, 38, 40, 41, 42, 43, 45, 46, 47, 48, 49, 50, 51, 52
26: 20, 22, 25, 28, 33, 34, 36, 37, 39, 40, 42, 43, 44, 45, 47, 48, 49, 50, 51, 52
27: 20, 23, 27, 28, 31, 32, 35, 36, 38, 39, 41, 42, 44, 45, 46, 47, 48, 49, 50, 51
28: 18, 19, 21, 22, 25, 26, 29, 30, 33, 34, 37, 38, 40, 41, 42, 43, 44, 45, 46, 47, 48, 49, 50, 51
29: 20, 21, 32, 33, 35, 36, 37, 38, 39, 40, 42, 43, 44, 45, 46, 47, 48, 49, 50, 52
30: 23, 24, 26, 27, 28, 29, 30, 31, 34, 35, 38, 39, 40, 41, 42, 43, 44, 45, 46, 47, 48, 49, 50, 51
31: 32, 33, 35, 36, 37, 38, 40, 41, 42, 43, 44, 45, 46, 49, 50, 51
32: 17, 18, 21, 22, 25, 26, 29, 30, 31, 32, 33, 34, 36, 37, 39, 40, 41, 42, 43, 44, 45, 46, 47, 48, 49, 52
33: 27, 28, 35, 36, 38, 39, 40, 41, 42, 43, 44, 45, 46, 47, 48, 50, 51, 52
34: 23, 24, 30, 31, 32, 33, 34, 35, 36, 37, 38, 39, 40, 41, 42, 43, 44, 46, 47, 48, 49, 51
35: 19, 20, 25, 26, 27, 28, 29, 30, 33, 34, 36, 37, 38, 39, 40, 41, 42, 43, 44, 45, 46, 48, 49, 50, 51, 52
36: 21, 22, 32, 33, 35, 36, 38, 39, 40, 41, 42, 44, 45, 47, 48, 52
37: 24, 25, 27, 28, 29, 30, 31, 32, 34, 35, 37, 38, 40, 41, 42, 43, 44, 45, 46, 49, 50, 51
38: 32, 33, 35, 36, 37, 38, 39, 40, 41, 42, 43, 44, 45, 47, 48, 52
