0: 35, 52
1: 17, 18, 34, 52
2: 35, 52
3: 36, 52
4: 36, 51
5: 37, 50
6: 37, 50
7: 3, 4, 7, 8, 11, 12, 38, 49
8: 38, 49
9: 18, 19, 38, 48
10: 13, 14, 20, 21, 39, 47
11: 4, 5, 8, 9, 23, 24, 28, 29, 37, 39, 40, 47
12: 37, 47
13: 37, 46
14: 2, 3, 6, 7, 10, 11, 16, 17, 37, 39, 41, 45
15: 12, 13, 36, 46
16: 18, 19, 22, 23, 37, 47
17: 3, 4, 9, 10, 37, 47
18: 5, 6, 14, 15, 27, 28, 36, 47
19: 1, 2, 7, 8, 11, 12, 16, 17, 37, 46
20: 4, 5, 20, 21, 23, 24, 37, 46
21: 1, 2, 3, 4, 5, 6, 8, 9, 11, 12, 14, 15, 29, 30, 38, 45
22: 6, 7, 9, 10, 18, 19, 32, 33, 37, 45
23: 0, 7, 8, 9, 12, 13, 38, 43
24: 0, 10, 11, 12, 15, 16, 22, 23, 35, 36, 38, 45
25: 0, 12, 13, 14, 17, 18, 24, 25, 38, 46
26: 0, 13, 14, 15, 19, 20, 26, 27, 39, 47
27: 0, 14, 15, 16, 30, 31, 40, 46
28: 0, 15, 16, 17, 18, 19, 21, 22, 40, 47
29: 0, 16, 23, 24, 41, 48
30: 0, 16, 17, 18, 35, 36
31: 0, 17, 19, 20, 26, 27
32: 0, 17, 18, 19, 21, 22, 28, 29
33: 0, 18, 23, 24
34: 0, 17, 18, 19, 20, 21, 30, 31
35: 0, 18, 26, 27
36: 0, 18, 20, 21, 23, 24
37: 0, 18, 19, 20
38: 0, 18
