0: 0, 2
1: 0, 1
2: 0, 2, 23, 24, 29, 30
3: 0, 1, 32, 33
4: 0, 1
5: 0, 2, 16, 17, 38, 39, 43, 44
6: 0, 2, 45, 46
7: 0, 1, 25, 26, 48, 49
8: 0, 2, 19, 20, 29, 30, 33, 34
9: 0, 1
10: 0, 2, 37, 38, 41, 42
11: 0, 1, 10, 11, 15, 16, 21, 22, 27, 28
12: 0, 1, 23, 24, 31, 32, 34, 35, 44, 45
13: 0, 1, 47, 48
14: 0, 1, 18, 19, 38, 39
15: 0, 1, 25, 26, 28, 29, 34, 35, 40, 41, 50, 51
16: 12, 13, 20, 21, 30, 31, 42, 43, 46, 47
17: 0, 1, 22, 23, 36, 37
18: 6, 7, 14, 15, 26, 27, 32, 33, 38, 39
19: 16, 17, 19, 20, 28, 29, 34, 35, 40, 41, 44, 45, 50, 51
20: 23, 24, 30, 31, 37, 38, 46, 47
21: 8, 9, 25, 26, 28, 29, 32, 33, 34, 35, 36, 37, 39, 40, 43, 44
22: 10, 11, 14, 15, 20, 21, 31, 32, 38, 39, 41, 42, 48, 49
23: 17, 18, 22, 23, 26, 27, 28, 29, 30, 31, 32, 39, 40, 41, 42, 43, 45, 46
24: 24, 25, 29, 30, 31, 42, 43, 44, 46, 47, 50, 51
25: 12, 13, 19, 20, 22, 23, 26, 27, 28, 44, 45, 46
26: 5, 6, 15, 16, 25, 26, 27, 45, 47, 48, 49, 50
27: 7, 8, 17, 18, 21, 22, 24, 25, 26, 47
28: 13, 14, 23, 24, 25, 47, 48, 49
29: 9, 10, 19, 20, 21, 22, 23, 24, 25, 48, 49, 50
30: 15, 16, 24, 48, 49, 50
31: 5, 6, 11, 12, 17, 18, 20, 21, 22, 49, 51, 52
32: 22, 23, 24, 50
33: 13, 14, 16, 17, 19, 20, 21, 22, 23, 49, 50, 51
34: 7, 8, 22, 50
35: 9, 10, 18, 19, 21, 51
36: 12, 13, 15, 16, 20, 21, 23, 50
37: 18, 19, 21, 50, 51, 52
38: 21, 22, 23, 50
