0: 
1: 
2: 
3: 
4: 
5: 
6: 
7: 
8: 
9: 4, 5
10: 3, 6, 7, 8
11: 3, 8
12: 4, 8
13: 3, 8
14: 3, 7
15: 1, 3, 4, 6, 7, 8
16: 1, 11
17: 0, 11, 13, 15
18: 0, 10, 12, 17, 24, 25
19: 0, 18, 23, 24
20: 0, 19, 20, 21, 22, 25, 26, 27, 28, 29, 30, 31, 32, 33, 34, 35, 36, 37, 38, 39, 40, 41, 42, 43, 44, 45
21: 0, 18, 19, 20, 21, 26, 27, 28, 29, 30, 31, 32, 33, 34, 35, 36, 37, 38, 39, 40, 41, 42, 43, 44
22: 0, 17, 22, 24
23: 0, 16, 21, 24
24: 0, 13, 20, 23
25: 0, 12, 20, 23
26: 1, 11, 19, 21
27: 2, 9, 18, 21
28: 3, 8, 17, 19
29: 3, 10, 16, 19
30: 4, 11, 15, 17
31: 3, 11, 14, 17
32: 3, 11, 13, 15
33: 2, 11, 12, 14
34: 2, 13
35: 2, 13
36: 4, 7, 9, 11
37: 4, 6, 9, 10
38: 2, 9
