0: 51, 52
1: 47, 52
2: 32, 33, 34, 35, 44, 52
3: 32, 39, 40, 52
4: 1, 2, 11, 12, 14, 15, 31, 52
5: 0, 20, 21, 22, 23, 24, 25, 52
6: 0, 49
7: 0, 45
8: 0, 43
9: 0, 42
10: 8, 9, 10, 22, 23, 24, 25, 26, 27, 28, 30, 42
11: 11, 23, 31, 42
12: 12, 23, 32, 43
13: 12, 24, 32, 44
14: 13, 24, 33, 44
15: 14, 25, 33, 44
16: 14, 25, 32, 45
17: 13, 25, 32, 45
18: 15, 26, 33, 45
19: 15, 27, 33, 46
20: 17, 27, 34, 45
21: 18, 28, 34, 46
22: 19, 29, 35, 46
23: 20, 30, 36, 47
24: 20, 30, 36, 47
25: 21, 31, 37, 47
26: 22, 32, 37, 48
27: 23, 33, 38, 48
28: 23, 33, 38, 49
29: 24, 33, 38, 49
30: 25, 33, 39, 50
31: 25, 34, 39, 50
32: 26, 34, 39, 51
33: 26, 34, 40, 51
34: 26, 34, 40, 52
35: 26, 34, 41, 52
36: 24, 35, 41, 52
37: 23, 34, 41, 52
38: 23, 35, 41, 52
