0: 0, 5, 14, 52
1: 0, 5, 12, 51
2: 0, 4, 11, 49
3: 0, 5, 11, 47
4: 0, 4, 11, 46
5: 0, 4, 10, 44
6: 0, 4, 10, 42
7: 0, 4, 10, 20, 21, 40
8: 0, 4, 9, 19, 24, 39
9: 0, 4, 10, 19, 23, 37
10: 0, 4, 9, 19, 21, 35
11: 0, 5, 10, 34
12: 0, 5, 9, 31
13: 0, 5, 10, 28
14: 0, 6, 9, 25
15: 0, 6, 9, 25
16: 0, 6, 10, 24
17: 0, 7, 9, 24, 25, 26, 40, 41
18: 0, 8, 10, 27, 40, 42
19: 0, 9, 10, 26, 27, 28, 41, 43
20: 0, 10, 11, 26, 41, 44
21: 0, 11, 12, 25, 40, 45
22: 0, 13, 14, 24, 41, 46
23: 0, 23, 41, 46
24: 0, 20, 30, 31, 41, 46
25: 0, 18, 29, 31, 40, 47
26: 0, 16, 27, 31, 41, 47
27: 0, 15, 26, 31, 40, 48
28: 0, 14, 40, 47
29: 0, 12, 40, 48
30: 0, 12, 40, 48
31: 0, 11, 39, 48
32: 0, 10, 39, 48
33: 0, 10, 38, 48
34: 0, 9, 37, 48
35: 0, 8, 36, 47
36: 0, 8, 34, 48
37: 0, 7, 32, 47
38: 0, 6, 31, 47
