0: 0, 27
1: 0, 24, 25, 26
2: 0, 24
3: 0, 19
4: 0, 18
5: 0, 18
6: 0, 19
7: 0, 18
8: 0, 20
9: 0, 21
10: 0, 21, 42, 43
11: 0, 21
12: 0, 20
13: 0, 21, 44, 45, 48, 49
14: 0, 20
15: 0, 20, 50, 51
16: 0, 18, 19, 20, 34, 35
17: 0, 18, 37, 38, 44, 45
18: 0, 19, 39, 40, 46, 47
19: 0, 18, 48, 49
20: 0, 19, 41, 42, 50, 51
21: 0, 18, 34, 35, 44, 45
22: 1, 17, 28, 29, 37, 38, 46, 47, 49, 50
23: 3, 18, 41, 42
24: 5, 15, 43, 44, 48, 49, 51, 52
25: 8, 9, 10, 11, 30, 31, 34, 35, 38, 39, 46, 47
26: 41, 42, 44, 45, 50, 51
27: 36, 37, 48, 49
28: 33, 34, 40, 41, 43, 44, 46, 47, 51, 52
29: 26, 27, 37, 38, 49, 50
30: 29, 30, 41, 42, 45, 46, 47, 48
31: 35, 36, 39, 40, 43, 44, 49, 50, 51, 52
32: 32, 33, 45, 46, 48, 49
33: 36, 37, 39, 40, 41, 42, 43, 44, 47, 48, 51, 52
34: 27, 28, 46, 47, 50, 51
35: 29, 30, 34, 35, 37, 38, 40, 41, 43, 44, 45, 46, 49, 50
36: 31, 32, 48, 49, 51, 52
37: 35, 36, 38, 39, 40, 41, 42, 43, 44, 45, 46, 47, 49, 50
38: 47, 48, 50, 51
