0: 26, 47, 48, 49, 50, 51
1: 22, 23, 26, 29, 30, 48, 49, 50
2: 24, 29, 30, 47, 48, 49, 50, 51
3: 17, 18, 25, 28, 29, 49, 50, 51
4: 24, 27, 28, 29, 30, 47, 48, 49, 50, 51
5: 23, 48, 49, 50
6: 23, 27, 30, 48, 49, 50, 51, 52
7: 19, 20, 24, 50
8: 23, 49, 50, 51
9: 25, 47, 48, 50, 51, 52
10: 20, 21, 23, 24, 25, 49, 50, 51
11: 25, 26, 27, 48, 49, 50
12: 26, 46, 47, 48, 49, 50
13: 23, 24, 26, 47, 48, 49, 50, 51
14: 29, 44, 45, 46, 47, 48
15: 28, 29, 31, 45, 46, 47
16: 25, 26, 31, 44, 45, 46, 47, 48, 49, 50
17: 31, 46, 47, 48
18: 29, 30, 32, 44, 45, 46, 47, 48
19: 25, 26, 31, 45, 46, 47, 49, 50
20: 31, 44, 45, 46, 47, 48
21: 27, 28, 31, 45, 46, 47, 48, 49
22: 30, 44, 45, 46, 47, 48
23: 24, 25, 31, 45, 46, 47, 49, 50
24: 28, 29, 30, 44, 45, 46, 47, 48
25: 21, 22, 26, 46, 48, 49
26: 26, 49, 50, 51
27: 23, 24, 28, 48, 49, 50
28: 28, 50, 51, 52
29: 26, 50, 51, 52
30: 28, 46, 47, 49, 50, 51
31: 29, 31, 33, 34, 35, 37, 38, 48
32: 29, 30, 43, 44, 49, 50
33: 44, 45
34: 
35: 
36: 
37: 
38: 
