0: 6, 7, 28, 42
1: 10, 11, 29, 42
2: 28, 41
3: 29, 41
4: 29, 40
5: 29, 40
6: 14, 15, 30, 39
7: 5, 6, 16, 17, 30, 39
8: 18, 19, 30, 39
9: 8, 9, 30, 40
10: 21, 22, 31, 40
11: 4, 5, 31, 40
12: 10, 11, 31, 37, 38, 40
13: 12, 13, 31, 37, 38, 40
14: 2, 3, 6, 7, 15, 16, 23, 24, 31, 39
15: 32, 37, 38, 39
16: 8, 9, 17, 18, 31, 39
17: 3, 4, 11, 12, 31, 39
18: 5, 6, 13, 14, 19, 20, 30, 39
19: 1, 2, 9, 10, 30, 38
20: 4, 5, 7, 8, 16, 17, 27, 28, 30, 39
21: 1, 2, 3, 4, 5, 6, 11, 12, 23, 25, 26, 37
22: 7, 8, 9, 10, 13, 14, 20, 37
23: 0, 7, 10, 11, 17, 22, 26, 29, 31, 37
24: 0, 10, 12, 13, 14, 15, 17, 18, 32, 37
25: 0, 12, 30, 37
26: 0, 12, 13, 14, 15, 16, 17, 18, 20, 21, 24, 25, 30, 36
27: 0, 14, 30, 36
28: 0, 14, 15, 16, 29, 36
29: 0, 15, 16, 17, 18, 19, 21, 22, 30, 35
30: 0, 16, 24, 25, 29, 33
31: 0, 17, 18, 19, 26, 27, 29, 30
32: 0, 16, 20, 21, 33, 34
33: 0, 17, 18, 19, 23, 24, 29, 30
34: 0, 18
35: 0, 17, 20, 21, 26, 27
36: 0, 17, 18, 19, 22, 23
37: 0, 18, 19, 20
38: 0, 17
