0: 0, 23
1: 0, 23
2: 0, 24
3: 0, 23
4: 0, 23
5: 0, 22
6: 0, 22
7: 0, 21, 27, 29
8: 0, 21, 27, 31
9: 0, 20, 26, 31
10: 0, 19, 25, 32
11: 0, 19, 25, 32
12: 0, 18, 24, 32, 36, 37
13: 0, 19, 24, 32, 36, 37
14: 0, 18, 24, 32, 36, 38
15: 0, 18, 25, 33, 36, 38
16: 0, 18, 25, 32, 36, 37
17: 0, 18, 25, 33
18: 0, 18, 25, 32
19: 0, 20, 22, 23, 25, 33
20: 0, 24, 26, 32
21: 0, 24, 26, 33
22: 0, 25, 26, 32
23: 0, 25, 27, 31
24: 0, 30
25: 0, 29
26: 0, 26
27: 0, 26
28: 0, 26
29: 0, 27
30: 0, 30
31: 0, 31
32: 0, 32
33: 0, 32
34: 0, 32
35: 0, 32
36: 0, 33
37: 0, 34
38: 0, 34
