0: 0, 10, 26, 31
1: 0, 10, 25, 30, 31, 32
2: 0, 10, 23, 31
3: 0, 11, 23, 29
4: 0, 11, 21, 22, 23, 29, 51, 52
5: 0, 9, 21, 22, 23, 29, 50, 52
6: 0, 9, 21, 22, 23, 28, 50, 52
7: 0, 8, 21, 23, 24, 28, 51, 52
8: 0, 7, 21, 22, 24, 28
9: 0, 6, 21, 23, 24, 28
10: 0, 5, 23, 28, 51, 52
11: 0, 4, 8, 9, 25, 27, 50, 52
12: 0, 3, 7, 9, 50, 52
13: 0, 2, 7, 8, 49, 52
14: 0, 2, 11, 13, 48, 52
15: 0, 1, 7, 8, 11, 13, 47, 52
16: 0, 1, 6, 7, 10, 13, 47, 52
17: 6, 7, 10, 14, 46, 52
18: 10, 15, 45, 52
19: 12, 13, 14, 16, 22, 24, 44, 52
20: 4, 6, 8, 17, 23, 24, 42, 52
21: 0, 16, 24, 25, 33, 52
22: 0, 14, 25, 26, 31, 52
23: 0, 14, 26, 27, 29, 52
24: 0, 14, 25, 27, 28, 52
25: 0, 12, 26, 52
26: 0, 11, 25, 52
27: 0, 11, 25, 52
28: 0, 10, 24, 52
29: 0, 11, 24, 52
30: 0, 11, 24, 52
31: 0, 12, 23, 52
32: 0, 13, 22, 52
33: 0, 13, 21, 52
34: 0, 14, 20, 52
35: 0, 14, 19, 52
36: 0, 15, 17, 52
37: 0, 52
38: 0, 52
