0: 7, 9, 13, 37
1: 7, 10, 13, 37
2: 7, 10, 14, 37
3: 7, 11, 15, 37
4: 6, 10, 16, 36
5: 6, 10, 17, 38
6: 5, 10, 19, 37
7: 5, 9, 22, 37
8: 4, 9, 24, 36
9: 4, 8, 25, 35
10: 3, 8, 26, 35
11: 3, 8, 27, 35
12: 3, 7, 28, 34
13: 3, 8, 26, 34
14: 2, 7, 25, 34
15: 3, 7, 24, 38
16: 2, 7, 24, 26, 28, 40
17: 2, 7, 24, 42
18: 2, 7, 25, 35, 38, 44
19: 2, 7, 25, 35, 41, 45, 49, 52
20: 2, 8, 25, 34, 41, 52
21: 2, 7, 23, 24, 25, 34, 37, 38, 39, 46
22: 2, 8, 21, 25, 26, 39, 42, 43
23: 3, 8, 21, 34
24: 2, 8, 22, 33
25: 3, 9, 19, 22, 23, 31
26: 3, 9, 15, 18, 19, 30
27: 3, 9, 11, 16, 17, 31
28: 3, 12, 18, 31
29: 4, 10, 19, 31
30: 3, 7, 20, 31
31: 21, 32
32: 22, 31
33: 25, 30
34: 
35: 
36: 
37: 
38: 
