0: 2, 5, 14, 16, 50, 52
1: 2, 5, 13, 17, 25, 27, 50, 52
2: 1, 5, 13, 16, 25, 27, 50, 52
3: 1, 6, 13, 17, 25, 28, 49, 52
4: 1, 6, 13, 17, 24, 27, 37, 38, 44, 45, 46, 47, 49, 52
5: 1, 6, 12, 17, 24, 28, 35, 36, 43, 45, 49, 52
6: 0, 6, 12, 18, 24, 28, 35, 38, 43, 46, 49, 52
7: 0, 7, 12, 17, 24, 29, 35, 37, 43, 47, 48, 52
8: 0, 7, 12, 18, 23, 28, 35, 38, 43, 46, 48, 52
9: 0, 7, 11, 18, 23, 29, 34, 39, 43, 47, 48, 52
10: 0, 7, 11, 19, 23, 29, 34, 38, 42, 47, 48, 52
11: 0, 6, 11, 18, 23, 29, 34, 39, 42, 47, 48, 52
12: 0, 7, 11, 18, 22, 29, 34, 39, 42, 47, 49, 52
13: 1, 6, 12, 18, 22, 30, 34, 39, 42, 48, 50, 52
14: 2, 5, 12, 17, 23, 29, 33, 39, 41, 48, 50, 52
15: 1, 5, 13, 16, 23, 29, 33, 40, 41, 48, 49, 52
16: 0, 12, 13, 17, 24, 29, 33, 40, 41, 48, 49, 52
17: 0, 19, 20, 21, 24, 27, 33, 40, 41, 47, 48, 52
18: 7, 8, 9, 28, 33, 39, 42, 51
19: 16, 31, 34, 39, 43, 50
20: 21, 22, 23, 33, 34, 39, 43, 49
21: 26, 38, 43, 48
22: 29, 37, 42, 47
23: 31, 38, 41, 46
24: 34, 39, 40, 45
25: 35, 44
26: 37, 43
27: 39, 41
28: 51, 52
29: 50, 52
30: 51, 52
31: 
32: 
33: 
34: 
35: 
36: 
37: 
38: 
