0: 40, 52
1: 41, 52
2: 40, 52
3: 41, 52
4: 0, 1, 41, 52
5: 0, 2, 40, 52
6: 0, 3, 41, 52
7: 0, 4, 41, 52
8: 2, 6, 41, 52
9: 3, 9, 41, 52
10: 5, 12, 13, 14, 42, 52
11: 8, 17, 18, 19, 41, 52
12: 11, 23, 24, 25, 27, 32, 34, 35, 36, 52
13: 14, 15, 16, 52
14: 20, 21, 22, 52
15: 27, 32, 36, 41, 42, 52
16: 27, 32, 37, 52
17: 27, 32, 37, 52
18: 28, 32, 37, 52
19: 29, 33, 37, 52
20: 29, 33, 38, 52
21: 29, 33, 39, 52
22: 30, 34, 40, 52
23: 30, 34, 40, 52
24: 31, 35, 41, 52
25: 31, 34, 41, 52
26: 30, 35, 42, 52
27: 31, 34, 41, 52
28: 31, 35, 38, 52
29: 30, 35, 37, 50
30: 31, 35, 36, 50
31: 30, 49
32: 27, 49
33: 26, 48
34: 26, 48
35: 26, 47
36: 27, 46
37: 29, 46
38: 24, 25, 29, 45
