0: 25, 40
1: 25, 41
2: 26, 40
3: 25, 41
4: 25, 40
5: 25, 41
6: 20, 21, 24, 26, 27, 40, 47, 48
7: 20, 21, 24, 40, 41, 43, 47, 48
8: 19, 21, 24, 40, 41, 43, 47, 48
9: 19, 21, 23, 40, 41, 43, 46, 48, 51, 52
10: 5, 6, 16, 17, 19, 22, 23, 26, 27, 43, 46, 49, 51, 52
11: 5, 6, 16, 17, 19, 22, 23, 44, 46, 48, 51, 52
12: 4, 6, 11, 12, 15, 17, 18, 22, 24, 26, 27, 43, 45, 49, 50, 52
13: 4, 6, 10, 12, 15, 17, 18, 21, 24, 40, 41, 43, 45, 48, 50, 52
14: 3, 6, 10, 12, 15, 17, 19, 42, 46, 48, 50, 52
15: 2, 6, 9, 12, 14, 17, 19, 22, 27, 49, 50, 52
16: 2, 6, 9, 12, 14, 17, 19, 20, 27, 40, 45, 46, 47, 48, 49, 52
17: 2, 5, 8, 12, 14, 17, 18, 20, 28, 40, 51, 52
18: 3, 5, 8, 12, 14, 18, 28, 39
19: 0, 5, 9, 11, 15, 18, 30, 38
20: 0, 1, 2, 8, 9, 11, 14, 17, 32, 37
21: 5, 10, 13, 16, 31, 37
22: 8, 11, 12, 14, 29, 37
23: 10, 14, 28, 39
24: 28, 40
25: 26, 40
26: 23, 24, 25, 42
27: 23, 41
28: 23, 40
29: 25, 40
30: 25, 40
31: 25, 40
32: 25, 40
33: 26, 40
34: 27, 39
35: 28, 38
36: 29, 37
37: 
38: 
