0: 0, 12, 13, 20, 35, 52
1: 0, 12, 13, 21, 30, 31, 36, 52
2: 0, 13, 14, 21, 29, 32, 36, 52
3: 0, 13, 15, 22, 29, 33, 37, 52
4: 0, 14, 15, 21, 29, 33, 37, 52
5: 0, 21, 29, 34, 37, 52
6: 0, 14, 16, 21, 30, 33, 37, 52
7: 0, 14, 15, 21, 30, 32, 36, 52
8: 0, 15, 16, 21, 35, 52
9: 0, 15, 16, 21, 35, 52
10: 0, 15, 18, 21, 34, 52
11: 0, 15, 33, 52
12: 0, 15, 32, 52
13: 0, 14, 18, 19, 32, 52
14: 0, 15, 18, 20, 32, 52
15: 0, 14, 17, 22, 32, 52
16: 0, 12, 17, 22, 33, 52
17: 0, 13, 17, 23, 33, 52
18: 0, 9, 12, 13, 17, 18, 19, 23, 33, 52
19: 0, 8, 21, 24, 34, 52
20: 0, 7, 22, 23, 34, 52
21: 0, 6, 36, 52
22: 0, 6, 37, 52
23: 0, 6, 37, 52
24: 0, 6, 23, 24, 37, 52
25: 0, 6, 22, 24, 38, 52
26: 0, 6, 22, 23, 38, 52
27: 0, 7, 16, 24, 38, 52
28: 0, 8, 15, 24, 34, 36, 37, 52
29: 0, 9, 14, 26, 27, 28, 30, 31, 35, 52
30: 0, 29, 30, 32, 36, 52
31: 0, 33, 39, 52
32: 0, 35, 40, 52
33: 0, 36, 39, 52
34: 0, 37, 39, 52
35: 0, 38, 40, 52
36: 0, 39, 40, 52
37: 0, 40, 41, 52
38: 0, 52
