0: 0, 6, 10, 15, 21, 23, 25, 29, 44, 52
1: 0, 6, 9, 14, 22, 23, 25, 29, 45, 52
2: 0, 6, 10, 14, 24, 29, 44, 52
3: 0, 1, 5, 6, 11, 12, 25, 29, 45, 52
4: 25, 28, 44, 52
5: 25, 27, 44, 52
6: 25, 27, 44, 52
7: 26, 28, 44, 52
8: 44, 52
9: 44, 52
10: 43, 52
11: 22, 23, 44, 52
12: 22, 24, 43, 52
13: 21, 24, 43, 52
14: 20, 24, 26, 27, 28, 30, 44, 52
15: 0, 1, 19, 24, 26, 30, 43, 52
16: 0, 1, 17, 18, 19, 24, 26, 31, 44, 52
17: 0, 2, 16, 24, 26, 31, 44, 52
18: 0, 3, 15, 24, 26, 32, 44, 52
19: 0, 3, 13, 24, 26, 31, 44, 52
20: 0, 4, 13, 24, 26, 30, 44, 52
21: 0, 5, 12, 24, 26, 30, 44, 52
22: 0, 6, 14, 24, 26, 29, 44, 52
23: 0, 6, 11, 12, 14, 24, 26, 30, 44, 52
24: 0, 7, 11, 24, 26, 30, 44, 52
25: 0, 6, 11, 24, 26, 29, 44, 52
26: 0, 6, 12, 25, 26, 29, 43, 52
27: 0, 3, 4, 6, 12, 24, 26, 29, 43, 52
28: 0, 3, 4, 5, 12, 24, 26, 29, 42, 52
29: 0, 3, 12, 25, 26, 30, 42, 52
30: 0, 5, 11, 31, 41, 52
31: 0, 3, 12, 32, 39, 52
32: 0, 4, 11, 52
33: 0, 4, 12, 52
34: 0, 3, 11, 52
35: 0, 4, 11, 52
36: 0, 4, 9, 52
37: 0, 3, 10, 52
38: 0, 3, 9, 52
