0: 17, 35
1: 1, 6, 17, 34
2: 3, 8, 18, 34, 42, 43
3: 5, 11, 18, 33, 39, 43
4: 4, 5, 8, 14, 18, 33, 36, 40
5: 4, 5, 11, 16, 19, 32, 34, 38
6: 13, 18, 19, 35
7: 0, 3, 15, 33
8: 2, 7, 18, 31
9: 4, 5, 6, 7, 20, 30
10: 3, 8, 20, 30
11: 4, 8, 21, 30
12: 4, 8, 18, 31
13: 4, 8, 17, 33
14: 5, 8, 15, 18, 19, 29, 30, 34
15: 4, 8, 14, 16, 20, 29, 32, 36
16: 3, 9, 12, 14, 19, 30, 34, 38
17: 4, 8, 10, 13, 19, 21, 23, 29, 36, 40, 41, 42
18: 4, 8, 19, 22, 23, 30, 37, 43
19: 4, 7, 19, 29, 40, 44
20: 4, 7, 20, 30, 32, 45
21: 4, 7, 20, 46
22: 4, 7, 20, 35, 36, 37, 46, 48
23: 5, 6, 21, 34, 47, 50
24: 22, 33, 49, 52
25: 23, 31, 51, 52
26: 24, 28
27: 23, 24, 25, 30
28: 22, 30
29: 22, 31
30: 22, 32
31: 22, 32
32: 23, 31
33: 23, 32
34: 24, 32
35: 25, 28, 31, 33
36: 31, 33
37: 31, 32
38: 32, 33
