0: 23, 40
1: 23, 39
2: 19, 20, 23, 39
3: 19, 39
4: 19, 39
5: 20, 38
6: 19, 38
7: 18, 38
8: 19, 38
9: 19, 38
10: 19, 38
11: 19, 38
12: 18, 37, 51, 52
13: 17, 38, 47, 52
14: 16, 37, 45, 47, 50, 52
15: 15, 38, 44, 46, 49, 52
16: 15, 37, 44, 45, 47, 52
17: 14, 38, 43, 45, 46, 52
18: 13, 25, 26, 37, 43, 52
19: 15, 22, 26, 27, 28, 37, 38, 39, 40, 41, 42, 52
20: 26, 38, 41, 52
21: 26, 37, 40, 52
22: 26, 37, 39, 52
23: 25, 52
24: 24, 52
25: 23, 52
26: 22, 52
27: 22, 52
28: 22, 23, 24, 51
29: 23, 24, 25, 51
30: 25, 52
31: 23, 24, 25, 52
32: 21, 22, 25, 52
33: 20, 21, 24, 52
34: 20, 22, 23, 52
35: 19, 20, 22, 52
36: 18, 19, 20, 52
37: 17, 52
38: 17, 18, 19, 51
