0: 12, 26
1: 9, 25
2: 7, 26
3: 7, 25
4: 8, 25, 29, 30
5: 9, 25
6: 10, 25, 49, 50
7: 12, 25
8: 14, 25
9: 15, 25
10: 0, 2, 16, 25
11: 17, 24
12: 18, 25
13: 18, 24, 36, 37
14: 19, 24
15: 18, 25, 39, 40
16: 15, 16, 18, 27
17: 8, 9, 18, 30
18: 8, 11, 18, 24, 25, 27, 29, 30
19: 8, 12, 18, 25, 29, 30
20: 7, 13, 18, 25, 26, 27
21: 7, 14, 19, 24
22: 7, 14, 18, 23
23: 7, 16, 18, 22
24: 8, 21, 43, 44
25: 7, 22
26: 8, 23
27: 8, 23, 46, 47
28: 9, 24, 25, 26
29: 9, 24
30: 10, 22
31: 10, 22
32: 9, 10, 11, 23
33: 12, 23
34: 14, 24
35: 16, 24
36: 18, 24
37: 51, 52
38: 50, 52
