0: 19, 21, 27, 29
1: 20, 21, 27, 28
2: 20, 21, 26, 28
3: 19, 21, 27, 28, 49, 50
4: 20, 22, 26, 28, 46, 47, 48, 50
5: 20, 21, 26, 28, 45, 46, 47, 49
6: 19, 27, 43, 44, 45, 48
7: 18, 28, 43, 44, 45, 46
8: 16, 28, 42, 45
9: 15, 29, 41, 44
10: 1, 2, 16, 29, 33, 34, 40, 42
11: 2, 6, 7, 8, 18, 28, 30, 33, 39, 42
12: 6, 7, 8, 9, 19, 28, 29, 31, 38, 40
13: 6, 9, 17, 18, 20, 29, 37, 39
14: 6, 10, 15, 16, 17, 19, 21, 27, 36, 38
15: 6, 9, 13, 29, 35, 37
16: 7, 10, 19, 27, 28, 33, 34, 36
17: 6, 9, 18, 21, 23, 27, 33, 35
18: 6, 10, 17, 18, 20, 21, 23, 27, 32, 34
19: 5, 10, 16, 17, 20, 22, 23, 28, 30, 32
20: 6, 10, 21, 27, 29, 31
21: 7, 9, 21, 31
22: 6, 9, 22, 30, 37, 38
23: 7, 9, 23, 29, 35, 36
24: 7, 9, 24, 27
25: 23, 28
26: 23, 28
27: 22, 29
28: 22, 30
29: 23, 30
30: 25, 26, 27, 30
31: 28, 29
32: 46, 47
33: 41, 43
34: 39, 45
35: 31, 32, 33, 36, 37, 45
36: 30, 45
37: 30, 31, 37, 38, 39, 45
38: 29, 30, 40, 44
