0: 19, 33
1: 19, 33
2: 19, 32
3: 19, 32
4: 20, 32
5: 20, 31
6: 20, 31
7: 20, 32
8: 21, 31
9: 21, 32
10: 21, 32
11: 22, 32
12: 21, 32
13: 21, 31
14: 21, 32, 51, 52
15: 21, 31, 51, 52
16: 20, 32, 34, 36, 39, 40, 50, 52
17: 17, 18, 20, 32, 33, 36, 38, 42, 48, 51
18: 5, 7, 13, 15, 17, 41, 44, 45, 47, 52
19: 5, 9, 13, 19, 20, 32, 40, 41, 42, 52
20: 6, 9, 10, 11, 13, 15, 21, 31, 41, 48
21: 7, 13, 21, 31, 44, 47
22: 8, 13, 22, 23, 24, 32
23: 9, 11, 24, 27, 29, 33
24: 20, 22, 23, 28, 29, 33
25: 21, 33
26: 20, 33
27: 18, 33
28: 17, 33
29: 19, 33
30: 20, 36
31: 19, 35
32: 19, 35
33: 19, 35
34: 20, 30, 31, 34
35: 21, 29
36: 25, 26
37: 
38: 
