0: 19, 25, 33, 34, 41, 42
1: 18, 27, 31, 37, 40, 44
2: 18, 27, 29, 36, 39, 40, 43, 45
3: 18, 27, 28, 35, 38, 39, 41, 45
4: 17, 25, 28, 45
5: 17, 23, 26, 33, 34, 43
6: 16, 23, 26, 32, 35, 43
7: 17, 23, 27, 31, 36, 41
8: 14, 22, 27, 32, 37, 41
9: 12, 20, 27, 33, 36, 41
10: 11, 18, 28, 30, 35, 36, 38, 44
11: 10, 17, 27, 29, 39, 40, 43, 44
12: 10, 12, 14, 15, 28, 29
13: 9, 11, 13, 14, 28, 29, 34, 35
14: 9, 11, 28, 29, 32, 36
15: 9, 10, 30, 34
16: 9, 10, 30, 32
17: 29, 31
18: 
19: 
20: 
21: 
22: 
23: 10, 11
24: 10, 12
25: 10, 13
26: 10, 13
27: 9, 14
28: 9, 16
29: 9, 15
30: 8, 15
31: 9, 14
32: 10, 11
33: 
34: 
35: 
36: 
37: 
38: 
