0: 0, 15, 16, 19, 34, 52
1: 0, 14, 15, 18, 30, 31, 34, 52
2: 0, 14, 16, 19, 29, 30, 34, 52
3: 0, 14, 16, 19, 29, 31, 34, 52
4: 0, 14, 16, 17, 28, 31, 34, 52
5: 0, 14, 16, 18, 29, 31, 35, 52
6: 0, 14, 19, 20, 28, 31, 34, 52
7: 0, 13, 14, 15, 28, 29, 34, 52
8: 0, 14, 33, 52
9: 0, 14, 32, 52
10: 0, 7, 8, 9, 10, 12, 13, 14, 31, 52
11: 0, 5, 12, 13, 31, 52
12: 0, 4, 29, 52
13: 0, 3, 16, 18, 29, 52
14: 0, 3, 16, 18, 28, 52
15: 0, 3, 18, 19, 28, 52
16: 0, 3, 28, 52
17: 0, 3, 28, 52
18: 0, 3, 28, 52
19: 0, 4, 29, 52
20: 0, 4, 29, 52
21: 0, 6, 11, 12, 19, 20, 29, 52
22: 0, 13, 17, 19, 30, 52
23: 0, 18, 29, 52
24: 0, 18, 30, 52
25: 0, 17, 30, 52
26: 0, 18, 31, 52
27: 0, 18, 31, 52
28: 0, 19, 31, 52
29: 0, 21, 30, 52
30: 0, 20, 30, 52
31: 0, 21, 22, 23, 29, 52
32: 0, 21, 22, 24, 27, 52
33: 0, 25, 27, 52
34: 0, 25, 28, 52
35: 0, 24, 27, 52
36: 0, 23, 28, 52
37: 0, 23, 28, 52
38: 0, 24, 25, 26, 28, 52
