0: 5, 10, 20, 32
1: 5, 9, 20, 31
2: 4, 9, 21, 32
3: 4, 9, 21, 31, 50, 51
4: 3, 8, 21, 32, 48, 51
5: 3, 8, 22, 31, 48, 51
6: 2, 8, 22, 31, 47, 50
7: 3, 8, 22, 31, 46, 48
8: 2, 7, 23, 31, 46, 48
9: 2, 8, 24, 31, 45, 47
10: 2, 7, 24, 30, 45, 47
11: 2, 8, 25, 31, 44, 46
12: 2, 7, 25, 30, 43, 45
13: 1, 7, 25, 34, 35, 36, 37, 38, 42, 44
14: 2, 7, 25, 39, 42, 44
15: 1, 8, 25, 39, 40, 43
16: 1, 7, 25, 34, 35, 42
17: 1, 7, 24, 34, 37, 41
18: 1, 7, 25, 35, 37, 40
19: 1, 7, 24, 38, 39, 40
20: 1, 7, 24, 31, 32, 37
21: 1, 7, 24, 35
22: 1, 10, 24, 34
23: 0, 12, 22, 30
24: 0, 2, 5, 6, 8, 9, 10, 14, 15, 16, 18, 19, 20, 29
25: 0, 2, 12, 30
26: 16, 17, 19, 20, 21, 30
27: 22, 31
28: 21, 30
29: 21, 31
30: 22, 31
31: 22, 31
32: 22, 31
33: 23, 32
34: 24, 29
35: 
36: 
37: 
38: 
