0: 0, 25
1: 0, 25
2: 0, 25, 44, 46
3: 0, 25, 42, 49
4: 0, 25, 41, 50
5: 0, 25, 40, 52
6: 0, 25, 39, 52
7: 0, 25, 40, 52
8: 0, 26, 41, 52
9: 0, 25, 42, 48
10: 0, 25, 43, 48
11: 0, 26, 43, 47
12: 0, 25, 41, 44
13: 0, 26
14: 0, 25
15: 0, 26
16: 0, 26
17: 0, 26
18: 0, 26
19: 1, 26
20: 2, 26
21: 3, 26
22: 2, 26
23: 3, 26
24: 2, 15, 16, 26
25: 1, 9, 10, 11, 12, 13, 16, 27
26: 1, 8, 14, 26
27: 0, 6, 14, 27
28: 0, 4, 11, 26
29: 0, 1, 10, 27
30: 7, 26
31: 6, 27
32: 3, 27
33: 1, 27
34: 0, 27
35: 0, 27
36: 0, 27
37: 0, 27
38: 0, 27
