0: 8, 20, 33, 49
1: 8, 20, 33, 49
2: 9, 19, 33, 48
3: 9, 19, 33, 47
4: 8, 9, 10, 19, 33, 46
5: 8, 9, 10, 19, 33, 45
6: 9, 19, 33, 44
7: 8, 20, 31, 44
8: 9, 22, 30, 44
9: 8, 24, 28, 44
10: 9, 25, 27, 43
11: 9, 21, 22, 25, 26, 30, 31, 43
12: 10, 22, 24, 27, 30, 43
13: 9, 42
14: 9, 21, 22, 30, 31, 43
15: 10, 21, 24, 28, 31, 43
16: 10, 21, 25, 28, 31, 42
17: 10, 21, 24, 27, 31, 42
18: 10, 20, 25, 27, 32, 42
19: 11, 20, 32, 41
20: 11, 20, 32, 41
21: 11, 20, 32, 41
22: 12, 21, 31, 40
23: 12, 23, 29, 40
24: 12, 24, 28, 40
25: 12, 24, 28, 40
26: 12, 24, 28, 39
27: 13, 23, 28, 39
28: 13, 23, 29, 39
29: 14, 22, 23, 24, 30, 38
30: 15, 25, 29, 31, 32, 37
31: 17, 24, 29, 34
32: 18, 23, 28, 33
33: 17, 23, 27, 28, 31, 32
34: 22, 24, 27, 28, 30, 31
35: 22, 24
36: 23, 25
37: 
38: 
