0: 0, 52
1: 0, 52
2: 0, 52
3: 0, 52
4: 0, 52
5: 0, 52
6: 0, 52
7: 0, 49
8: 0, 46
9: 0, 43
10: 0, 39
11: 0, 32, 33, 34
12: 0, 32
13: 0, 32
14: 0, 19, 21, 28
15: 0, 20, 22, 25
16: 0, 20, 21, 22, 47, 48, 49, 50, 51, 52
17: 0, 16, 44, 45, 48, 49, 50, 52
18: 0, 17, 40, 41, 43, 44, 45, 52
19: 0, 19, 20, 21, 37, 38, 39, 40, 41, 52
20: 0, 15, 33, 34, 36, 37, 38, 52
21: 0, 15, 29, 30, 31, 52
22: 0, 16, 17, 19, 20, 21, 28, 29, 30, 52
23: 0, 18, 26, 52
24: 0, 16, 23, 24, 25, 52
25: 0, 16, 20, 23, 24, 52
26: 0, 16, 17, 52
27: 0, 52
28: 0, 52
29: 0, 52
30: 0, 52
31: 0, 52
32: 0, 52
33: 0, 52
34: 0, 52
35: 0, 52
36: 0, 52
37: 0, 52
38: 0, 52
