0: 12, 17, 18, 19, 37, 39, 40, 41
1: 10, 20, 37, 41
2: 9, 21, 36, 43, 44, 45
3: 6, 21, 34, 45
4: 5, 21, 34, 47
5: 5, 21, 34, 49
6: 6, 21, 34, 49
7: 6, 21, 34, 49
8: 7, 21, 34, 49
9: 9, 21, 34, 48
10: 9, 21, 34, 48
11: 10, 20, 34, 48
12: 11, 20, 34, 47
13: 10, 20, 34, 46
14: 10, 20, 34, 45
15: 11, 19, 34, 44
16: 11, 20, 34, 43
17: 12, 19, 34, 42, 44, 45
18: 3, 7, 11, 14, 15, 19, 34, 42, 44, 48
19: 4, 8, 11, 14, 16, 19, 34, 38, 39, 42, 43, 48
20: 4, 9, 11, 19, 34, 38, 39, 43, 44, 48
21: 4, 10, 12, 20, 34, 38, 39, 48
22: 5, 12, 13, 20, 34, 48
23: 5, 12, 13, 19, 33, 47
24: 6, 13, 14, 19, 34, 47
25: 7, 18, 35, 40, 41, 47
26: 8, 17, 35, 45
27: 10, 16, 36, 45
28: 10, 17, 37, 44
29: 11, 18, 36, 43
30: 11, 17, 36, 43
31: 11, 18, 36, 43
32: 12, 17, 36, 42
33: 11, 16, 36, 41
34: 12, 15, 37, 41
35: 12, 14, 39, 41
36: 11, 12, 40, 42
37: 41, 42
38: 
