0: 19, 24, 28, 52
1: 19, 25, 29, 52
2: 18, 19, 20, 24, 29, 52
3: 19, 25, 27, 52
4: 18, 24, 28, 52
5: 19, 25, 29, 52
6: 19, 24, 28, 52
7: 19, 25, 29, 52
8: 18, 24, 29, 52
9: 18, 25, 29, 52
10: 19, 24, 29, 52
11: 19, 25, 28, 52
12: 20, 24, 28, 52
13: 21, 25, 26, 52
14: 20, 23, 25, 52
15: 21, 52
16: 20, 52
17: 21, 24, 25, 52
18: 21, 52
19: 22, 52
20: 22, 24, 25, 52
21: 22, 52
22: 22, 24, 25, 52
23: 22, 24, 25, 52
24: 22, 24, 25, 52
25: 22, 24, 25, 52
26: 22, 24, 25, 52
27: 22, 24, 25, 52
28: 21, 23, 25, 52
29: 22, 24, 25, 52
30: 21, 23, 24, 52
31: 21, 23, 25, 52
32: 22, 23, 24, 52
33: 25, 52
34: 24, 52
35: 25, 52
36: 25, 52
37: 24, 52
38: 25, 52
