0: 0, 52
1: 0, 52
2: 0, 52
3: 0, 52
4: 0, 52
5: 0, 52
6: 0, 52
7: 0, 52
8: 0, 52
9: 0, 52
10: 0, 52
11: 0, 52
12: 0, 52
13: 0, 52
14: 0, 52
15: 0, 52
16: 0, 52
17: 0, 52
18: 0, 51
19: 0, 52
20: 0, 49, 50, 51
21: 0, 48, 49, 50, 51, 52
22: 0, 43, 44, 46, 47, 48, 49, 50
23: 0, 45, 46, 47, 48, 49
24: 0, 43, 44, 45, 46, 47
25: 0, 22, 25, 37, 38, 41, 42, 43, 44, 45
26: 0, 22, 26, 39, 40, 41, 42, 43
27: 0, 21, 25, 38, 39, 40, 41, 42
28: 0, 22, 26, 33, 34, 36, 37, 38, 39, 40
29: 0, 23, 26, 36, 37, 38
30: 0, 23, 27, 30, 31, 34
31: 0, 23, 28, 32, 35, 36
32: 0, 23, 28, 29, 30, 31, 33, 34
33: 0, 24, 27, 28, 29, 30, 31, 32
34: 0, 25, 26, 27, 28, 29
35: 0, 23, 24, 26, 27, 28
36: 0, 18, 19, 22, 23, 24
37: 0, 20, 21, 23, 24, 25
38: 0, 19, 20, 21
