0: 0, 10, 15, 31, 44, 52
1: 0, 11, 13, 31, 45, 52
2: 0, 12, 13, 31, 44, 52
3: 0, 30, 44, 52
4: 0, 31, 49, 52
5: 0, 30, 51, 52
6: 0, 22, 26, 30
7: 0, 21
8: 0, 21
9: 0, 21
10: 0, 21
11: 0, 21, 26, 27
12: 0, 21, 26, 28
13: 0, 22, 26, 30
14: 0, 21, 26, 30
15: 0, 22, 25, 33
16: 0, 22, 26, 35
17: 0, 22, 26, 36
18: 0, 22, 25, 37
19: 0, 22, 26, 38
20: 0, 22, 26, 28, 30, 37
21: 0, 21, 26, 27, 28, 34
22: 0, 21, 27, 34, 51, 52
23: 0, 20, 26, 34, 51, 52
24: 0, 20, 25, 33, 51, 52
25: 0, 20, 24, 33, 51, 52
26: 0, 18, 20, 34, 51, 52
27: 0, 33, 51, 52
28: 0, 32, 50, 52
29: 0, 32, 51, 52
30: 0, 32, 50, 52
31: 0, 32, 50, 52
32: 0, 32, 50, 52
33: 0, 32, 50, 52
34: 0, 33, 49, 52
35: 0, 34, 48, 52
36: 0, 35, 48, 52
37: 0, 37, 38, 39, 46, 52
38: 0, 39, 46, 52
