0: 12, 15, 17, 33
1: 11, 15, 16, 33
2: 11, 14, 17, 33
3: 10, 14, 16, 33
4: 10, 14, 17, 33
5: 10, 13, 17, 33
6: 10, 15, 17, 33
7: 11, 34
8: 11, 34
9: 12, 34
10: 12, 33
11: 13, 33
12: 13, 32
13: 15, 31
14: 17, 30
15: 19, 31
16: 18, 30
17: 19, 31
18: 18, 31
19: 19, 30
20: 18, 31
21: 18, 30
22: 18, 30
23: 18, 31
24: 15, 16, 17, 30
25: 13, 31, 32, 33
26: 14, 33
27: 15, 34
28: 15, 36
29: 14, 33
30: 14, 32
31: 16, 18, 20, 21, 22, 28, 29, 31
32: 16, 17, 30, 32
33: 15, 16, 31, 32
34: 
35: 
36: 
37: 
38: 
