0: 0, 18, 42, 52
1: 0, 18, 42, 52
2: 0, 18, 42, 52
3: 0, 19, 41, 52
4: 0, 19, 40, 52
5: 0, 21, 40, 52
6: 0, 21, 39, 52
7: 0, 22, 38, 52
8: 0, 22, 35, 52
9: 0, 22, 35, 52
10: 0, 23, 34, 52
11: 0, 23, 33, 52
12: 0, 23, 33, 52
13: 0, 23, 32, 52
14: 0, 23, 31, 52
15: 0, 24, 33, 52
16: 0, 24, 35, 52
17: 0, 24, 35, 52
18: 0, 18, 19, 21, 36, 52
19: 0, 18, 36, 52
20: 0, 18, 35, 52
21: 0, 18, 21, 23, 35, 52
22: 0, 23, 34, 52
23: 0, 23, 34, 52
24: 0, 23, 33, 52
25: 0, 23, 33, 52
26: 0, 24, 32, 52
27: 0, 22, 31, 52
28: 0, 22, 30, 52
29: 0, 21, 29, 30, 31, 32, 33, 52
30: 0, 20, 33, 52
31: 0, 21, 32, 52
32: 0, 20, 31, 52
33: 0, 20, 29, 52
34: 0, 22, 28, 52
35: 0, 23, 26, 52
36: 0, 52
37: 0, 52
38: 0, 52
