0: 
1: 
2: 
3: 
4: 
5: 
6: 
7: 
8: 
9: 
10: 32, 33, 34, 35, 45, 48
11: 31, 35, 40, 41, 42, 49
12: 26, 28, 29, 30, 31, 34, 37, 51
13: 18, 20, 26, 51
14: 12, 14, 15, 20, 21, 50
15: 9, 23, 24, 26, 27, 50
16: 9, 12, 13, 14, 25, 26, 28, 48
17: 25, 27, 29, 35, 37, 39, 42, 43, 44, 46
18: 26, 28, 29, 40
19: 27, 28, 29, 36
20: 26, 35
21: 26, 31, 34, 35
22: 25, 31, 32, 33
23: 24, 26, 27, 35
24: 24, 26, 27, 37
25: 26, 35
26: 25, 33
27: 24, 31
28: 22, 30, 33, 34
29: 22, 25, 26, 33
30: 23, 25, 27, 31
31: 23, 24
32: 
33: 
34: 
35: 
36: 
37: 
38: 
