0: 0, 18, 30, 52
1: 0, 18, 29, 52
2: 0, 19, 30, 52
3: 0, 19, 30, 52
4: 0, 19, 30, 52
5: 0, 16, 31, 47, 48, 52
6: 0, 16, 31, 41, 43, 46, 50, 52
7: 0, 16, 32, 39
8: 0, 16, 33, 38
9: 0, 14, 34, 36
10: 0, 13
11: 0, 11
12: 0, 12, 35, 37, 39, 44
13: 0, 13, 34, 46
14: 0, 10, 35, 48
15: 0, 9, 34, 50
16: 0, 8, 18, 20, 33, 52
17: 0, 10, 17, 21, 31, 52
18: 0, 11, 17, 22, 24, 25, 30, 52
19: 0, 12, 16, 25, 31, 32, 33, 52
20: 0, 13, 16, 23, 33, 52
21: 0, 13, 15, 22, 35, 52
22: 0, 21, 34, 52
23: 0, 22, 34, 52
24: 0, 21, 35, 52
25: 0, 20, 35, 52
26: 0, 19, 34, 38, 39, 52
27: 0, 18, 35, 36, 40, 52
28: 0, 18, 41, 52
29: 0, 19, 40, 41, 42, 52
30: 0, 21, 42, 52
31: 0, 22, 42, 52
32: 0, 21, 41, 52
33: 0, 22, 41, 52
34: 0, 22, 33, 35, 41, 52
35: 0, 24, 32, 38, 40, 52
36: 0, 52
37: 0, 52
38: 0, 52
