0: 0, 20, 47, 52
1: 0, 20, 45, 46, 48, 52
2: 0, 20, 45, 47, 49, 52
3: 0, 20, 45, 52
4: 0, 20, 44, 52
5: 0, 20, 44, 52
6: 0, 20, 44, 52
7: 0, 21, 44, 52
8: 0, 21, 43, 52
9: 0, 21, 29, 30, 43, 44, 45, 52
10: 0, 19, 28, 30, 45, 52
11: 0, 19, 27, 31, 45, 46, 47, 52
12: 0, 18, 26, 31, 45, 52
13: 0, 18, 26, 31, 45, 46, 48, 52
14: 0, 18, 26, 31, 45, 46, 48, 52
15: 0, 18, 26, 31, 48, 52
16: 0, 18, 26, 30, 47, 52
17: 0, 20, 25, 30, 48, 52
18: 0, 21, 22, 30, 48, 52
19: 0, 29, 47, 52
20: 0, 28, 48, 52
21: 0, 27, 47, 52
22: 0, 28, 48, 52
23: 0, 28, 47, 52
24: 0, 26, 47, 52
25: 0, 25, 47, 52
26: 0, 25, 47, 52
27: 0, 25, 47, 52
28: 0, 25, 46, 52
29: 0, 25, 46, 52
30: 0, 25, 46, 52
31: 0, 26, 45, 52
32: 0, 27, 45, 52
33: 0, 27, 45, 52
34: 0, 29, 44, 52
35: 0, 30, 43, 52
36: 0, 32, 43, 52
37: 0, 32, 39, 52
38: 0, 31, 38, 52
