0: 0, 52
1: 0, 31, 32, 52
2: 0, 24, 25, 26, 27, 28, 29, 30, 31, 52
3: 0, 21, 23, 24, 25, 26, 27, 28, 29, 30, 31, 32, 33, 52
4: 0, 23, 24, 26, 27, 28, 29, 30, 31, 32, 33, 34, 36, 52
5: 0, 25, 27, 28, 29, 30, 31, 32, 34, 52
6: 0, 22, 25, 28, 29, 30, 31, 52
7: 0, 23, 25, 30, 31, 52
8: 0, 23, 25, 29, 31, 52
9: 0, 23, 26, 30, 31, 52
10: 0, 19, 20, 21, 22, 23, 25, 29, 31, 52
11: 0, 19, 25, 29, 30, 31, 32, 52
12: 0, 19, 25, 28, 34, 52
13: 0, 19, 27, 28, 34, 52
14: 0, 20, 34, 52
15: 0, 21, 34, 52
16: 0, 22, 33, 52
17: 0, 22, 31, 52
18: 0, 23, 31, 52
19: 0, 24, 30, 52
20: 0, 24, 32, 52
21: 0, 24, 31, 52
22: 0, 25, 28, 30, 31, 52
23: 0, 24, 31, 52
24: 0, 24, 30, 52
25: 0, 20, 21, 24, 30, 52
26: 0, 19, 22, 23, 30, 52
27: 0, 20, 30, 52
28: 0, 20, 21, 22, 30, 52
29: 0, 24, 28, 52
30: 0, 23, 28, 52
31: 0, 23, 28, 52
32: 0, 22, 29, 52
33: 0, 23, 29, 52
34: 0, 23, 28, 52
35: 0, 24, 26, 52
36: 0, 52
37: 0, 52
38: 0, 52
