0: 6, 8, 15, 37
1: 6, 9, 16, 36
2: 6, 9, 17, 36
3: 6, 10, 18, 36
4: 6, 9, 19, 36
5: 5, 9, 20, 36
6: 4, 9, 21, 36
7: 4, 8, 22, 36
8: 3, 8, 24, 35
9: 3, 8, 25, 34
10: 3, 7, 25, 33
11: 2, 7, 26, 34
12: 2, 7, 26, 33
13: 2, 6, 26, 32
14: 2, 7, 24, 33
15: 2, 6, 23, 33, 34, 36
16: 1, 6, 23, 25, 26, 38
17: 1, 6, 23, 25, 26, 40
18: 2, 6, 23, 34, 36, 42
19: 1, 6, 24, 34, 39, 43, 49, 52
20: 1, 7, 24, 33, 40, 44, 45, 52
21: 1, 6, 22, 23, 24, 32, 38, 46
22: 2, 7, 22, 39, 40, 42
23: 1, 7, 21, 33, 34, 35
24: 2, 7, 20, 32
25: 2, 8, 19, 29
26: 2, 8, 15, 29
27: 2, 8, 11, 15, 18, 30
28: 3, 12, 19, 30
29: 3, 9, 19, 30
30: 2, 6, 20, 30
31: 3, 4, 21, 30
32: 21, 30
33: 24, 29
34: 26, 27
35: 
36: 
37: 
38: 
