0: 26, 27, 28, 30, 31, 32, 33, 34, 49, 52
1: 22, 33, 49, 52
2: 18, 33, 49, 52
3: 15, 33, 49, 52
4: 12, 32, 49, 52
5: 0, 1, 2, 3, 12, 32, 48, 52
6: 0, 32, 48, 52
7: 0, 22, 23, 31, 48, 52
8: 0, 20, 25, 32, 48, 52
9: 0, 19, 28, 31, 48, 52
10: 0, 19, 48, 52
11: 0, 19, 48, 52
12: 0, 18, 23, 24, 47, 52
13: 0, 18, 23, 25, 48, 52
14: 0, 17, 22, 27, 47, 52
15: 0, 17, 22, 29, 47, 52
16: 0, 14, 22, 32, 33, 34, 44, 52
17: 0, 12, 21, 33, 42, 52
18: 0, 11, 21, 32, 43, 52
19: 0, 10, 12, 15, 18, 31, 44, 52
20: 0, 14, 16, 31, 44, 52
21: 0, 30, 45, 52
22: 0, 31, 45, 52
23: 0, 30, 45, 52
24: 0, 31, 44, 52
25: 0, 31, 44, 52
26: 0, 30, 44, 52
27: 0, 28, 43, 52
28: 0, 28, 43, 52
29: 0, 29, 43, 52
30: 0, 30, 43, 52
31: 0, 32, 44, 52
32: 0, 32, 43, 52
33: 0, 33, 38, 39, 40, 52
34: 0, 33, 36, 38, 40, 52
35: 0, 33, 40, 52
36: 0, 32, 39, 52
37: 0, 34, 35, 52
38: 0, 52
