0: 0, 21, 27, 29, 45, 52
1: 0, 21, 27, 29, 45, 52
2: 0, 20, 27, 29, 45, 52
3: 0, 20, 28, 29, 45, 52
4: 0, 20, 45, 52
5: 0, 19, 45, 52
6: 0, 19, 44, 52
7: 0, 19, 44, 52
8: 0, 19, 44, 52
9: 0, 19, 44, 52
10: 0, 19, 44, 52
11: 0, 19, 26, 27, 44, 52
12: 0, 20, 44, 52
13: 0, 21, 26, 29, 44, 52
14: 0, 20, 24, 25, 27, 30, 44, 52
15: 0, 18, 23, 25, 27, 30, 44, 52
16: 0, 17, 23, 25, 27, 31, 44, 52
17: 0, 17, 22, 25, 27, 32, 44, 52
18: 0, 18, 22, 25, 27, 32, 45, 52
19: 0, 18, 21, 26, 27, 31, 45, 52
20: 0, 25, 27, 31, 44, 52
21: 0, 26, 27, 30, 45, 52
22: 0, 26, 27, 30, 45, 52
23: 0, 26, 28, 30, 45, 52
24: 0, 26, 27, 31, 44, 52
25: 0, 26, 28, 30, 44, 52
26: 0, 26, 28, 29, 44, 52
27: 0, 12, 14, 26, 28, 30, 43, 52
28: 0, 11, 14, 26, 28, 30, 43, 52
29: 0, 26, 28, 31, 42, 52
30: 0, 32, 41, 52
31: 0, 33, 39, 52
32: 0, 52
33: 0, 52
34: 0, 52
35: 0, 52
36: 0, 52
37: 0, 52
38: 0, 52
