0: 0, 45, 51, 52
1: 0, 45, 51, 52
2: 0, 44, 49, 52
3: 0, 43, 49, 52
4: 0, 42, 48, 52
5: 0, 41, 47, 52
6: 0, 40, 46, 52
7: 0, 40, 45, 52
8: 0, 38, 44, 52
9: 0, 38, 43, 52
10: 0, 36, 42, 52
11: 0, 36, 41, 52
12: 0, 35, 40, 52
13: 0, 34, 39, 52
14: 0, 33, 38, 52
15: 0, 32, 37, 52
16: 0, 31, 36, 52
17: 0, 30, 35, 52
18: 0, 29, 34, 52
19: 0, 28, 33, 52
20: 0, 27, 32, 52
21: 0, 27, 32, 52
22: 0, 25, 30, 52
23: 0, 25, 29, 52
24: 0, 24, 28, 52
25: 0, 23, 26, 27, 28, 52
26: 0, 22, 25, 26, 27, 52
27: 0, 21, 23, 24, 26, 52
28: 0, 21, 22, 23, 24, 52
29: 0, 52
30: 0, 52
31: 0, 52
32: 0, 52
33: 0, 52
34: 0, 52
35: 0, 52
36: 0, 52
37: 0, 52
38: 0, 52
