0: 19, 33
1: 19, 33
2: 7, 10, 20, 32, 42, 44
3: 5, 12, 20, 32, 40, 46
4: 9, 14, 21, 31, 38, 42
5: 9, 16, 21, 31, 36, 43
6: 13, 18, 21, 31, 34, 41
7: 14, 19, 21, 31, 33, 37
8: 16, 20, 21, 30, 31, 36
9: 17, 35
10: 11, 12, 15, 16, 18, 33, 36, 37, 40, 41
11: 2, 3, 10, 12, 15, 16, 18, 33, 35, 37, 40, 41, 49, 50
12: 2, 3, 6, 7, 11, 12, 15, 17, 19, 33, 35, 37, 40, 42, 45, 46, 49, 50
13: 0, 1, 2, 4, 6, 7, 10, 12, 14, 17, 19, 33, 35, 37, 39, 41, 44, 46, 48, 50, 51, 52
14: 2, 4, 6, 8, 10, 13, 15, 17, 18, 33, 34, 37, 39, 42, 44, 46, 48, 50
15: 2, 4, 6, 8, 10, 13, 15, 17, 19, 33, 35, 37, 39, 42, 44, 46, 48, 50
16: 1, 4, 5, 9, 11, 12, 14, 17, 18, 33, 35, 37, 39, 41, 43, 46, 47, 50
17: 0, 4, 6, 8, 10, 14, 15, 41, 43, 46, 48, 52
18: 1, 3, 7, 8, 9, 11, 20, 32, 41, 42, 44, 45, 49, 51
19: 2, 4, 6, 9, 21, 31, 42, 46, 48, 50
20: 3, 7, 21, 30, 45, 49
21: 4, 5, 23, 29, 34, 35, 47, 48
22: 24, 27, 33, 35
23: 22, 23, 24, 27, 28, 29, 33, 36
24: 22, 30, 33, 36
25: 20, 31, 32, 36
26: 20, 32, 33, 36
27: 19, 32, 33, 36
28: 18, 32, 33, 36
29: 18, 35
30: 19, 36
31: 20, 35
32: 19, 36
33: 20, 36
34: 20, 32, 33, 35
35: 20, 31
36: 21, 30
37: 26, 27
38: 
