0: 0, 27, 42, 52
1: 0, 26, 42, 52
2: 0, 27, 42, 52
3: 0, 27, 42, 52
4: 0, 18, 20, 27, 42, 52
5: 0, 14, 15, 19, 21, 27, 42, 52
6: 0, 15, 16, 18, 22, 27, 42, 52
7: 0, 15, 17, 18, 22, 27, 42, 52
8: 0, 16, 23, 28, 42, 52
9: 0, 16, 24, 27, 42, 52
10: 0, 16, 25, 26, 41, 52
11: 0, 17, 41, 52
12: 0, 19, 41, 52
13: 0, 20, 40, 52
14: 0, 22, 40, 52
15: 0, 24, 39, 52
16: 0, 25, 39, 52
17: 0, 27, 39, 52
18: 0, 27, 39, 52
19: 0, 28, 39, 52
20: 0, 28, 38, 52
21: 0, 28, 39, 52
22: 0, 28, 39, 52
23: 0, 28, 38, 52
24: 0, 27, 39, 52
25: 0, 24, 25, 26, 39, 52
26: 0, 24, 38, 52
27: 0, 26, 38, 52
28: 0, 26, 38, 52
29: 0, 26, 38, 52
30: 0, 26, 38, 52
31: 0, 27, 37, 52
32: 0, 28, 36, 52
33: 0, 28, 30, 31, 32, 52
34: 0, 52
35: 0, 52
36: 0, 52
37: 0, 52
38: 0, 52
