0: 32, 51
1: 32, 51
2: 31, 52
3: 32, 52
4: 14, 15, 16, 17, 18, 19, 20, 21, 33, 52
5: 10, 11, 12, 21, 22, 23, 33, 52
6: 6, 7, 8, 23, 33, 52
7: 6, 22, 33, 52
8: 0, 3, 4, 9, 10, 22, 33, 52
9: 0, 9, 10, 13, 14, 15, 21, 22, 33, 52
10: 0, 10, 33, 52
11: 0, 10, 19, 20, 33, 52
12: 0, 14, 16, 20, 34, 52
13: 0, 21, 33, 52
14: 0, 22, 34, 52
15: 0, 23, 34, 52
16: 0, 23, 32, 52
17: 0, 26, 31, 52
18: 0, 26, 32, 52
19: 0, 24, 33, 52
20: 0, 24, 34, 52
21: 0, 23, 34, 52
22: 0, 23, 34, 52
23: 0, 23, 34, 52
24: 0, 23, 34, 52
25: 0, 23, 33, 52
26: 0, 23, 34, 52
27: 0, 23, 34, 52
28: 0, 22, 34, 52
29: 0, 23, 32, 52
30: 0, 25, 31, 52
31: 0, 27, 30, 31, 33, 52
32: 0, 27, 30, 31, 33, 52
33: 0, 28, 32, 52
34: 0, 28, 30, 52
35: 0, 52
36: 0, 52
37: 0, 52
38: 0, 52
