0: 0, 3, 23, 44
1: 0, 3, 4, 5, 21, 44
2: 0, 9, 10, 11, 20, 44
3: 0, 15, 16, 17, 18, 43
4: 0, 32, 33, 44
5: 0, 30, 36, 43
6: 0, 29, 38, 42
7: 0, 29
8: 0, 29
9: 0, 28
10: 0, 28, 33, 34
11: 0, 27, 33, 36
12: 0, 27, 33, 37
13: 0, 26, 32, 40
14: 0, 22, 33, 44
15: 0, 19, 32, 44
16: 0, 19, 20, 21, 31, 42
17: 0, 25, 29, 42
18: 0, 24, 26, 41
19: 0, 41
20: 0, 41
21: 0, 41
22: 0, 41
23: 0, 41
24: 0, 41
25: 0, 40
26: 0, 38
27: 0, 39
28: 0, 40
29: 0, 42
30: 0, 42
31: 0, 43
32: 0, 44, 50, 52
33: 0, 44, 47, 48, 49, 50
34: 0, 44
35: 0, 43, 51, 52
36: 0, 43, 46, 47, 48, 52
37: 0, 45, 46, 52
38: 0, 52
