0: 10, 15, 38, 41
1: 11, 14, 37, 40
2: 0, 1, 11, 14, 38, 39, 51, 52
3: 0, 2, 12, 15, 37, 39, 49, 52
4: 0, 4, 12, 14, 37, 39, 47, 52
5: 0, 6, 13, 15, 37, 38, 45, 52
6: 0, 7, 13, 14, 37, 38, 44, 52
7: 0, 7, 13, 14, 44, 52
8: 0, 7, 14, 15, 44, 52
9: 0, 7, 44, 52
10: 0, 7, 44, 52
11: 0, 8, 43, 52
12: 0, 8, 43, 52
13: 0, 9, 43, 52
14: 0, 8, 43, 52
15: 0, 26, 27, 30, 31, 33, 34, 35, 36, 37, 38, 39, 40, 42, 43, 52
16: 0, 52
17: 0, 52
18: 1, 52
19: 2, 7, 19, 20, 23, 24, 26, 27, 29, 30, 32, 33, 34, 35, 36, 37, 38, 39, 40, 41, 42, 43, 44, 50
20: 2, 7, 45, 50
21: 2, 7, 45, 50
22: 3, 7, 45, 50
23: 3, 7, 45, 49
24: 3, 6, 45, 49
25: 4, 6, 46, 49
26: 4, 7, 46, 48
27: 3, 7, 11, 13, 39, 40, 46, 49
28: 3, 7, 11, 12, 39, 41, 47, 49
29: 2, 9, 36, 37, 40, 41, 48, 49
30: 14, 16, 35, 38, 49, 50
31: 6, 7, 13, 18, 34, 38
32: 2, 20, 21, 22, 31, 39, 40, 43
33: 0, 22, 30, 43, 49, 51
34: 0, 21, 22, 23, 29, 30, 31, 32, 34, 42, 50, 52
35: 0, 21, 35, 43, 50, 52
36: 0, 19, 37, 38, 39, 42, 50, 52
37: 0, 18, 38, 42, 50, 52
38: 0, 17, 38, 42, 50, 52
