0: 0, 45
1: 0, 44
2: 0, 43
3: 0, 42
4: 0, 41
5: 0, 39
6: 0, 38, 51, 52
7: 0, 37, 49, 52
8: 0, 36, 46, 52
9: 0, 34, 44, 52
10: 0, 33, 42, 52
11: 0, 32, 40, 52
12: 0, 31, 39, 52
13: 0, 30, 38, 52
14: 0, 28, 37, 52
15: 0, 27, 34, 52
16: 0, 26, 33, 52
17: 0, 25, 32, 52
18: 0, 25, 30, 52
19: 0, 23, 29, 52
20: 0, 22, 28, 52
21: 0, 21, 27, 52
22: 0, 19, 25, 52
23: 0, 18, 22, 52
24: 0, 16, 19, 52
25: 0, 52
26: 0, 52
27: 0, 52
28: 0, 52
29: 0, 52
30: 0, 52
31: 0, 52
32: 0, 52
33: 0, 52
34: 0, 52
35: 0, 52
36: 0, 52
37: 0, 52
38: 0, 52
