0: 22, 25, 28, 42, 45, 49
1: 22, 28, 29, 46
2: 25, 44
3: 25, 26, 29, 41
4: 31, 41
5: 32, 42
6: 30, 45
7: 29, 32, 34, 41, 42, 48
8: 26, 29, 35, 41, 45, 50
9: 24, 27, 35, 41, 47, 48
10: 34, 41
11: 35, 41
12: 34, 40
13: 34, 40
14: 35, 40
15: 34, 41
16: 34, 41
17: 34, 41
18: 34, 40
19: 32, 41
20: 6, 7, 8, 9, 29, 40
21: 7, 40
22: 13, 14, 16, 17, 18, 19, 20, 21, 22, 23, 24, 25, 26, 27, 28, 29, 30, 31, 33, 40
23: 33, 40
24: 35, 39
25: 
26: 
27: 
28: 44, 45, 46, 47, 48, 49
29: 43, 52
30: 42, 44, 46, 47, 48, 52
31: 41, 42, 48, 52
32: 41, 42, 47, 52
33: 40, 41, 47, 52
34: 47, 52
35: 47, 52
36: 48, 52
37: 49, 52
38: 
