0: 4, 19, 34, 52
1: 5, 18, 35, 52
2: 6, 19, 34, 52
3: 7, 18, 34, 51
4: 8, 18, 34, 49
5: 9, 18, 34, 48
6: 10, 18, 34, 47
7: 10, 18, 34, 44
8: 11, 19, 33, 41
9: 12, 22, 29, 40
10: 12, 24, 28, 40
11: 12, 25, 28, 31, 32, 40
12: 12, 20, 23, 25, 27, 29, 31, 40
13: 12, 25, 27, 40
14: 0, 1, 13, 25, 27, 40
15: 0, 1, 2, 3, 12, 20, 23, 25, 27, 29, 32, 40
16: 0, 5, 6, 7, 13, 20, 24, 29, 32, 39
17: 0, 9, 13, 20, 23, 25, 27, 29, 32, 39, 46, 47
18: 0, 11, 12, 20, 24, 25, 27, 28, 32, 39, 44, 48, 49, 50, 51, 52
19: 0, 19, 25, 28, 33, 39, 40, 41, 42, 52
20: 0, 19, 33, 52
21: 0, 18, 34, 52
22: 0, 20, 32, 52
23: 1, 21, 32, 52
24: 3, 23, 29, 52
25: 7, 24, 29, 52
26: 10, 23, 29, 49, 50, 51
27: 11, 23, 29, 42
28: 12, 22, 29, 41
29: 13, 22, 30, 39
30: 14, 23, 31, 38
31: 16, 17, 18, 23, 31, 36
32: 18, 22, 30, 32
33: 17, 19, 20, 22, 30, 32
34: 21, 22, 29, 32
35: 21, 23, 30, 31
36: 21, 22
37: 22, 23
38: 
