0: 16, 38, 49, 52
1: 15, 38, 49, 52
2: 15, 39, 48, 52
3: 14, 38, 49, 52
4: 14, 39, 48, 52
5: 13, 39, 48, 52
6: 12, 39, 48, 52
7: 13, 39, 47, 52
8: 0, 1, 13, 40, 47, 52
9: 13, 40, 46, 52
10: 13, 39, 47, 52
11: 0, 1, 13, 40, 47, 52
12: 0, 2, 13, 41, 48, 51
13: 0, 1, 12, 40
14: 0, 2, 13, 41
15: 0, 1, 13, 41
16: 0, 2, 13, 40
17: 0, 3, 12, 40
18: 0, 3, 11, 39, 49, 50
19: 0, 5, 11, 40, 46, 47, 51, 52
20: 0, 3, 12, 40, 48, 52
21: 0, 3, 13, 40, 47, 52
22: 0, 3, 13, 40, 48, 52
23: 0, 2, 13, 41, 49, 52
24: 0, 1, 13, 41, 50, 52
25: 0, 1, 12, 41, 49, 52
26: 0, 1, 12, 41, 50, 52
27: 0, 1, 12, 41, 50, 52
28: 0, 1, 13, 43, 48, 52
29: 0, 1, 12, 44, 47, 52
30: 10, 45, 47, 52
31: 0, 2, 10, 45, 46, 52
32: 0, 5, 9, 52
33: 0, 6, 10, 52
34: 0, 6, 10, 52
35: 0, 6, 8, 52
36: 0, 52
37: 0, 52
38: 0, 52
