0: 0, 33
1: 0, 32
2: 0, 30
3: 0, 28
4: 0, 28
5: 0, 27
6: 0, 22
7: 0, 22
8: 0, 22
9: 0, 22, 42, 43
10: 0, 23, 48, 49
11: 0, 24
12: 0, 25
13: 0, 25
14: 0, 25
15: 0, 24, 43, 44
16: 1, 24, 38, 39, 46, 47, 49, 50
17: 0, 23
18: 1, 24, 31, 32
19: 1, 22, 40, 41, 44, 45, 50, 51
20: 2, 22, 47, 48
21: 3, 23, 33, 34
22: 4, 22, 41, 42, 45, 46, 51, 52
23: 5, 22, 35, 36, 48, 49
24: 6, 22, 37, 38, 43, 44
25: 8, 21, 28, 29, 46, 47, 49, 50
26: 10, 20, 32, 33, 39, 40
27: 12, 13, 14, 15, 36, 37, 41, 42, 44, 45, 48, 49, 51, 52
28: 46, 47
29: 39, 40, 43, 44, 50, 51
30: 27, 28, 31, 32, 34, 35, 41, 42, 46, 47, 48, 49
31: 36, 37, 44, 45, 51, 52
32: 39, 40, 47, 48, 49, 50
33: 34, 35, 41, 42, 43, 44, 45, 46, 51, 52
34: 28, 29, 37, 38, 48, 49, 50, 51
35: 30, 31, 39, 40, 42, 43, 45, 46, 47, 48
36: 32, 33, 35, 36, 50, 51
37: 37, 38, 40, 41, 42, 43, 44, 45, 46, 47, 48, 49, 51, 52
38: 49, 50
