0: 0, 17, 31, 52
1: 0, 17, 30, 52
2: 0, 17, 30, 52
3: 0, 17, 30, 52
4: 0, 18, 30, 52
5: 0, 18, 29, 52
6: 0, 18, 29, 52
7: 0, 18, 29, 52
8: 0, 19, 28, 52
9: 0, 19, 27, 52
10: 0, 19, 27, 52
11: 0, 18, 27, 52
12: 0, 19, 28, 52
13: 0, 19, 28, 52
14: 0, 19, 28, 52
15: 0, 14, 15, 20, 29, 52
16: 0, 13, 16, 19, 29, 34, 38, 52
17: 0, 13, 18, 19, 29, 32, 40, 52
18: 0, 14, 28, 31, 43, 47, 48, 52
19: 0, 14, 35, 36, 44, 45, 49, 52
20: 0, 15, 35, 36, 37, 38, 47, 48, 49, 52
21: 0, 16, 46, 52
22: 0, 17, 39, 40, 41, 42, 45, 52
23: 0, 18, 34, 35, 36, 52
24: 0, 19, 30, 52
25: 0, 19, 27, 29, 31, 52
26: 0, 19, 28, 31, 33, 52
27: 0, 19, 29, 33, 35, 52
28: 0, 18, 29, 35, 37, 52
29: 0, 19, 29, 37, 38, 52
30: 0, 19, 29, 52
31: 0, 18, 29, 52
32: 0, 17, 28, 52
33: 0, 18, 29, 52
34: 0, 19, 29, 52
35: 0, 20, 29, 52
36: 0, 21, 25, 26, 27, 52
37: 0, 22, 24, 52
38: 0, 22, 23, 52
