0: 30, 33, 35, 52
1: 29, 34, 35, 52
2: 29, 52
3: 29, 47, 49, 52
4: 29, 47, 48, 52
5: 29, 46, 48, 52
6: 29, 47, 49, 52
7: 29, 46, 49, 52
8: 29, 45, 48, 49, 50, 52
9: 29, 51
10: 27, 52
11: 25, 52
12: 23, 31, 32, 52
13: 23, 30, 32, 52
14: 23, 30, 32, 52
15: 23, 30, 32, 52
16: 24, 52
17: 25, 52
18: 26, 52
19: 27, 52
20: 24, 25, 26, 52
21: 23, 52
22: 20, 52
23: 16, 52
24: 15, 50
25: 12, 46
26: 12, 42
27: 12, 41
28: 12, 41
29: 12, 41, 47, 48
30: 14, 20, 23, 24, 25, 40, 44, 52
31: 14, 20, 26, 50
32: 27, 47
33: 27, 46
34: 28, 44
35: 29, 43
36: 31, 41
37: 36, 37
38: 
