0: 0, 37
1: 0, 38
2: 0, 39
3: 0, 39
4: 0, 40
5: 0, 41
6: 0, 41
7: 0, 42
8: 0, 42
9: 0, 43
10: 0, 25, 26, 27, 28, 44
11: 0, 25, 27, 44
12: 0, 25, 27, 45
13: 0, 24, 28, 45
14: 0, 24, 28, 46
15: 0, 24, 28, 39, 40, 47
16: 0, 24, 28, 34, 35, 39, 41, 47
17: 0, 25, 28, 29, 30, 31, 32, 38, 42, 44, 45, 48
18: 0, 24, 28, 35, 38, 39, 41, 42, 45, 48
19: 0, 25, 27, 32, 35, 38, 41, 44, 46, 49
20: 0, 25, 27, 32, 33, 39, 40, 44, 47, 48
21: 0, 25, 27, 38, 41, 45
22: 0, 25, 27, 39, 41, 46
23: 0, 26, 27, 39, 41, 46
24: 0, 25, 27, 39, 41, 45
25: 0, 25, 27, 39, 41, 46
26: 0, 26, 27, 40, 42, 46
27: 0, 40, 42, 45
28: 0, 40, 42, 45
29: 0, 41, 43, 44
30: 0, 41
31: 0, 41
32: 0, 42
33: 0, 42
34: 0, 42
35: 0, 43
36: 0, 42
37: 0, 41, 51, 52
38: 0, 41, 50, 52
