0: 0, 19, 44, 52
1: 0, 16, 17, 18, 44, 52
2: 0, 14, 43, 52
3: 0, 13, 43, 52
4: 0, 13, 25, 28, 43, 52
5: 0, 13, 22, 28, 43, 52
6: 0, 12, 21, 28, 43, 52
7: 0, 13, 20, 29, 43, 44, 45, 52
8: 0, 12, 20, 28, 42, 43, 45, 52
9: 0, 13, 20, 28, 42, 43, 44, 52
10: 0, 14, 19, 28, 29, 30, 43, 52
11: 0, 28, 29, 30, 43, 52
12: 0, 28, 29, 30, 42, 52
13: 0, 27, 31, 32, 42, 44, 45, 52
14: 0, 27, 31, 32, 42, 44, 45, 52
15: 0, 27, 32, 34, 41, 42, 45, 52
16: 0, 27, 32, 33, 41, 42, 44, 52
17: 0, 27, 45, 52
18: 0, 27, 45, 52
19: 0, 26, 45, 52
20: 0, 26, 45, 52
21: 0, 25, 45, 52
22: 0, 23, 45, 52
23: 0, 21, 45, 52
24: 0, 21, 44, 52
25: 0, 21, 45, 52
26: 0, 21, 44, 52
27: 0, 21, 44, 52
28: 0, 21, 44, 52
29: 0, 21, 44, 52
30: 0, 22, 43, 52
31: 0, 22, 43, 52
32: 0, 23, 42, 52
33: 0, 24, 41, 52
34: 0, 23, 41, 52
35: 0, 22, 40, 52
36: 0, 21, 40, 52
37: 0, 21, 39, 52
38: 0, 20, 38, 52
