0: 29, 31
1: 28, 30
2: 28, 30
3: 28, 30
4: 27, 29
5: 27, 29
6: 19, 21, 23, 25, 27, 29
7: 19, 21, 23, 25, 27, 28
8: 17, 25, 26, 28
9: 15, 27
10: 14, 28
11: 14, 28
12: 14, 29
13: 14, 29
14: 14, 28
15: 14, 28
16: 15, 27
17: 15, 26
18: 16, 27
19: 18, 28
20: 1, 2, 3, 4, 5, 6, 7, 8, 9, 10, 11, 12, 13, 14, 15, 16, 17, 18, 20, 29, 33, 34, 35, 36, 37, 38, 39, 40, 41, 42, 43, 44, 45, 46, 47, 48, 49, 50, 51, 52
21: 0, 1, 2, 3, 4, 5, 6, 7, 8, 9, 10, 11, 12, 13, 14, 15, 16, 17, 18, 28, 29, 34, 35, 37, 38, 39, 40, 41, 42, 43, 44, 45, 46, 47, 48, 49, 50, 51
22: 21, 27
23: 21, 26
24: 22, 27, 28, 29, 31, 32
25: 21, 33
26: 20, 33
27: 19, 20, 21, 33
28: 19, 20, 21, 32
29: 21, 29
30: 20, 22, 23, 25, 26, 27
31: 20, 21
32: 20, 21
33: 20, 21
34: 19, 20
35: 19, 20
36: 19, 20
37: 18, 19
38: 18, 19
