0: 25, 41
1: 25, 40
2: 25, 41
3: 26, 41
4: 24, 25, 26, 41
5: 24, 25, 26, 41
6: 20, 21, 24, 26, 27, 40, 42, 43, 47, 48
7: 19, 21, 24, 40, 41, 43, 47, 48
8: 19, 21, 24, 26, 27, 43, 47, 48
9: 19, 21, 23, 26, 27, 40, 41, 43, 46, 48, 51, 52
10: 4, 5, 15, 16, 19, 21, 23, 43, 46, 49, 51, 52
11: 4, 5, 10, 11, 15, 16, 18, 22, 23, 26, 27, 44, 46, 49, 51, 52
12: 4, 6, 10, 11, 15, 16, 18, 22, 24, 26, 27, 43, 45, 49, 51, 52
13: 3, 5, 10, 11, 15, 17, 18, 21, 24, 40, 41, 43, 46, 49, 50, 52
14: 3, 6, 9, 12, 14, 17, 19, 43, 44, 45, 46, 48, 50, 52
15: 3, 6, 9, 11, 14, 17, 20, 22, 27, 49, 51, 52
16: 2, 6, 9, 12, 14, 17, 19, 21, 27, 41, 45, 46, 48, 52
17: 3, 6, 9, 12, 14, 17, 18, 20, 28, 40, 51, 52
18: 3, 5, 8, 12, 14, 19, 29, 39
19: 0, 1, 2, 5, 9, 12, 15, 18, 30, 39
20: 0, 8, 9, 11, 15, 17, 32, 37
21: 5, 11, 14, 16, 30, 31, 32, 37
22: 8, 12, 13, 15, 29, 38
23: 11, 14, 28, 39
24: 29, 40
25: 26, 41
26: 23, 24, 25, 42
27: 23, 41
28: 24, 40
29: 25, 40
30: 25, 41
31: 25, 40
32: 25, 41
33: 27, 40
34: 27, 39
35: 28, 38
36: 30, 37
37: 
38: 
