0: 12, 13
1: 11, 13, 14, 16
2: 12, 14, 15, 16, 17, 19, 51, 52
3: 12, 13, 15, 18, 48, 52
4: 10, 11, 12, 14, 15, 16, 17, 18, 19, 21, 33, 36, 44, 52
5: 10, 21, 33, 38, 39, 52
6: 1, 2, 10, 11, 13, 21, 31, 32, 33, 52
7: 0, 52
8: 0, 49
9: 0, 45
10: 0, 44
11: 0, 1, 2, 44
12: 9, 10, 11, 12, 13, 24, 25, 26, 27, 28, 31, 32, 36, 45
13: 13, 23, 31, 33, 36, 45
14: 14, 24, 32, 33, 36, 45
15: 14, 24, 32, 45
16: 13, 24, 33, 45
17: 14, 24, 33, 45
18: 14, 25, 34, 47
19: 15, 25, 35, 47
20: 16, 26, 36, 48
21: 17, 26, 36, 48
22: 17, 27, 37, 49
23: 18, 27, 36, 49
24: 18, 28, 36, 49
25: 19, 28, 37, 50
26: 20, 29, 38, 50
27: 20, 29, 39, 50
28: 21, 30, 39, 51
29: 21, 30, 40, 52
30: 21, 31, 41, 52
31: 22, 31, 42, 52
32: 22, 31, 42, 52
33: 23, 31, 43, 52
34: 23, 32, 43, 52
35: 22, 32, 44, 52
36: 21, 32, 44, 52
37: 21, 33, 45, 52
38: 21, 33, 45, 52
