0: 0, 28, 45, 50
1: 0, 28, 45, 50
2: 0, 28, 45, 49
3: 0, 28, 43, 44, 45, 50
4: 0, 28, 43, 49
5: 0, 28, 42, 50
6: 0, 28, 42, 51
7: 0, 28, 40, 46, 47, 52
8: 0, 28, 41, 52
9: 0, 28, 42, 49, 51, 52
10: 0, 28, 42, 49
11: 0, 28, 44, 48
12: 0, 28, 45, 49
13: 0, 28, 45, 50
14: 0, 28, 46, 50
15: 0, 28, 47, 49
16: 0, 28
17: 0, 28
18: 0, 28
19: 0, 28
20: 0, 6, 7, 28
21: 0, 5, 9, 28
22: 0, 4, 7, 28
23: 0, 4, 8, 28
24: 0, 2, 11, 28
25: 0, 2, 9, 28
26: 0, 6, 10, 28
27: 0, 5, 11, 28
28: 0, 4, 11, 28
29: 0, 3, 4, 5, 12, 28
30: 0, 3, 8, 9, 12, 28
31: 0, 3, 11, 12, 13, 28
32: 0, 5, 8, 10, 11, 28
33: 0, 5, 9, 28
34: 0, 5, 9, 28
35: 0, 4, 10, 28
36: 0, 5, 11, 28
37: 0, 4, 12, 28
38: 0, 4, 12, 28
