0: 12, 23
1: 3, 4, 10, 11, 12, 23
2: 8, 23
3: 5, 23
4: 3, 23
5: 2, 3, 4, 23
6: 3, 4, 5, 22
7: 5, 23
8: 7, 23
9: 10, 23, 35, 36
10: 12, 22, 44, 45
11: 13, 23, 43, 44
12: 15, 22, 35, 36
13: 16, 23
14: 16, 22
15: 16, 22, 45, 46
16: 15, 23, 24, 25, 44, 45
17: 11, 12, 15, 25, 26, 27
18: 11, 12, 16, 24, 26, 27
19: 4, 6, 16, 23, 25, 26
20: 5, 8, 16, 22
21: 4, 7, 16, 22
22: 4, 10, 16, 21
23: 4, 11, 16, 20
24: 4, 11, 15, 19
25: 4, 20, 36, 37
26: 5, 21
27: 5, 22
28: 5, 22, 24, 25
29: 6, 22
30: 7, 21
31: 7, 19
32: 8, 20
33: 8, 22
34: 7, 8, 10, 22
35: 12, 23
36: 14, 24
37: 18, 19, 32, 33
38: 
