0: 0, 52
1: 0, 52
2: 0, 46, 47, 52
3: 0, 45, 46, 52
4: 0, 45, 47, 52
5: 0, 43, 46, 52
6: 0, 41, 47, 52
7: 0, 40, 47, 52
8: 0, 40, 46, 52
9: 0, 41, 45, 52
10: 0, 40, 45, 52
11: 0, 41, 45, 52
12: 0, 40, 45, 52
13: 0, 40, 45, 52
14: 0, 41, 45, 52
15: 0, 41, 45, 52
16: 0, 41, 45, 46, 47, 48, 50, 52
17: 0, 41, 50, 52
18: 0, 9, 11, 25, 26, 41, 51, 52
19: 0, 9, 11, 24, 28, 41, 50, 52
20: 0, 8, 11, 24, 28, 41, 49, 52
21: 0, 8, 11, 23, 29, 40, 49, 52
22: 0, 8, 12, 22, 30, 40, 48, 52
23: 0, 7, 12, 21, 31, 40, 48, 52
24: 0, 7, 12, 21, 31, 40, 47, 52
25: 0, 8, 13, 20, 32, 39, 46, 52
26: 0, 8, 13, 19, 33, 39, 47, 52
27: 0, 9, 14, 18, 34, 38, 46, 52
28: 0, 10, 13, 17, 35, 39, 47, 52
29: 0, 8, 13, 16, 36, 39, 47, 52
30: 0, 8, 14, 16, 36, 38, 47, 52
31: 0, 8, 13, 17, 35, 39, 46, 52
32: 0, 7, 13, 17, 35, 39, 46, 52
33: 0, 8, 13, 17, 35, 39, 45, 52
34: 0, 9, 14, 17, 35, 38, 45, 52
35: 0, 11, 14, 17, 35, 38, 44, 52
36: 0, 11, 15, 18, 34, 36, 44, 52
37: 0, 11, 42, 52
38: 0, 11, 42, 52
