0: 0, 21
1: 0, 21
2: 0, 21, 51, 52
3: 0, 22
4: 0, 21, 51, 52
5: 0, 20, 51, 52
6: 0, 20
7: 0, 19, 26, 27, 28, 29, 51, 52
8: 0, 18, 24, 29
9: 0, 18, 24, 29, 51, 52
10: 0, 17, 23, 30
11: 0, 16, 22, 29
12: 0, 16, 22, 30
13: 0, 16, 22, 29, 33, 35
14: 0, 14, 22, 30, 34, 36
15: 0, 15, 22, 30, 33, 34
16: 0, 15, 22, 30
17: 0, 16, 21, 30
18: 0, 17, 18, 19, 21, 30
19: 0, 19, 21, 30
20: 0, 19, 21, 30
21: 0, 19, 21, 30
22: 0, 19, 21, 30
23: 0, 19, 20, 29
24: 0, 28
25: 0, 27
26: 0, 26, 51, 52
27: 0, 24
28: 0, 24
29: 0, 25, 26, 27
30: 0, 27
31: 0, 28
32: 0, 30
33: 0, 30
34: 0, 30, 51, 52
35: 0, 31, 50, 52
36: 0, 32, 50, 52
37: 0, 32, 48, 52
38: 0, 34, 47, 52
