0: 11, 17, 25, 30, 39, 41, 42, 43
1: 11, 16, 25, 29, 30, 31, 39, 42
2: 11, 17, 25, 30, 38, 43
3: 11, 17, 24, 30, 38, 42, 43, 44, 51, 52
4: 10, 18, 24, 31, 38, 43, 51, 52
5: 10, 17, 24, 30, 31, 32, 37, 43, 51, 52
6: 10, 18, 24, 31, 38, 44, 50, 52
7: 10, 18, 23, 31, 37, 43, 44, 45, 50, 52
8: 9, 18, 23, 31, 37, 44, 50, 52
9: 9, 19, 23, 32, 36, 44, 50, 52
10: 10, 18, 23, 31, 32, 33, 37, 45, 50, 52
11: 10, 17, 23, 32, 36, 44, 45, 46, 49, 52
12: 10, 18, 23, 31, 36, 45, 49, 52
13: 11, 17, 24, 31, 36, 44, 45, 46, 49, 52
14: 12, 15, 24, 30, 36, 45, 48, 52
15: 12, 16, 25, 30, 37, 44, 48, 52
16: 0, 1, 2, 21, 22, 23, 25, 29, 37, 44, 48, 52
17: 0, 30, 38, 43, 48, 52
18: 6, 7, 8, 9, 10, 35, 38, 42, 48, 52
19: 19, 20, 21, 43, 48, 52
20: 28, 46, 49, 52
21: 34, 48, 49, 52
22: 38, 52
23: 42, 52
24: 44, 52
25: 47, 52
26: 49, 52
27: 51, 52
28: 
29: 
30: 
31: 
32: 
33: 
34: 
35: 
36: 
37: 
38: 
