0: 0, 12, 13, 18, 34, 52
1: 0, 12, 13, 18, 30, 31, 35, 52
2: 0, 12, 13, 15, 29, 32, 35, 52
3: 0, 12, 13, 16, 29, 32, 36, 52
4: 0, 13, 14, 17, 29, 32, 36, 52
5: 0, 13, 14, 17, 18, 19, 29, 33, 36, 52
6: 0, 13, 14, 18, 29, 32, 36, 52
7: 0, 13, 14, 20, 29, 31, 35, 52
8: 0, 14, 15, 20, 29, 30, 35, 52
9: 0, 14, 15, 16, 18, 20, 34, 52
10: 0, 14, 19, 20, 33, 52
11: 0, 14, 32, 52
12: 0, 14, 31, 52
13: 0, 14, 17, 19, 30, 52
14: 0, 13, 17, 20, 30, 52
15: 0, 9, 10, 12, 17, 21, 30, 52
16: 0, 6, 16, 22, 31, 52
17: 0, 6, 17, 18, 19, 21, 31, 52
18: 0, 5, 20, 22, 31, 52
19: 0, 4, 21, 22, 32, 52
20: 0, 5, 21, 22, 32, 52
21: 0, 4, 33, 52
22: 0, 4, 33, 34, 35, 52
23: 0, 5, 21, 22, 35, 52
24: 0, 5, 21, 22, 35, 52
25: 0, 6, 14, 15, 20, 22, 36, 52
26: 0, 7, 13, 22, 35, 52
27: 0, 22, 36, 52
28: 0, 23, 36, 52
29: 0, 24, 32, 33, 35, 52
30: 0, 27, 28, 29, 33, 52
31: 0, 27, 28, 30, 33, 52
32: 0, 31, 34, 52
33: 0, 32, 35, 52
34: 0, 32, 36, 52
35: 0, 33, 36, 52
36: 0, 34, 36, 52
37: 0, 35, 37, 52
38: 0, 36, 38, 52
