0: 0, 25, 39, 45
1: 0, 25, 38, 46
2: 0, 25, 37, 45
3: 0, 25, 37, 45
4: 0, 26, 37, 43
5: 0, 25, 36, 43
6: 0, 24, 35, 36, 37, 43
7: 0, 23, 35, 36, 37, 42
8: 0, 22, 37, 42
9: 0, 22, 36, 41, 42, 43
10: 0, 20, 36, 37, 38, 42
11: 0, 18, 40, 42
12: 0, 17, 25, 26, 41, 42
13: 0, 16, 25, 26
14: 0, 17, 24, 27
15: 0, 16, 20, 21, 24, 27
16: 0, 16, 24, 27
17: 0, 15, 23, 28
18: 0, 15, 18, 19, 25, 26, 27, 28, 50, 52
19: 0, 14, 18, 20, 21, 30, 36, 38, 48, 52
20: 0, 14, 17, 31, 36, 39, 47, 52
21: 0, 29, 38, 40, 46, 52
22: 0, 28, 39, 41, 45, 52
23: 0, 27, 39, 41, 44, 52
24: 0, 27, 39, 42, 43, 52
25: 0, 26, 39, 52
26: 0, 25, 39, 52
27: 0, 24, 38, 52
28: 0, 24, 38, 52
29: 0, 24, 38, 52
30: 0, 24, 38, 52
31: 0, 25, 37, 52
32: 0, 26, 36, 52
33: 0, 26, 36, 52
34: 0, 27, 34, 52
35: 0, 27, 32, 52
36: 0, 28, 31, 52
37: 0, 52
38: 0, 52
