0: 0, 25, 35, 52
1: 0, 25, 36, 52
2: 0, 26, 36, 37, 38, 52
3: 0, 25, 39, 52
4: 0, 25, 40, 52
5: 0, 26, 40, 52
6: 0, 25, 40, 52
7: 0, 26, 40, 52
8: 0, 25, 40, 52
9: 0, 26, 40, 52
10: 0, 26, 40, 52
11: 0, 26, 40, 52
12: 0, 26, 40, 52
13: 0, 25, 39, 52
14: 0, 24, 39, 52
15: 0, 25, 39, 52
16: 0, 19, 21, 25, 38, 52
17: 0, 18, 23, 25, 38, 52
18: 0, 18, 39, 52
19: 0, 16, 40, 52
20: 0, 18, 40, 52
21: 0, 23, 24, 25, 39, 52
22: 0, 26, 29, 30, 38, 52
23: 0, 27, 28, 30, 38, 52
24: 0, 27, 37, 52
25: 0, 27, 37, 52
26: 0, 26, 38, 52
27: 0, 26, 37, 52
28: 0, 24, 37, 52
29: 0, 24, 36, 52
30: 0, 25, 37, 52
31: 0, 27, 37, 52
32: 0, 27, 36, 52
33: 0, 27, 35, 52
34: 0, 29, 33, 52
35: 0, 30, 32, 52
36: 0, 52
37: 0, 52
38: 0, 52
