0: 17, 19, 28, 29, 32, 52
1: 17, 19, 27, 28, 31, 52
2: 17, 19, 30, 52
3: 18, 19, 30, 52
4: 15, 16, 18, 20, 28, 52
5: 18, 19, 27, 52
6: 15, 16, 19, 20, 28, 52
7: 20, 21, 30, 52
8: 16, 17, 29, 52
9: 16, 17, 19, 20, 28, 52
10: 17, 18, 19, 20, 28, 52
11: 18, 20, 28, 52
12: 27, 52
13: 20, 21, 27, 52
14: 19, 21, 27, 52
15: 18, 20, 28, 52
16: 18, 19, 28, 52
17: 29, 52
18: 18, 19, 29, 30, 31, 52
19: 18, 19, 31, 52
20: 31, 52
21: 30, 52
22: 19, 21, 30, 52
23: 19, 22, 24, 26, 29, 52
24: 19, 26, 28, 52
25: 19, 25, 28, 52
26: 19, 24, 27, 52
27: 19, 23, 27, 52
28: 19, 23, 26, 52
29: 19, 22, 25, 52
30: 19, 21, 25, 52
31: 19, 22, 24, 52
32: 19, 20, 23, 52
33: 19, 52
34: 19, 52
35: 19, 52
36: 19, 52
37: 19, 52
38: 19, 52
