0: 
1: 
2: 20, 31
3: 17, 34
4: 16, 25, 26, 27, 28, 36
5: 15, 21, 31, 37
6: 14, 19, 32, 37
7: 14, 19, 33, 38
8: 14, 19, 33, 38
9: 14, 19, 32, 37
10: 16, 21, 31, 37
11: 15, 16, 17, 24, 25, 26, 27, 35, 36, 37
12: 17, 18, 19, 34
13: 17, 18, 20, 29, 30, 32, 34, 35
14: 15, 16, 20, 25, 27, 32
15: 15, 17, 22, 23, 28, 31, 36, 38
16: 11, 13, 15, 17, 35, 38
17: 11, 13, 36, 37, 40, 42
18: 9, 12, 40, 42
19: 9, 11, 41, 43
20: 10, 12, 41, 43
21: 10, 12, 14, 15, 39, 41
22: 13, 15, 18, 19, 36, 38, 40, 41
23: 17, 19, 22, 23, 28, 29, 32, 34, 36, 38
24: 22, 24, 27, 29, 32, 33
25: 
26: 
27: 
28: 
29: 
30: 
31: 
32: 
33: 
34: 
35: 
36: 
37: 
38: 
