0: 0, 12, 42, 43
1: 0, 13, 41, 43
2: 0, 13, 42, 43
3: 0, 14, 42, 43
4: 0, 14, 42, 43
5: 0, 14, 42, 43
6: 0, 15, 51, 52
7: 0, 15, 51, 52
8: 0, 16
9: 0, 15
10: 0, 14
11: 0, 15, 51, 52
12: 0, 14, 49, 52
13: 0, 15, 48, 52
14: 0, 16, 17, 18, 48, 52
15: 0, 18, 48, 52
16: 0, 18, 48, 52
17: 0, 19, 48, 52
18: 0, 18, 48, 52
19: 0, 19, 48, 52
20: 0, 19, 47, 52
21: 0, 19, 47, 52
22: 0, 19, 46, 52
23: 0, 19, 21, 22, 44, 52
24: 0, 19, 21, 22, 42, 52
25: 0, 19, 21, 22, 43, 52
26: 0, 18, 22, 23, 43, 52
27: 0, 18, 42, 52
28: 0, 18, 42, 52
29: 0, 19, 42, 52
30: 0, 18, 42, 52
31: 0, 19, 42, 52
32: 0, 19, 42, 52
33: 0, 20, 43, 52
34: 0, 19, 43, 52
35: 0, 20, 43, 52
36: 0, 20, 44, 52
37: 0, 19, 44, 52
38: 0, 19, 45, 52
