0: 29, 34, 35, 52
1: 18, 19, 28, 32, 35, 52
2: 16, 19, 28, 30, 33, 52
3: 17, 19, 28, 29, 32, 52
4: 17, 19, 20, 21, 27, 28, 32, 52
5: 17, 18, 30, 52
6: 17, 19, 20, 21, 29, 52
7: 15, 16, 21, 22, 29, 52
8: 15, 16, 19, 20, 21, 22, 28, 52
9: 16, 17, 20, 21, 30, 52
10: 16, 17, 18, 19, 30, 52
11: 17, 20, 29, 52
12: 19, 20, 28, 52
13: 18, 19, 28, 52
14: 18, 21, 28, 52
15: 18, 21, 29, 52
16: 18, 20, 32, 52
17: 18, 19, 32, 52
18: 18, 19, 28, 30, 34, 52
19: 29, 31, 34, 52
20: 28, 31, 34, 52
21: 18, 19, 29, 30, 33, 52
22: 27, 30, 32, 52
23: 18, 20, 27, 30, 32, 52
24: 18, 21, 27, 52
25: 19, 52
26: 18, 52
27: 18, 52
28: 18, 52
29: 18, 52
30: 19, 52
31: 18, 52
32: 18, 52
33: 18, 52
34: 18, 52
35: 19, 52
36: 18, 52
37: 18, 52
38: 18, 52
