0: 18, 33
1: 18, 33, 37, 38, 43, 44
2: 18, 33, 35, 36, 46, 47
3: 10, 11, 18, 33, 35, 36, 38, 39, 41, 42, 44, 45
4: 7, 8, 10, 11, 12, 13, 16, 17, 18, 34, 35, 38, 39, 40, 42, 44, 45, 46
5: 8, 10, 11, 12, 13, 33, 34, 44, 45, 46
6: 1, 2, 4, 5, 7, 8, 9, 32, 34, 45, 46, 47
7: 2, 3, 5, 6, 7, 46, 47, 48
8: 2, 3, 4, 5, 7, 48
9: 5, 49
10: 0, 1, 3, 4, 5, 49
11: 2, 3, 4, 49, 50, 51
12: 1, 2, 3, 50
13: 2, 27, 28, 50
14: 2, 26, 27, 28, 30, 51
15: 1, 27, 28, 51
16: 1, 27, 28, 29, 30, 50, 51, 52
17: 1, 51
18: 1, 50, 51, 52
19: 1, 50
20: 0, 1, 2, 52
21: 1, 51
22: 0, 1, 2, 52
23: 1, 2, 3, 24, 25, 51
24: 0, 1, 2, 26, 27, 52
25: 1, 2, 3, 25, 26, 28, 29, 51
26: 1, 26, 27, 51
27: 1, 26, 27, 28, 29, 51
28: 0, 25, 26, 27, 28, 29, 30, 51
29: 1, 26, 27, 28, 29, 49, 50, 51
30: 0, 25, 26, 27, 28, 29, 30, 52
31: 0, 27, 30, 49, 50, 51
32: 0, 26, 27, 28, 29, 48, 49, 50, 51, 52
33: 0, 5, 6, 16, 17, 25, 30, 49, 50, 51
34: 0, 25, 26, 27, 29, 48, 49, 50, 51, 52
35: 0, 26, 29, 50
36: 0, 7, 8, 25, 26, 27, 29, 48, 49, 50, 51, 52
37: 1, 26, 28, 29, 30, 49, 50, 51
38: 0, 25, 26, 27, 29, 48, 49, 50
