0: 19, 33
1: 19, 33
2: 19, 33
3: 20, 32
4: 20, 32
5: 20, 32
6: 21, 31
7: 21, 31
8: 21, 30
9: 22, 30
10: 19, 20, 21, 30
11: 19, 30, 35, 36, 37, 38
12: 19, 30, 31, 41
13: 17, 30, 31, 43
14: 14, 30, 31, 34, 35, 36, 41, 43
15: 12, 33, 42, 43
16: 9, 17, 18, 33
17: 9, 10, 11, 13, 18, 33
18: 11, 14, 19, 33
19: 10, 14, 19, 33
20: 10, 16, 20, 32
21: 9, 15, 20, 32
22: 9, 10, 11, 15, 21, 30
23: 10, 14, 21, 30
24: 12, 14, 21, 29
25: 10, 11, 13, 14, 21, 30
26: 11, 12, 21, 30
27: 21, 32
28: 22, 32
29: 22, 32
30: 22, 32
31: 23, 32
32: 22, 32
33: 22, 33
34: 22, 28, 29, 32
35: 23, 27
36: 23, 25
37: 
38: 
