0: 23, 40, 41, 42
1: 23, 42
2: 23, 41
3: 19, 21, 23, 41
4: 19, 22, 24, 41
5: 20, 22, 23, 40
6: 21, 40
7: 21, 40
8: 21, 39
9: 21, 39
10: 21, 39
11: 21, 39, 51, 52
12: 20, 38, 51, 52
13: 19, 38, 51, 52
14: 18, 38, 45, 47, 50, 52
15: 17, 38, 43, 44, 48, 52
16: 16, 37, 48, 52
17: 14, 38, 42, 43, 47, 52
18: 14, 37, 45, 52
19: 16, 37, 42, 52
20: 18, 37, 38, 39, 40, 52
21: 22, 23, 25, 37, 40, 52
22: 24, 37, 39, 52
23: 23, 36, 38, 52
24: 22, 52
25: 22, 52
26: 20, 52
27: 22, 52
28: 21, 22, 24, 52
29: 23, 51
30: 25, 51
31: 25, 51
32: 22, 23, 25, 52
33: 20, 21, 23, 52
34: 24, 52
35: 19, 20, 21, 22, 23, 52
36: 18, 20, 21, 52
37: 18, 19, 20, 52
38: 17, 52
