0: 0, 12
1: 0, 11
2: 0, 11
3: 0, 10
4: 0, 9, 24, 25
5: 0, 8, 23, 24
6: 0, 7, 22, 24
7: 0, 6, 22, 23
8: 0, 6, 21, 23
9: 0, 5, 20, 23
10: 0, 4, 19, 22
11: 0, 3, 18, 23
12: 0, 2, 17, 24
13: 0, 2, 17, 24
14: 0, 1, 15, 25
15: 0, 1, 15, 26, 27, 28
16: 13, 29
17: 13, 29
18: 11, 29
19: 10, 30
20: 10, 33
21: 9, 33, 39, 40
22: 10, 33, 37, 42
23: 10, 34, 36, 39, 42, 43
24: 9, 39
25: 10, 40
26: 9, 26, 27, 41
27: 9, 26, 27, 41
28: 9, 26, 30, 42
29: 9, 26, 30, 44
30: 8, 25, 31, 44
31: 9, 25, 30, 46
32: 8, 25, 31, 48
33: 8, 23, 31, 50
34: 8, 21, 32, 50
35: 7, 19, 34, 50
36: 8, 17, 36, 52
37: 7, 16, 37, 52
38: 7, 15, 38, 52
