0: 0, 9, 11, 24, 25, 28, 29, 42, 46, 52
1: 0, 9, 11, 24, 25, 28, 29, 40, 47, 52
2: 0, 9, 12, 24, 25, 28, 29, 40, 47, 52
3: 0, 7, 14, 23, 29, 40, 47, 52
4: 0, 6, 14, 22, 29, 41, 47, 52
5: 0, 4, 13, 22, 29, 41, 46, 52
6: 0, 2, 13, 22, 28, 41, 46, 52
7: 13, 23, 28, 42, 46, 52
8: 7, 8, 12, 23, 27, 42, 45, 52
9: 4, 6, 12, 23, 27, 42, 46, 52
10: 0, 8, 12, 24, 27, 42, 47, 48
11: 0, 8, 12, 24, 27, 42
12: 0, 9, 13, 24, 27, 42, 49, 52
13: 0, 9, 12, 24, 27, 43, 46, 47, 48, 52
14: 0, 10, 12, 21, 28, 43, 46, 48, 49, 52
15: 0, 9, 13, 21, 28, 43, 47, 52
16: 0, 9, 13, 22, 28, 42, 47, 52
17: 0, 8, 13, 20, 21, 22, 24, 25, 28, 43, 47, 52
18: 0, 9, 12, 20, 22, 25, 28, 44, 45, 52
19: 0, 10, 11, 25, 28, 52
20: 0, 52
21: 0, 52
22: 0, 52
23: 0, 52
24: 0, 52
25: 0, 52
26: 0, 52
27: 0, 52
28: 0, 52
29: 0, 52
30: 0, 52
31: 0, 52
32: 0, 52
33: 0, 52
34: 0, 52
35: 0, 52
36: 0, 52
37: 0, 52
38: 0, 52
