0: 
1: 
2: 
3: 
4: 
5: 
6: 
7: 
8: 14, 15
9: 13, 16
10: 13, 16
11: 14, 15
12: 13, 18
13: 12, 18
14: 9, 10, 11, 14, 15, 17
15: 6, 17
16: 5, 19
17: 4, 21
18: 3, 20
19: 3, 20
20: 0, 1, 2, 19, 20, 21, 22, 23, 24, 25, 26, 27, 28, 29, 30, 31, 32, 33, 34, 35, 36, 37, 38, 39, 40, 41, 42, 43, 44, 45, 46, 47, 48, 49
21: 1, 2, 3, 23, 24, 25, 26, 27, 28, 30, 31, 32, 33, 34, 35, 36, 37, 38, 39, 40, 41, 42, 43, 44, 45, 46, 47, 48
22: 3, 23, 29, 30
23: 3, 24, 29, 30
24: 4, 24, 28, 30
25: 4, 25, 27, 30
26: 5, 24, 27, 29
27: 7, 8, 9, 15, 26, 29
28: 9, 14, 25, 27
29: 10, 15, 24, 27
30: 9, 21, 23, 25
31: 10, 20, 22, 24
32: 10, 23
33: 10, 22
34: 10, 20
35: 11, 12, 13, 20
36: 13, 19
37: 12, 18
38: 12, 18, 20, 21
