0: 0, 49
1: 0, 50
2: 0, 51
3: 0, 52
4: 0, 52
5: 0, 52
6: 0, 52
7: 0, 52
8: 0, 49, 50, 52
9: 0, 47, 50, 52
10: 0, 24, 27, 46, 51, 52
11: 0, 25, 26, 45, 46, 48
12: 0, 24, 27, 44, 48, 49
13: 0, 23, 28, 45
14: 0, 23, 28, 47
15: 0, 24, 27, 50
16: 0, 23, 27, 51
17: 0, 24, 27, 52
18: 0, 24, 27, 52
19: 0, 24, 27, 52
20: 0, 24, 26, 52
21: 0, 25, 27, 52
22: 0, 24, 27, 52
23: 0, 25, 27, 52
24: 0, 25, 27, 52
25: 0, 24, 27, 52
26: 0, 25, 26, 52
27: 0, 52
28: 0, 52
29: 0, 52
30: 0, 52
31: 0, 52
32: 0, 52
33: 0, 52
34: 0, 52
35: 0, 52
36: 0, 52
37: 0, 52
38: 0, 52
