0: 41, 44, 49, 52
1: 41, 45, 48, 52
2: 41, 44, 49, 52
3: 40, 45, 48, 52
4: 37, 46, 48, 52
5: 36, 46, 47, 52
6: 36, 52
7: 36, 52
8: 35, 52
9: 35, 52
10: 34, 52
11: 36, 52
12: 37, 52
13: 39, 52
14: 40, 52
15: 40, 52
16: 41, 52
17: 41, 52
18: 40, 52
19: 40, 52
20: 32, 33, 40, 52
21: 31, 33, 39, 47, 48, 52
22: 32, 35, 37, 38, 39, 48, 50, 52
23: 30, 47
24: 30, 48
25: 31, 33, 36, 47
26: 36, 50
27: 39, 51
28: 39, 52
29: 39, 52
30: 34, 36, 37, 52
31: 33, 52
32: 34, 52
33: 36, 52
34: 38, 47
35: 39, 47
36: 39, 46
37: 40, 46
38: 41, 46
