0: 0, 52
1: 0, 50, 51, 52
2: 0, 52
3: 0, 44, 45, 46, 47, 49, 50, 51
4: 0, 48, 49, 50, 51, 52
5: 0, 43, 44, 45, 46, 47, 48, 49, 50, 51
6: 0, 42, 43, 45, 46, 48
7: 0, 42, 43, 44, 45, 46, 49, 50
8: 0, 41, 42, 43, 46, 47
9: 0, 42, 43, 44, 45, 46
10: 0, 41
11: 0, 41
12: 0, 40
13: 0, 39
14: 0, 40
15: 0, 40, 51, 52
16: 0, 41, 48, 52
17: 0, 38, 39, 41
18: 0, 39, 40, 41
19: 0, 35, 36, 37
20: 0, 32, 33, 34, 35, 36
21: 0, 31, 32, 33
22: 0, 28
23: 0, 28
24: 0, 26, 27, 28, 42, 52
25: 0, 25, 26, 27, 39, 52
26: 0, 24, 36, 52
27: 0, 22, 23, 24, 33, 52
28: 0, 20, 21, 22, 29, 30, 31, 52
29: 0, 20, 28, 52
30: 0, 20, 27, 52
31: 0, 19, 26, 51
32: 0, 19, 25, 51
33: 0, 19, 20, 21, 23, 50
34: 0, 20, 22, 50
35: 0, 49
36: 0, 50
37: 0, 49
38: 0, 48
