0: 0, 2, 25, 44
1: 27, 44
2: 27, 44
3: 28, 44
4: 28, 44
5: 28, 44
6: 27, 44
7: 10, 11, 21, 44
8: 20, 44
9: 1, 4, 21, 44
10: 21, 45, 51, 52
11: 0, 5, 22, 45, 51, 52
12: 0, 9, 22, 44, 51, 52
13: 0, 11, 21, 44, 51, 52
14: 0, 11, 22, 45
15: 0, 11, 21, 45
16: 0, 11, 22, 45
17: 0, 12, 22, 45
18: 0, 11, 22, 45
19: 0, 12, 22, 44
20: 0, 12, 22, 44
21: 0, 14, 19, 20, 21, 46
22: 0, 14, 20, 47
23: 0, 13, 22, 46
24: 0, 13, 22, 46
25: 0, 12, 22, 46
26: 0, 12, 22, 46
27: 0, 11, 22, 46
28: 0, 11, 21, 45
29: 0, 12, 21, 46
30: 0, 11, 22, 48
31: 0, 10, 21, 49, 50, 52
32: 0, 11, 20, 48, 50, 52
33: 0, 13, 19, 52
34: 0, 15, 19, 52
35: 0, 16, 19, 52
36: 0, 16, 19, 52
37: 0, 52
38: 0, 52
