0: 0, 1, 3, 4, 8, 10, 11, 12, 13, 14, 15, 41, 42, 43, 44, 45, 46, 52
1: 2, 3, 5, 6, 7, 8, 9, 11, 14, 28, 29, 36, 37, 40, 45, 52
2: 0, 1, 6, 10, 13, 14, 16, 28, 29, 38, 39, 40, 42, 43, 44, 45, 46, 52
3: 0, 11, 16, 27, 28, 29, 30, 31, 32, 39, 45, 52
4: 0, 10, 15, 27, 31, 39, 41, 43, 45, 52
5: 0, 12, 14, 26, 27, 28, 29, 30, 31, 40, 41, 43, 44, 52
6: 0, 12, 14, 24, 30, 40, 41, 43, 44, 52
7: 0, 11, 14, 25, 26, 28, 30, 39, 41, 43, 44, 52
8: 0, 11, 13, 25, 26, 29, 30, 40, 41, 43, 45, 52
9: 0, 11, 12, 25, 26, 29, 30, 40, 41, 43, 44, 52
10: 0, 10, 14, 25, 26, 29, 30, 40, 42, 43, 45, 52
11: 0, 10, 16, 26, 27, 28, 30, 39, 45, 52
12: 0, 10, 17, 25, 30, 38, 45, 52
13: 0, 8, 16, 24, 30, 38, 45, 52
14: 0, 5, 16, 24, 30, 39, 45, 52
15: 0, 3, 15, 25, 30, 39, 44, 52
16: 8, 9, 10, 11, 14, 26, 30, 40, 44, 52
17: 15, 26, 31, 40, 44, 52
18: 0, 1, 2, 3, 4, 8, 14, 27, 30, 41, 44, 52
19: 0, 10, 14, 28, 30, 40, 44, 52
20: 0, 10, 14, 26, 31, 40, 44, 52
21: 0, 10, 13, 26, 31, 37, 45, 52
22: 0, 11, 14, 26, 31, 35, 44, 52
23: 0, 10, 14, 26, 30, 34, 36, 40, 45, 52
24: 0, 10, 14, 26, 30, 41, 45, 52
25: 0, 10, 14, 27, 30, 41, 45, 52
26: 0, 10, 13, 26, 30, 41, 45, 52
27: 0, 11, 13, 27, 29, 41, 44, 52
28: 0, 27, 29, 43, 44, 52
29: 0, 52
30: 0, 52
31: 0, 52
32: 0, 52
33: 0, 52
34: 0, 52
35: 0, 52
36: 0, 52
37: 0, 52
38: 0, 52
