0: 0, 19, 30, 31, 45, 52
1: 0, 19, 46, 52
2: 0, 19, 44, 45, 48, 52
3: 0, 19, 44, 46, 47, 52
4: 0, 19, 44, 52
5: 0, 20, 43, 52
6: 0, 20, 43, 52
7: 0, 20, 43, 52
8: 0, 21, 43, 52
9: 0, 19, 42, 52
10: 0, 18, 27, 28, 29, 30, 44, 52
11: 0, 18, 25, 31, 43, 52
12: 0, 17, 25, 31, 44, 45, 46, 52
13: 0, 17, 24, 31, 44, 45, 46, 52
14: 0, 17, 25, 31, 44, 45, 47, 52
15: 0, 17, 24, 30, 47, 52
16: 0, 18, 24, 30, 46, 52
17: 0, 20, 21, 22, 23, 30, 47, 52
18: 0, 30, 46, 52
19: 0, 29, 47, 52
20: 0, 28, 46, 52
21: 0, 27, 47, 52
22: 0, 28, 46, 52
23: 0, 27, 46, 52
24: 0, 26, 46, 52
25: 0, 25, 46, 52
26: 0, 25, 45, 52
27: 0, 25, 46, 52
28: 0, 25, 45, 52
29: 0, 25, 45, 52
30: 0, 26, 44, 52
31: 0, 26, 44, 52
32: 0, 27, 44, 52
33: 0, 28, 43, 52
34: 0, 30, 43, 52
35: 0, 31, 42, 52
36: 0, 31, 40, 52
37: 0, 31, 37, 52
38: 0, 31, 36, 52
