0: 0, 22, 45, 52
1: 0, 22, 28, 29, 45, 52
2: 0, 21, 45, 52
3: 0, 21, 45, 52
4: 0, 21, 45, 52
5: 0, 20, 44, 52
6: 0, 20, 45, 52
7: 0, 20, 44, 52
8: 0, 20, 44, 52
9: 0, 20, 44, 52
10: 0, 20, 44, 52
11: 0, 21, 44, 52
12: 0, 21, 26, 28, 44, 52
13: 0, 22, 27, 29, 44, 52
14: 0, 21, 26, 30, 44, 52
15: 0, 19, 24, 25, 27, 30, 44, 52
16: 0, 18, 24, 25, 27, 31, 45, 52
17: 0, 19, 24, 25, 28, 32, 44, 52
18: 0, 19, 21, 22, 23, 25, 27, 32, 45, 52
19: 0, 19, 22, 26, 27, 32, 45, 52
20: 0, 25, 27, 31, 45, 52
21: 0, 26, 28, 30, 45, 52
22: 0, 26, 27, 30, 45, 52
23: 0, 26, 28, 30, 44, 52
24: 0, 26, 27, 31, 45, 52
25: 0, 26, 28, 30, 44, 52
26: 0, 26, 28, 30, 44, 52
27: 0, 26, 28, 30, 43, 52
28: 0, 11, 12, 26, 28, 30, 43, 52
29: 0, 10, 13, 26, 28, 30, 42, 52
30: 0, 12, 13, 32, 41, 52
31: 0, 33, 39, 52
32: 0, 52
33: 0, 52
34: 0, 52
35: 0, 52
36: 0, 52
37: 0, 52
38: 0, 52
