0: 0, 3, 17, 27, 28, 30, 45, 52
1: 0, 4, 19, 26, 28, 30, 45, 52
2: 0, 4, 20, 26, 44, 52
3: 0, 4, 19, 26, 44, 52
4: 0, 4, 17, 26, 44, 52
5: 0, 5, 16, 25, 43, 52
6: 0, 4, 16, 24, 42, 52
7: 0, 4, 14, 15, 17, 23, 42, 52
8: 0, 2, 14, 16, 17, 23, 42, 52
9: 0, 2, 14, 16, 17, 23, 41, 52
10: 0, 1, 14, 16, 18, 22, 47, 52
11: 15, 17, 18, 22, 47, 48, 49, 52
12: 3, 4, 16, 22, 48, 52
13: 1, 3, 18, 20, 47, 52
14: 1, 3, 19, 20, 46, 52
15: 2, 3, 45, 52
16: 2, 3, 5, 6, 44, 52
17: 1, 2, 5, 6, 43, 52
18: 0, 2, 4, 7, 42, 52
19: 4, 7, 40, 52
20: 4, 9, 15, 16, 40, 52
21: 4, 5, 6, 7, 8, 10, 16, 18, 38, 52
22: 0, 10, 17, 18, 37, 52
23: 0, 8, 17, 18, 25, 26, 27, 31, 32, 33, 34, 52
24: 0, 8, 19, 20, 23, 52
25: 0, 7, 18, 20, 21, 52
26: 0, 6, 19, 52
27: 0, 5, 18, 52
28: 0, 5, 18, 52
29: 0, 4, 17, 52
30: 0, 4, 17, 52
31: 0, 5, 16, 52
32: 0, 6, 16, 52
33: 0, 6, 15, 52
34: 0, 7, 14, 52
35: 0, 7, 12, 52
36: 0, 8, 12, 52
37: 0, 52
38: 0, 52
