0: 0, 22, 33, 52
1: 0, 21, 32, 52
2: 0, 22, 33, 52
3: 0, 22, 32, 52
4: 0, 22, 32, 52
5: 0, 23, 31, 52
6: 0, 20, 33, 52
7: 0, 20, 34, 52
8: 0, 20, 33, 52
9: 0, 17, 18, 20, 33, 49, 51, 52
10: 0, 4, 6, 15, 18, 20, 33, 38, 40, 43, 44, 49
11: 6, 11, 33, 36, 46, 47, 48, 49
12: 0, 1
13: 0, 3, 51, 52
14: 0, 4, 16, 19, 34, 35, 37, 38, 50, 52
15: 0, 6, 15, 20, 34, 42, 50, 52
16: 0, 7, 13, 20, 33, 43, 49, 52
17: 0, 8, 12, 21, 33, 45, 48, 52
18: 0, 9, 11, 24, 29, 47, 48, 52
19: 0, 22, 24, 25, 28, 52
20: 0, 21, 31, 52
21: 0, 21, 32, 52
22: 0, 21, 32, 52
23: 0, 19, 31, 52
24: 0, 18, 32, 52
25: 0, 20, 33, 52
26: 0, 20, 32, 52
27: 0, 20, 34, 52
28: 0, 20, 34, 52
29: 0, 20, 36, 52
30: 0, 20, 34, 52
31: 0, 21, 34, 52
32: 0, 23, 29, 32, 34, 52
33: 0, 52
34: 0, 52
35: 0, 52
36: 0, 52
37: 0, 52
38: 0, 52
