0: 0, 26, 46, 52
1: 0, 26, 47, 52
2: 0, 26, 46, 52
3: 0, 26, 47, 52
4: 0, 26, 47, 52
5: 0, 26, 47, 52
6: 0, 26, 42, 45, 46, 52
7: 0, 26, 41, 52
8: 0, 26, 41, 52
9: 0, 26, 42, 52
10: 0, 26, 44, 51
11: 0, 26, 45, 51
12: 0, 26, 47, 51
13: 0, 26, 47, 51
14: 0, 26, 47, 51
15: 0, 26, 46, 51
16: 0, 26, 48, 51
17: 0, 26
18: 1, 26
19: 3, 26
20: 4, 26
21: 8, 26
22: 9, 26
23: 8, 13, 14, 26
24: 7, 12, 14, 26
25: 6, 10, 13, 26
26: 3, 8, 12, 26
27: 10, 26
28: 8, 26
29: 4, 26
30: 3, 26
31: 4, 26
32: 4, 26
33: 4, 26
34: 5, 26
35: 4, 26
36: 4, 26
37: 5, 26
38: 5, 26
