0: 12, 33
1: 12, 34
2: 13, 35, 45, 46
3: 14, 36
4: 14, 35
5: 15, 35
6: 16, 35, 49, 50
7: 16, 35
8: 17, 34, 45, 46
9: 18, 33
10: 19, 33, 41, 42, 50, 51
11: 19, 32
12: 20, 34, 46, 47
13: 21, 34, 35, 36, 43, 44, 48, 49
14: 22, 38
15: 24, 38, 40, 41, 46, 47, 49, 50
16: 23, 38, 44, 45
17: 24, 39
18: 23, 39, 42, 43, 46, 47, 48, 49, 50, 51
19: 24, 39
20: 24, 38, 40, 41, 43, 44, 45, 46, 49, 50
21: 24, 38, 47, 48, 51, 52
22: 25, 36, 41, 42, 45, 46, 49, 50
23: 27, 30, 31, 34, 38, 39, 43, 44, 47, 48, 51, 52
24: 24, 25, 28, 31, 41, 42, 45, 46, 49, 50
25: 26, 27, 29, 30, 33, 34, 36, 37, 38, 39, 43, 44, 47, 48, 50, 51
26: 28, 29, 40, 41, 42, 43, 46, 47, 49, 50
27: 32, 33, 35, 36, 38, 39, 45, 46, 47, 48, 49, 50, 51, 52
28: 40, 41, 42, 43, 44, 45, 50, 51
29: 24, 25, 30, 31, 33, 34, 36, 37, 38, 39, 45, 46, 47, 48, 49, 50
30: 26, 27, 40, 41, 42, 43, 44, 45, 48, 49, 51, 52
31: 31, 32, 34, 35, 36, 37, 39, 40, 43, 44, 46, 47, 48, 49, 50, 51
32: 28, 29, 38, 39, 41, 42, 45, 46, 47, 48, 49, 50, 51, 52
33: 23, 24, 33, 34, 36, 37, 40, 41, 42, 44, 45, 46, 48, 49, 50, 51
34: 29, 30, 38, 39, 45, 46, 47, 48, 50, 51
35: 25, 26, 31, 32, 33, 34, 35, 36, 37, 38, 40, 41, 42, 43, 44, 45, 47, 48, 49, 50, 51, 52
36: 27, 28, 39, 40, 43, 44, 46, 47, 48, 49, 50, 51
37: 30, 31, 33, 34, 35, 36, 37, 38, 40, 41, 42, 43, 44, 45, 46, 47, 48, 49, 50, 52
38: 38, 39, 41, 42, 44, 45, 46, 47, 48, 49, 50, 51
