0: 0, 16
1: 0, 15
2: 0, 16
3: 0, 15
4: 0, 16
5: 0, 15
6: 0, 16
7: 0, 15
8: 0, 16
9: 0, 15
10: 0, 16
11: 0, 15
12: 0, 16, 48, 51
13: 0, 15, 46, 52
14: 0, 16, 39, 40, 44, 51
15: 1, 15, 38, 41, 42, 51
16: 3, 16, 37, 50
17: 3, 15, 35, 49
18: 4, 16, 35, 44
19: 4, 15, 29, 30, 32, 42
20: 4, 16, 28, 30, 31, 33, 34, 42
21: 4, 15, 26, 31, 36, 37, 38, 42
22: 3, 16, 25, 28, 36, 41
23: 2, 15, 24, 25, 37, 40
24: 0, 16, 37, 40, 41, 42
25: 0, 15, 37, 41, 42, 43
26: 0, 16, 37, 41
27: 0, 15, 37, 42
28: 0, 16, 36, 41
29: 0, 15, 36, 38
30: 0, 16, 36, 37
31: 0, 15
32: 0, 16
33: 0, 15
34: 0, 16
35: 0, 15
36: 0, 16
37: 0, 15
38: 0, 16
