0: 0, 5, 14, 24, 29, 41, 48, 52
1: 0, 3, 14, 24, 31, 41, 47, 52
2: 0, 2, 13, 24, 30, 42, 47, 52
3: 13, 24, 30, 42, 47, 52
4: 6, 7, 12, 24, 29, 42, 46, 52
5: 7, 8, 11, 23, 28, 42, 46, 52
6: 2, 6, 8, 9, 12, 24, 27, 43, 47, 52
7: 0, 7, 11, 24, 27, 43, 47, 52
8: 0, 8, 12, 24, 27, 42, 46, 48
9: 0, 8, 12, 24, 29, 42, 51, 52
10: 0, 8, 11, 23, 28, 43, 48, 52
11: 0, 8, 12, 24, 28, 42, 46, 48, 49, 52
12: 0, 8, 12, 24, 28, 42, 46, 49, 50, 52
13: 0, 8, 12, 25, 28, 42, 46, 52
14: 0, 7, 12, 24, 28, 42, 46, 52
15: 0, 9, 11, 24, 28, 43, 45, 52
16: 0, 9, 10, 25, 27, 52
17: 0, 26, 27, 52
18: 0, 52
19: 0, 52
20: 0, 52
21: 0, 52
22: 0, 52
23: 0, 52
24: 0, 52
25: 0, 52
26: 0, 52
27: 0, 52
28: 0, 52
29: 0, 52
30: 0, 52
31: 0, 52
32: 0, 52
33: 0, 52
34: 0, 52
35: 0, 52
36: 0, 52
37: 0, 52
38: 0, 52
