0: 18, 39
1: 19, 39
2: 19, 40
3: 20, 40
4: 20, 40
5: 21, 40
6: 22, 39
7: 22, 40
8: 23, 39
9: 24, 39, 46, 47
10: 24, 38, 49, 50
11: 25, 37
12: 26, 36, 39, 40
13: 28, 29, 30, 34, 41, 42, 45, 46, 48, 49
14: 
15: 
16: 35, 36, 39, 40, 43, 44, 47, 48, 50, 51
17: 
18: 41, 42, 45, 46, 49, 50
19: 26, 27, 38, 39
20: 28, 29, 32, 33, 43, 44, 46, 47, 48, 49, 51, 52
21: 34, 35, 41, 42
22: 37, 38, 45, 46, 48, 49, 50, 51
23: 39, 40, 42, 43
24: 27, 28, 31, 32, 34, 35, 44, 45, 46, 47, 48, 49, 50, 51
25: 36, 37, 39, 40, 42, 43, 51, 52
26: 44, 45, 46, 47, 49, 50
27: 29, 30, 32, 33, 35, 36, 38, 39, 40, 41, 42, 43, 48, 49, 51, 52
28: 44, 45, 47, 48, 50, 51
29: 23, 24, 34, 35, 37, 38, 41, 42, 43, 44, 46, 47, 49, 50
30: 25, 26, 31, 32, 39, 40, 45, 46, 48, 49, 51, 52
31: 28, 29, 35, 36, 37, 38, 41, 42, 44, 45, 47, 48, 50, 51
32: 32, 33, 39, 40, 43, 44, 46, 47, 49, 50
33: 34, 35, 37, 38, 41, 42, 44, 45, 47, 48, 49, 50, 51, 52
34: 24, 25, 30, 31, 39, 40, 42, 43, 45, 46, 47, 48, 50, 51
35: 26, 27, 32, 33, 35, 36, 37, 38, 41, 42, 44, 45, 48, 49, 50, 51
36: 28, 29, 39, 40, 42, 43, 45, 46, 47, 48, 49, 50
37: 31, 32, 34, 35, 36, 37, 38, 39, 41, 42, 44, 45, 46, 47, 49, 50, 51, 52
38: 40, 41, 43, 44, 46, 47, 48, 49, 50, 51
