0: 0, 27, 40, 52
1: 0, 27, 40, 52
2: 0, 27, 41, 52
3: 0, 25, 26, 27, 41, 52
4: 0, 25, 26, 27, 41, 52
5: 0, 25, 42, 52
6: 0, 26, 41, 52
7: 0, 27, 42, 52
8: 0, 27, 42, 52
9: 0, 27, 42, 52
10: 0, 26, 42, 52
11: 0, 26, 42, 52
12: 0, 26, 41, 52
13: 0, 26, 42, 52
14: 0, 27, 41, 52
15: 0, 27, 41, 52
16: 0, 28, 41, 52
17: 0, 28, 41, 52
18: 0, 18, 19, 25, 41, 52
19: 0, 17, 20, 21, 22, 23, 41, 52
20: 0, 18, 41, 52
21: 0, 17, 41, 52
22: 0, 18, 29, 30, 41, 52
23: 0, 18, 26, 30, 42, 52
24: 0, 17, 24, 30, 42, 52
25: 0, 15, 23, 30, 41, 52
26: 0, 14, 19, 29, 42, 52
27: 0, 13, 15, 29, 42, 52
28: 0, 27, 42, 52
29: 0, 27, 42, 52
30: 0, 30, 42, 52
31: 0, 29, 41, 52
32: 0, 30, 40, 52
33: 0, 31, 39, 52
34: 0, 32, 37, 52
35: 0, 32, 34, 52
36: 0, 52
37: 0, 52
38: 0, 52
