0: 19, 21, 25, 27
1: 19, 21, 25, 27, 46, 47
2: 19, 20, 25, 26
3: 19, 21, 25, 27
4: 19, 21, 25, 26
5: 19, 21, 24, 26
6: 19, 21, 24, 26
7: 18, 23, 24, 26
8: 16, 25
9: 16, 26
10: 16, 26
11: 1, 2, 3, 5, 6, 7, 16, 27
12: 6, 7, 8, 9, 16, 26
13: 5, 9, 17, 26
14: 6, 10, 18, 25, 28, 31
15: 6, 9, 11, 13, 18, 28
16: 7, 10, 11, 12, 13, 25
17: 6, 9, 12, 13, 16, 24
18: 6, 10, 15, 18, 19, 27, 28, 29
19: 6, 10, 13, 14, 15, 16, 17, 18, 19, 23, 26, 30
20: 6, 9, 12, 13, 17, 24
21: 7, 9, 18, 24
22: 6, 9, 18, 23
23: 6, 9, 19, 24, 41, 42
24: 7, 8, 18, 24
25: 19, 25, 38, 39
26: 20, 24
27: 19, 24
28: 18, 25, 29, 30
29: 17, 26
30: 17, 18, 19, 26, 42, 44
31: 16, 17, 19, 26, 41, 46
32: 15, 16, 21, 22, 24, 26, 40, 46
33: 13, 14, 40, 47
34: 12, 13, 40, 47
35: 11, 12, 31, 46
36: 10, 11, 30, 45
37: 9, 10, 29, 31, 34, 35, 36, 41
38: 8, 9, 29, 30
