0: 34, 43
1: 34, 43
2: 34, 42
3: 35, 42
4: 35, 42
5: 35, 43
6: 36, 42
7: 35, 42
8: 36, 42
9: 18, 22, 23, 28, 36, 42
10: 13, 33, 36, 43
11: 11, 33, 36, 43
12: 11, 44, 47, 48
13: 10, 44, 45, 47
14: 9, 43, 45, 46, 47, 49
15: 10, 45
16: 8, 43, 44, 46
17: 8, 47
18: 8, 45, 46, 48
19: 8, 46, 47, 49
20: 9, 47, 48, 49
21: 9, 45, 46, 50
22: 10, 42, 43, 44, 48, 51
23: 11, 43, 49, 52
24: 11, 41, 42, 45, 46, 47, 48, 52
25: 11, 39, 44, 46, 48, 49, 50, 52
26: 11, 34, 35, 39, 46, 52
27: 11, 37, 38, 40, 48, 49, 50, 51
28: 12, 33, 34, 37, 39, 41, 50, 51
29: 12, 37, 40, 43, 44, 45, 51, 52
30: 12, 38, 41, 42, 43, 44, 51, 52
31: 11, 36, 37, 39, 40, 42, 44, 46, 47, 48, 50, 51
32: 12, 37, 38, 40, 46, 48, 49, 52
33: 12, 42, 48, 49
34: 12, 37, 38, 41, 42, 43, 48, 51
35: 12, 38, 39, 42, 48, 49, 50, 51
36: 13, 38, 41, 42, 43, 44, 49, 52
37: 13, 38, 42, 43, 48, 49, 50, 51
38: 12, 39, 43, 44, 50, 51
