0: 0, 4, 5, 6, 24, 25, 30, 31, 41, 42, 43, 52
1: 0, 5, 22, 23, 25, 26, 39, 40, 41, 52
2: 0, 5, 6, 7, 41, 52
3: 0, 5, 6, 7, 8, 9, 40, 41, 42, 52
4: 0, 7, 39, 40, 41, 42, 43, 52
5: 0, 6, 7, 8, 18, 19, 41, 52
6: 0, 8, 9, 10, 20, 21, 39, 52
7: 0, 7, 18, 19, 20, 21, 22, 23, 38, 39, 40, 52
8: 0, 7, 8, 9, 36, 37, 39, 40, 41, 52
9: 0, 6, 7, 8, 20, 21, 38, 52
10: 0, 6, 7, 8, 38, 39, 40, 52
11: 0, 4, 5, 6, 37, 38, 39, 52
12: 0, 5, 6, 7, 39, 52
13: 0, 5, 7, 8, 37, 38, 39, 40, 41, 52
14: 0, 5, 6, 7, 9, 10, 40, 41, 42, 44, 45, 47, 48, 52
15: 0, 7, 39, 40, 42, 43, 44, 45, 46, 47, 48, 49, 50, 52
16: 0, 6, 7, 8, 41, 42, 49, 50, 51, 52
17: 0, 9, 10, 11, 45, 46, 48, 49, 50, 52
18: 0, 8, 9, 10, 47, 48, 49, 52
19: 0, 10, 11, 12, 43, 44, 45, 47, 48, 52
20: 0, 10, 11, 12, 41, 42, 44, 45, 46, 52
21: 0, 10, 11, 12, 42, 52
22: 0, 6, 7, 9, 10, 11, 26, 27, 41, 42, 43, 52
23: 0, 8, 22, 23, 24, 25, 27, 28, 42, 43, 44, 52
24: 0, 6, 7, 8, 9, 10, 26, 27, 29, 30, 40, 41, 42, 52
25: 0, 7, 25, 26, 28, 29, 42, 43, 44, 52
26: 0, 6, 7, 8, 27, 28, 29, 30, 42, 43, 44, 52
27: 0, 7, 8, 9, 28, 29, 30, 31, 43, 44, 45, 52
28: 0, 7, 8, 9, 26, 27, 28, 29, 30, 31, 41, 42, 43, 52
29: 0, 7, 27, 28, 29, 31, 32, 33, 36, 37, 38, 39, 40, 41, 42, 52
30: 0, 6, 7, 8, 26, 27, 28, 30, 31, 32, 34, 35, 37, 38, 39, 52
31: 0, 6, 7, 8, 24, 25, 26, 52
32: 0, 7, 25, 26, 27, 52
33: 0, 6, 7, 8, 23, 24, 25, 52
34: 0, 8, 21, 22, 24, 52
35: 0, 7, 8, 9, 10, 11, 17, 18, 20, 21, 22, 52
36: 0, 9, 13, 14, 15, 16, 19, 20, 21, 52
37: 0, 14, 15, 52
38: 0, 52
