0: 44, 52
1: 38, 39, 47, 52
2: 49, 50, 51, 52
3: 
4: 46, 47
5: 45, 46
6: 44, 46
7: 44, 46
8: 43, 45
9: 43, 46
10: 43, 45
11: 42, 46
12: 42, 46, 49, 52
13: 41, 46, 48, 51
14: 40, 47, 48, 50
15: 40, 49
16: 39, 47
17: 11, 12, 13, 14, 37, 46
18: 11, 17, 18, 23, 29, 35, 36, 47
19: 10, 47
20: 10, 47
21: 9, 47
22: 9, 46
23: 8, 47
24: 8, 47
25: 9, 47
26: 9, 48
27: 10, 47
28: 8, 48
29: 8, 48
30: 4, 5, 6, 48
31: 2, 48
32: 2, 11, 12, 48
33: 4, 7, 13, 47
34: 14, 48
35: 15, 47
36: 15, 48
37: 16, 47
38: 16, 48
