0: 0, 1, 51, 52
1: 
2: 39, 40, 43, 44
3: 38, 39, 40, 43, 44, 45, 46, 47
4: 35, 47, 48, 49
5: 33, 50, 51, 52
6: 32, 51
7: 30, 52
8: 30, 52
9: 29, 52
10: 28, 52
11: 28, 52
12: 27, 52
13: 27, 40, 41, 52
14: 27, 39, 41, 42, 43, 52
15: 26, 37, 44, 52
16: 26, 37, 44, 52
17: 9, 10, 11, 12, 13, 14, 26, 36, 45, 52
18: 8, 13, 26, 37, 45, 52
19: 8, 15, 26, 37, 45, 52
20: 7, 14, 26, 37, 44, 52
21: 7, 15, 26, 38, 44, 52
22: 8, 14, 26, 40, 41, 52
23: 8, 13, 26, 52
24: 9, 12, 13, 14, 26, 52
25: 25, 52
26: 25, 52
27: 25, 52
28: 24, 52
29: 24, 52
30: 23, 52
31: 22, 52
32: 21, 52
33: 20, 52
34: 0, 2, 18, 52
35: 0, 4, 17, 52
36: 0, 6, 7, 8, 12, 13, 14, 52
37: 0, 52
38: 1, 52
