0: 0, 11, 14, 25, 26, 27, 28, 40, 41, 45, 46, 52
1: 0, 11, 13, 23, 29, 40, 42, 45, 46, 52
2: 0, 10, 12, 24, 26, 27, 29, 40, 41, 44, 46, 52
3: 0, 9, 12, 25, 26, 27, 28, 40, 41, 44, 45, 52
4: 0, 9, 11, 25, 26, 28, 29, 40, 42, 44, 46, 52
5: 0, 9, 11, 24, 26, 27, 28, 40, 42, 44, 45, 52
6: 0, 9, 14, 25, 26, 27, 29, 40, 45, 52
7: 0, 9, 15, 24, 28, 39, 47, 52
8: 0, 8, 15, 23, 29, 39, 46, 52
9: 0, 6, 14, 23, 29, 39, 46, 52
10: 0, 3, 14, 23, 29, 39, 45, 52
11: 0, 1, 14, 24, 29, 40, 44, 52
12: 13, 24, 28, 40, 44, 52
13: 7, 10, 13, 24, 28, 40, 43, 52
14: 0, 7, 12, 25, 28, 40, 44, 52
15: 0, 9, 13, 25, 28, 38, 39, 40, 44, 52
16: 0, 9, 13, 25, 28, 37, 39, 40, 45, 52
17: 0, 10, 12, 22, 28, 36, 46, 52
18: 0, 10, 13, 20, 29, 36, 37, 39, 45, 52
19: 0, 9, 13, 22, 24, 25, 29, 41, 45, 47, 48, 52
20: 0, 9, 13, 25, 28, 41, 45, 52
21: 0, 9, 13, 25, 29, 41, 45, 52
22: 0, 10, 12, 25, 28, 41, 45, 52
23: 0, 11, 12, 26, 28, 42, 44, 52
24: 0, 52
25: 0, 52
26: 0, 52
27: 0, 52
28: 0, 52
29: 0, 52
30: 0, 52
31: 0, 52
32: 0, 52
33: 0, 52
34: 0, 52
35: 0, 52
36: 0, 52
37: 0, 52
38: 0, 52
