0: 0, 6, 8, 9, 11, 12, 14, 47, 48, 52
1: 0, 5, 7, 8, 9, 10, 12, 44, 47, 52
2: 0, 4, 5, 6, 11, 12, 13, 14, 15, 39, 40, 44, 45, 46, 47, 52
3: 0, 3, 7, 8, 9, 12, 16, 38, 39, 43, 47, 52
4: 0, 1, 3, 4, 5, 6, 9, 10, 11, 13, 15, 16, 17, 39, 40, 41, 44, 45, 46, 52
5: 0, 2, 6, 11, 14, 15, 18, 35, 36, 40, 41, 42, 43, 44, 46, 52
6: 0, 4, 5, 12, 16, 31, 32, 33, 34, 39, 45, 52
7: 0, 12, 16, 28, 31, 32, 33, 40, 42, 43, 46, 52
8: 0, 13, 15, 28, 29, 30, 31, 32, 33, 40, 41, 44, 45, 52
9: 0, 13, 16, 27, 32, 40, 42, 44, 45, 52
10: 0, 12, 15, 26, 28, 29, 31, 32, 33, 41, 42, 44, 45, 52
11: 0, 11, 14, 26, 27, 30, 31, 41, 43, 44, 46, 52
12: 0, 11, 12, 13, 15, 27, 28, 30, 31, 42, 43, 44, 45, 52
13: 0, 11, 15, 27, 28, 30, 31, 40, 45, 52
14: 0, 11, 18, 27, 28, 30, 31, 39, 45, 52
15: 0, 9, 18, 27, 32, 39, 46, 52
16: 0, 7, 17, 27, 33, 40, 45, 52
17: 0, 5, 17, 27, 33, 41, 46, 52
18: 0, 2, 11, 12, 16, 27, 32, 41, 46, 52
19: 0, 1, 9, 10, 16, 27, 32, 42, 45, 52
20: 6, 7, 10, 11, 15, 28, 31, 43, 46, 52
21: 0, 4, 5, 10, 15, 28, 32, 39, 41, 42, 47, 52
22: 0, 11, 15, 28, 31, 38, 41, 42, 47, 52
23: 0, 11, 16, 29, 31, 38, 39, 40, 47, 52
24: 0, 12, 15, 28, 31, 41, 46, 52
25: 0, 12, 15, 27, 34, 43, 47, 52
26: 0, 12, 16, 27, 34, 35, 36, 42, 46, 48, 49, 52
27: 0, 11, 15, 28, 31, 32, 36, 42, 46, 52
28: 0, 11, 15, 27, 30, 42, 46, 52
29: 0, 12, 15, 27, 31, 43, 46, 52
30: 0, 13, 15, 27, 31, 52
31: 0, 28, 29, 52
32: 0, 52
33: 0, 52
34: 0, 52
35: 0, 52
36: 0, 52
37: 0, 52
38: 0, 52
