0: 0, 19, 20, 31
1: 1, 25, 26, 32
2: 1, 24, 25, 32
3: 0, 24, 25, 33
4: 1, 23, 25, 34
5: 1, 24, 25, 34
6: 1, 23, 25, 34
7: 1, 23, 24, 35
8: 2, 23, 24, 36
9: 2, 22, 24, 36
10: 2, 21, 24, 36
11: 3, 21, 23, 36
12: 2, 20, 23, 33, 47, 48
13: 3, 21, 25, 26, 27, 28
14: 5, 18, 19, 20
15: 3, 17, 18, 19, 20, 23
16: 4, 23
17: 3, 22
18: 3, 22
19: 3, 22
20: 4, 22
21: 4, 21
22: 4, 21
23: 4, 22
24: 2, 22
25: 1, 21
26: 1, 21
27: 0, 21
28: 4, 22, 24, 25
29: 4, 21
30: 4, 21
31: 4, 21
32: 5, 20
33: 5, 19
34: 6, 18
35: 7, 17
36: 15, 16
37: 
38: 
