0: 0, 40, 41, 42, 44, 52
1: 0, 36, 48, 52
2: 0, 34, 50, 52
3: 0, 33
4: 0, 31
5: 0, 30
6: 0, 29
7: 0, 29
8: 0, 28
9: 0, 27
10: 0, 27
11: 0, 9, 13, 27
12: 0, 7, 14, 26
13: 0, 7, 15, 26
14: 0, 7, 15, 26
15: 0, 6, 15, 26
16: 0, 6, 15, 26
17: 0, 7, 15, 25
18: 0, 7, 14, 26
19: 0, 9, 13, 26
20: 0, 26, 40, 43
21: 0, 26, 39, 44
22: 0, 26, 38, 45
23: 0, 26, 37, 46
24: 0, 26, 38, 45
25: 0, 26, 38, 45
26: 0, 25, 38, 44
27: 0, 25, 40, 43
28: 0, 25
29: 0, 24
30: 0, 23
31: 0, 23
32: 0, 22
33: 0, 21
34: 0, 20
35: 1, 19
36: 2, 17
37: 5, 14
38: 
