0: 26, 27, 29, 45
1: 26, 27, 32, 45
2: 34, 44
3: 34, 47
4: 32, 49, 50, 51
5: 30, 34, 36, 44, 46, 52
6: 29, 31, 32, 33, 37, 45, 48, 52
7: 27, 29, 37, 44
8: 25, 27, 37, 44
9: 37, 44
10: 37, 43
11: 37, 44
12: 37, 43
13: 37, 43
14: 36, 43
15: 36, 44
16: 36, 44
17: 36, 44
18: 34, 43
19: 31, 32, 33, 44
20: 4, 7, 8, 9, 10, 11, 12, 13, 15, 16, 21, 22, 24, 25, 28, 29, 30, 42
21: 6, 43
22: 16, 17, 20, 21, 26, 27, 28, 29, 30, 31, 35, 43
23: 35, 42
24: 37, 42
25: 40, 41
26: 
27: 
28: 
29: 48, 52
30: 46, 52
31: 45, 50, 51, 52
32: 44, 46
33: 44, 45
34: 44, 45
35: 43, 45
36: 43, 44
37: 43, 44
38: 
