0: 29, 30, 31, 32
1: 28, 29, 30, 32
2: 28, 29, 30, 31
3: 28, 29, 30, 31
4: 27, 28, 29, 30
5: 24, 25, 27, 28, 29, 30
6: 19, 21, 23, 26, 27, 28, 29, 30
7: 19, 26, 27, 29
8: 17, 29
9: 16, 29
10: 15, 29
11: 15, 29
12: 15, 30
13: 15, 29
14: 15, 29
15: 15, 28
16: 16, 27
17: 16, 27
18: 18, 28
19: 21, 28
20: 1, 2, 3, 4, 5, 6, 7, 8, 9, 10, 11, 12, 13, 14, 15, 16, 17, 18, 19, 20, 21, 29, 30, 31, 32, 33, 34, 35, 36, 37, 38, 39, 40, 41, 42, 43, 44, 45, 46, 47, 48, 49, 50, 51
21: 0, 1, 2, 3, 4, 5, 6, 7, 8, 9, 10, 11, 12, 13, 14, 15, 16, 17, 18, 19, 20, 30, 31, 32, 33, 34, 35, 36, 37, 38, 39, 40, 41, 42, 43, 44, 45, 46, 47, 48, 49, 50, 51, 52
22: 22, 27
23: 22, 28
24: 21, 31, 32, 34
25: 22, 33
26: 21, 34
27: 20, 34
28: 21, 33
29: 21, 22, 24, 26, 28, 29
30: 20, 21
31: 20, 21
32: 20, 21
33: 20, 21
34: 19, 20
35: 19, 20
36: 19, 20
37: 18, 19
38: 18, 19
