0: 
1: 
2: 
3: 15, 16, 17, 21, 22, 28, 29, 30
4: 11, 33, 34, 35
5: 8, 37
6: 5, 40
7: 3, 43
8: 1, 44
9: 0, 45
10: 0, 46
11: 0, 47
12: 0, 49
13: 0, 49
14: 0, 50
15: 0, 51
16: 0, 52
17: 0, 52
18: 0, 52
19: 0, 52
20: 0, 52
21: 3, 4, 5, 6, 7, 52
22: 15, 16, 17, 52
23: 25, 26, 27, 52
24: 27, 30, 32, 33, 34, 52
25: 27, 32, 37, 52
26: 18, 19, 21, 22, 23, 31, 41, 42, 43, 52
27: 18, 31, 46, 52
28: 18, 32, 50, 52
29: 15, 16, 19, 33
30: 13, 15, 19, 33
31: 13, 15, 19, 33
32: 13, 14, 19, 34
33: 13, 14, 20, 33
34: 12, 15, 21, 33
35: 13, 15, 22, 34
36: 13, 15, 24, 34
37: 12, 15, 25, 33
38: 12, 15, 26, 33
