0: 0, 13, 14, 17, 34, 52
1: 0, 13, 14, 17, 30, 31, 34, 52
2: 0, 12, 14, 17, 29, 31, 35, 52
3: 0, 12, 14, 17, 29, 31, 35, 52
4: 0, 12, 15, 18, 29, 32, 35, 52
5: 0, 13, 14, 15, 17, 19, 28, 32, 36, 52
6: 0, 13, 14, 16, 29, 32, 35, 52
7: 0, 13, 14, 17, 28, 30, 35, 52
8: 0, 13, 14, 15, 29, 30, 34, 52
9: 0, 13, 33, 52
10: 0, 14, 32, 52
11: 0, 14, 31, 52
12: 0, 14, 17, 18, 31, 52
13: 0, 12, 16, 19, 29, 52
14: 0, 6, 17, 20, 29, 52
15: 0, 5, 16, 20, 29, 52
16: 0, 4, 17, 21, 29, 52
17: 0, 4, 19, 21, 30, 52
18: 0, 3, 20, 21, 30, 52
19: 0, 4, 20, 21, 30, 52
20: 0, 3, 31, 52
21: 0, 4, 31, 52
22: 0, 4, 32, 52
23: 0, 5, 20, 21, 32, 52
24: 0, 6, 12, 14, 19, 21, 34, 52
25: 0, 9, 10, 20, 33, 52
26: 0, 20, 34, 52
27: 0, 20, 34, 52
28: 0, 21, 34, 52
29: 0, 23, 33, 52
30: 0, 24, 26, 27, 30, 31, 33, 52
31: 0, 24, 26, 27, 31, 52
32: 0, 28, 31, 52
33: 0, 29, 32, 52
34: 0, 29, 32, 52
35: 0, 29, 32, 52
36: 0, 29, 33, 52
37: 0, 29, 33, 52
38: 0, 32, 34, 52
