0: 23, 32
1: 23, 32
2: 23, 31
3: 24, 31
4: 23, 31
5: 24, 31
6: 23, 31
7: 23, 31, 42, 43
8: 23, 31, 44, 45
9: 24, 31, 46, 47
10: 23, 31
11: 24, 31
12: 24, 31
13: 24, 31, 36, 37, 42, 43, 46, 47, 49, 50
14: 24, 31, 38, 39
15: 23, 31
16: 24, 31
17: 23, 30, 43, 44, 46, 47, 49, 50
18: 24, 31, 36, 37, 40, 41
19: 24, 30, 51, 52
20: 25, 30, 45, 46, 48, 49
21: 25, 30, 38, 39, 42, 43
22: 24, 30, 34, 35, 48, 49, 51, 52
23: 23, 29, 44, 45, 50, 51
24: 22, 30, 39, 40, 46, 47, 48, 49, 50, 51
25: 22, 29, 36, 37, 41, 42, 44, 45, 47, 48, 49, 52
26: 23, 28, 32, 33, 46, 47, 48, 52
27: 24, 28, 40, 41, 43, 44, 45, 46, 47, 52
28: 25, 26, 37, 38, 44, 45, 46, 52
29: 33, 34, 41, 42, 43, 44, 45, 52
30: 27, 28, 44, 52
31: 35, 36, 39, 40, 41, 42, 43, 52
32: 43, 52
33: 29, 30, 37, 38, 40, 41, 42, 52
34: 31, 32, 41, 42, 43, 52
35: 33, 34, 39, 40, 42, 52
36: 36, 37, 41, 42, 43, 52
37: 39, 40, 42, 52
38: 41, 42, 43, 52
