0: 23, 32
1: 23, 32
2: 24, 32
3: 23, 31
4: 24, 31
5: 23, 31
6: 23, 31, 45, 46
7: 23, 31
8: 23, 31
9: 24, 32, 50, 51
10: 23, 31, 38, 39
11: 24, 31
12: 24, 31, 44, 45, 47, 48
13: 24, 31, 40, 41
14: 24, 31
15: 23, 31
16: 23, 31, 43, 44, 47, 48, 50, 51
17: 24, 31, 35, 36
18: 24, 31, 39, 40
19: 24, 31, 45, 46, 48, 49
20: 25, 30, 42, 43
21: 25, 30, 36, 37, 50, 51
22: 24, 30, 39, 40, 47, 48
23: 23, 30, 43, 44, 51, 52
24: 22, 30, 45, 46, 49, 50
25: 22, 30, 33, 34, 37, 38, 40, 41, 48, 49, 51, 52
26: 23, 29, 43, 44, 46, 47, 50, 51
27: 23, 29, 47, 48, 49, 52
28: 25, 26, 38, 39, 41, 42, 45, 46, 48, 52
29: 33, 34, 43, 44, 46, 52
30: 27, 28, 35, 36, 45, 46, 47, 52
31: 40, 41, 42, 43, 44, 45, 46, 52
32: 37, 38, 45, 52
33: 30, 31, 42, 43, 44, 52
34: 32, 33, 39, 40, 43, 44, 45, 52
35: 34, 35, 41, 42, 44, 52
36: 37, 38, 43, 52
37: 40, 41, 42, 43, 44, 52
38: 43, 52
