0: 19, 21, 27, 29
1: 19, 21, 27, 28
2: 20, 21, 27, 28
3: 19, 21, 26, 28
4: 19, 21, 26, 28
5: 19, 21, 26, 28
6: 20, 21, 26, 27
7: 20, 27
8: 19, 29, 36, 37, 40, 41
9: 18, 30, 33, 35, 36, 37, 38, 39, 42, 43
10: 1, 2, 19, 30, 32, 34, 35, 36, 37, 38, 39, 40, 41, 42
11: 2, 6, 8, 10, 19, 29, 32, 34, 35, 36, 37, 38, 40, 41, 42, 43, 44, 45, 46, 47
12: 6, 9, 10, 13, 19, 29, 32, 34, 35, 36, 37, 38, 39, 40, 43, 44
13: 5, 9, 12, 16, 19, 28, 30, 32, 33, 35, 36, 37, 38, 39, 40, 41, 42, 43, 45, 46, 47, 48
14: 6, 10, 15, 18, 20, 30, 32, 34, 35, 36, 38, 39, 41, 42, 44, 45, 49, 50
15: 6, 9, 17, 27, 33, 35, 36, 37, 38, 39, 40, 41, 43, 44, 45, 46, 47, 48
16: 6, 9, 19, 26, 32, 34, 35, 36, 37, 38, 41, 42, 48, 49, 50, 51
17: 5, 9, 19, 26, 33, 35, 36, 37, 38, 39, 40, 41, 43, 44, 46, 47
18: 6, 10, 18, 26, 33, 35, 36, 37, 38, 39, 41, 42, 44, 45, 47, 48, 50, 51
19: 5, 9, 16, 18, 19, 20, 22, 26, 33, 35, 37, 38, 40, 41, 42, 43
20: 6, 8, 15, 16, 19, 20, 21, 26, 33, 35, 36, 37, 39, 40, 44, 45, 46, 47, 49, 50
21: 6, 9, 18, 20, 22, 26, 33, 36, 38, 39, 42, 43
22: 6, 8, 19, 26, 33, 35, 36, 38, 39, 40, 44, 45, 47, 48, 50, 51
23: 6, 9, 19, 26, 34, 36, 40, 41, 42, 43
24: 7, 8, 20, 25, 34, 36, 38, 39
25: 21, 27, 34, 36, 37, 38, 40, 41, 44, 45, 47, 48, 50, 51
26: 22, 29, 34, 36
27: 20, 25, 26, 31, 34, 36
28: 20, 26, 30, 34, 35, 37
29: 20, 27, 33, 36
30: 21, 27, 35, 36
31: 22, 28
32: 26, 28, 35, 36
33: 36, 37
34: 31, 33, 36, 37, 39, 41
35: 29, 34, 36, 37, 38, 43
36: 29, 35, 37, 39
37: 29, 39
38: 29, 38
