0: 0, 4, 18, 27, 29, 31, 46, 52
1: 0, 5, 20, 26, 29, 30, 46, 52
2: 0, 5, 20, 27, 45, 52
3: 0, 4, 19, 27, 45, 52
4: 0, 5, 17, 26, 44, 52
5: 0, 5, 17, 25, 44, 52
6: 0, 5, 15, 16, 17, 24, 43, 52
7: 0, 4, 15, 16, 18, 24, 43, 52
8: 0, 3, 15, 17, 18, 23, 42, 52
9: 0, 2, 15, 17, 18, 23, 42, 44, 45, 52
10: 0, 2, 15, 17, 18, 23, 48, 52
11: 16, 17, 18, 23, 49, 52
12: 3, 4, 17, 21, 48, 52
13: 2, 4, 19, 21, 47, 52
14: 2, 3, 46, 52
15: 2, 3, 6, 7, 45, 52
16: 2, 3, 6, 7, 44, 52
17: 1, 2, 5, 7, 43, 52
18: 1, 2, 5, 8, 42, 52
19: 4, 9, 41, 52
20: 5, 7, 8, 10, 16, 18, 40, 52
21: 0, 1, 3, 6, 7, 12, 17, 19, 39, 52
22: 0, 9, 18, 19, 37, 52
23: 0, 9, 19, 20, 25, 52
24: 0, 8, 19, 20, 23, 52
25: 0, 8, 19, 21, 22, 52
26: 0, 6, 19, 52
27: 0, 5, 19, 52
28: 0, 5, 18, 52
29: 0, 5, 18, 52
30: 0, 5, 18, 52
31: 0, 6, 17, 52
32: 0, 6, 16, 52
33: 0, 7, 16, 52
34: 0, 8, 14, 52
35: 0, 8, 12, 52
36: 0, 9, 12, 52
37: 0, 52
38: 0, 52
