0: 16, 18, 48, 52
1: 15, 19, 48, 52
2: 15, 20, 49, 52
3: 14, 20, 50, 52
4: 13, 21, 51, 52
5: 13, 22, 51, 52
6: 12, 23
7: 12, 23
8: 11, 24
9: 11, 25
10: 11, 25
11: 10, 26
12: 10, 27
13: 10, 27
14: 10, 33
15: 10, 34
16: 10, 36, 45, 46, 47, 48, 49, 50, 51, 52
17: 10, 52
18: 9, 52
19: 10, 52
20: 10, 52
21: 10, 29, 31, 33, 34, 36, 37, 39, 40, 52
22: 10, 27, 48, 49
23: 10, 27
24: 10, 26
25: 11, 25
26: 11, 24
27: 11, 23
28: 12, 23
29: 12, 22
30: 13, 21
31: 13, 20
32: 14, 19
33: 14, 18
34: 15, 18
35: 
36: 
37: 
38: 
