0: 14, 20, 23, 24
1: 13, 18, 21, 22
2: 12, 17, 19, 20, 25, 26, 27, 30, 31, 32
3: 11, 16, 17, 18, 22, 35
4: 10, 16, 20, 38
5: 9, 14, 18, 40
6: 9, 15, 18, 42
7: 6, 7, 8, 13, 16, 44
8: 4, 5, 7, 13, 16, 44
9: 4, 5, 6, 13, 15, 45
10: 2, 12, 14, 34, 35, 46
11: 1, 2, 3, 12, 14, 47
12: 1, 11, 13, 36, 37, 47
13: 0, 11, 13, 37, 38, 48
14: 0, 11, 13, 48
15: 0, 11, 13, 48
16: 1, 11, 13, 25, 27, 28, 29, 49
17: 1, 11, 12, 21, 22, 25, 26, 27, 29, 30, 31, 49
18: 2, 11, 13, 21, 22, 23, 26, 27, 28, 29, 31, 49
19: 2, 11, 12, 21, 23, 24, 25, 26, 28, 29, 30, 31, 32, 50
20: 3, 11, 13, 21, 22, 23, 24, 25, 26, 28, 30, 31, 33, 50
21: 3, 11, 13, 20, 21, 22, 24, 25, 29, 30, 32, 50
22: 3, 12, 13, 22, 23, 24, 26, 30, 31, 32, 33, 51
23: 3, 12, 14, 30, 31, 32, 33, 52
24: 4, 13, 14, 31, 33, 51
25: 4, 13, 15, 30, 31, 52
26: 5, 15, 16, 29, 30, 31, 32, 52
27: 5, 15, 17, 29, 31, 49, 50, 52
28: 6, 17, 19, 26, 29, 48, 49, 52
29: 7, 19, 22, 23, 27, 47, 49, 50, 51, 52
30: 7, 22, 23, 46, 50, 51
31: 8, 46
32: 9, 45
33: 10, 42
34: 11, 42
35: 13, 40
36: 14, 40
37: 16, 38
38: 18, 37
