0: 0, 13, 15, 22, 31, 33, 38, 52
1: 0, 13, 14, 23, 30, 32, 37, 52
2: 0, 13, 15, 22, 31, 32, 38, 52
3: 0, 13, 14, 23, 30, 31, 38, 52
4: 0, 13, 14, 22, 38, 52
5: 0, 13, 15, 22, 37, 52
6: 0, 23, 38, 52
7: 0, 13, 15, 22, 37, 52
8: 0, 13, 14, 22, 37, 52
9: 0, 14, 15, 23, 37, 52
10: 0, 14, 15, 24, 37, 52
11: 0, 14, 15, 24, 37, 52
12: 0, 14, 16, 24, 37, 52
13: 0, 15, 16, 26, 38, 39, 40, 52
14: 0, 15, 16, 25, 41, 52
15: 0, 15, 16, 23, 42, 52
16: 0, 16, 17, 22, 43, 52
17: 0, 15, 16, 20, 26, 28, 43, 52
18: 0, 16, 17, 19, 25, 27, 44, 52
19: 0, 16, 17, 18, 22, 26, 44, 52
20: 0, 16, 21, 27, 43, 52
21: 0, 17, 21, 28, 41, 52
22: 0, 16, 20, 27, 42, 52
23: 0, 17, 20, 29, 44, 52
24: 0, 16, 19, 29, 39, 40, 47, 52
25: 0, 16, 20, 30, 39, 42, 47, 52
26: 0, 16, 19, 22, 27, 30, 31, 32, 34, 36, 40, 45, 48, 52
27: 0, 15, 19, 21, 27, 38, 40, 52
28: 0, 15, 27, 39, 41, 52
29: 0, 15, 28, 40, 41, 52
30: 0, 16, 17, 18, 28, 52
31: 0, 17, 28, 52
32: 0, 16, 27, 52
33: 0, 15, 27, 52
34: 0, 15, 25, 52
35: 0, 14, 25, 52
36: 0, 14, 25, 52
37: 0, 14, 25, 52
38: 0, 15, 25, 52
