0: 8, 10, 11, 12, 18, 19, 20, 21, 22, 52
1: 8, 10, 11, 13, 16, 17, 19, 52
2: 8, 13, 14, 15, 18, 19, 20, 52
3: 5, 16, 17, 18, 19, 20, 21, 52
4: 2, 18, 20, 52
5: 3, 18, 19, 52
6: 3, 18, 19, 52
7: 3, 17, 18, 19, 20, 52
8: 4, 18, 19, 21, 22, 52
9: 4, 17, 18, 19, 20, 52
10: 5, 17, 19, 21, 22, 23, 24, 52
11: 5, 17, 18, 19, 20, 52
12: 6, 16, 17, 18, 19, 20, 21, 22, 23, 52
13: 4, 5, 7, 16, 18, 19, 20, 21, 22, 52
14: 2, 5, 7, 16, 17, 18, 20, 21, 22, 52
15: 2, 6, 7, 15, 17, 18, 19, 20, 21, 52
16: 2, 6, 8, 15, 16, 17, 19, 20, 22, 52
17: 1, 7, 8, 15, 18, 19, 20, 52
18: 2, 7, 8, 14, 16, 17, 18, 19, 20, 21, 22, 52
19: 1, 7, 8, 14, 18, 19, 20, 22, 23, 52
20: 2, 9, 10, 14, 16, 17, 18, 19, 20, 21, 22, 52
21: 2, 14, 17, 18, 19, 52
22: 2, 14, 16, 17, 18, 19, 20, 21, 22, 52
23: 3, 14, 15, 16, 18, 19, 20, 22, 23, 52
24: 3, 14, 16, 20, 21, 52
25: 4, 13, 15, 16, 17, 18, 19, 20, 21, 22, 23, 52
26: 4, 12, 13, 14, 16, 17, 18, 19, 20, 52
27: 4, 11, 15, 16, 17, 52
28: 4, 9, 14, 15, 16, 18, 19, 20, 21, 52
29: 3, 10, 14, 15, 16, 17, 18, 52
30: 2, 3, 4, 9, 13, 14, 15, 52
31: 2, 9, 14, 15, 16, 17, 18, 52
32: 2, 9, 12, 13, 14, 15, 16, 52
33: 1, 5, 6, 7, 13, 14, 15, 52
34: 13, 14, 15, 52
35: 11, 12, 13, 14, 15, 52
36: 13, 14, 15, 52
37: 12, 13, 14, 15, 16, 52
38: 13, 52
