0: 0, 17
1: 0, 17
2: 0, 16
3: 0, 16
4: 0, 16
5: 0, 16
6: 0, 15
7: 0, 15
8: 0, 16
9: 0, 17, 47, 49
10: 0, 17, 48, 49
11: 0, 17
12: 0, 17
13: 0, 17
14: 0, 18
15: 0, 21
16: 0, 18, 19, 20, 21, 22, 45, 46, 50, 51
17: 0, 17, 18, 21, 22, 23
18: 0, 17, 18, 19, 20, 22, 23, 25
19: 0, 18, 21, 22
20: 0, 18, 20, 21
21: 0, 17, 22, 23
22: 0, 17
23: 0, 17
24: 0, 15
25: 0, 15
26: 0, 12, 13, 14
27: 0, 12, 14, 15
28: 0, 11, 12, 14, 16, 17
29: 0, 11, 13, 14, 15, 16
30: 0, 11, 13, 14
31: 0, 11
32: 0, 11
33: 0, 11
34: 0, 10
35: 0, 11
36: 0, 10, 39, 40
37: 0, 11
38: 0, 10
