0: 9, 10, 34, 48
1: 34, 48
2: 34, 47
3: 35, 47
4: 18, 19, 35, 46
5: 11, 12, 35, 46
6: 4, 5, 35, 45
7: 36, 45
8: 36, 45
9: 8, 9, 37, 44
10: 4, 5, 13, 14, 35, 44
11: 15, 16, 36, 44, 45, 46
12: 20, 21, 27, 28, 33, 34, 36, 46
13: 3, 4, 7, 8, 22, 23, 36, 46
14: 10, 11, 37, 46
15: 12, 13, 17, 18, 37, 45
16: 2, 3, 6, 7, 38, 45
17: 9, 10, 37, 45
18: 3, 4, 13, 14, 19, 20, 37, 45
19: 6, 7, 15, 16, 22, 23, 36, 45
20: 2, 3, 8, 9, 11, 12, 24, 25, 36, 44
21: 1, 2, 3, 5, 6, 7, 19, 20, 27, 28, 37, 44
22: 7, 8, 9, 10, 12, 13, 15, 16, 38, 43
23: 0, 7, 10, 11, 29, 30, 38, 44
24: 0, 10, 12, 13, 14, 15, 17, 18, 22, 23, 31, 32, 37, 44
25: 0, 12, 19, 20, 24, 25, 36, 43
26: 0, 12, 13, 14, 15, 16, 35, 43
27: 0, 14, 17, 18, 35, 42
28: 0, 14, 15, 16, 21, 22, 27, 28, 35, 41
29: 0, 15, 16, 17, 18, 19, 23, 24, 34, 41
30: 0, 16, 29, 30, 34, 35, 36, 38, 39, 40
31: 0, 16, 17, 18, 19, 20
32: 0, 17, 22, 23, 25, 26
33: 0, 17, 18, 19, 20, 21, 31, 32
34: 0, 17
35: 0, 17, 18, 19, 24, 25, 27, 28
36: 0, 18, 19, 20, 21, 22
37: 0, 17
38: 0, 17, 18, 19
