0: 5, 9, 42, 52
1: 5, 9, 43, 52
2: 5, 7, 44, 52
3: 4, 7, 45, 52
4: 4, 6, 46, 52
5: 3, 5, 47, 52
6: 3, 5, 47, 52
7: 3, 4, 48, 52
8: 3, 4, 49, 52
9: 2, 3, 49, 52
10: 35, 40, 41, 42, 49, 52
11: 2, 3, 32, 44, 50, 52
12: 31, 46, 50, 52
13: 29, 46, 51, 52
14: 12, 15, 29, 48, 50, 52
15: 12, 17, 28, 48, 51, 52
16: 11, 17, 27, 49, 51, 52
17: 11, 17, 27, 50, 51, 52
18: 12, 16, 26, 50, 51, 52
19: 12, 16, 26, 36, 39, 50, 51, 52
20: 1, 2, 26, 35, 41, 52
21: 1, 2, 26, 35, 41, 50, 51, 52
22: 1, 2, 25, 35, 41, 52
23: 1, 3, 24, 35, 41, 52
24: 1, 4, 24, 35, 40, 52
25: 2, 4, 23, 37, 39, 52
26: 2, 6, 22, 52
27: 2, 6, 7, 8, 20, 50, 51, 52
28: 3, 8, 19, 52
29: 3, 11, 12, 13, 14, 15, 16, 49, 50, 52
30: 3, 48, 50, 52
31: 4, 48, 49, 52
32: 4, 48, 49, 52
33: 5, 47, 49, 52
34: 6, 46, 48, 52
35: 7, 46, 48, 52
36: 7, 44, 48, 52
37: 9, 44, 47, 52
38: 9, 43, 47, 52
