0: 2, 3, 4, 5, 17, 35
1: 2, 6, 17, 34
2: 4, 9, 18, 34
3: 6, 12, 18, 33, 40, 43
4: 4, 6, 9, 15, 18, 33, 37, 42
5: 12, 17, 19, 32, 35, 39
6: 14, 32, 33, 37
7: 0, 3, 16, 34
8: 2, 7, 18, 32
9: 4, 5, 6, 7, 20, 30
10: 3, 8, 20, 30
11: 4, 8, 20, 30
12: 4, 8, 18, 31
13: 4, 8, 17, 20, 21, 33
14: 5, 8, 14, 18, 19, 29, 31, 34
15: 4, 8, 13, 15, 20, 29, 32, 36
16: 3, 9, 11, 13, 19, 30, 34, 38, 40, 41
17: 4, 8, 10, 12, 19, 21, 22, 29, 36, 42
18: 4, 8, 19, 22, 23, 29, 38, 43
19: 4, 7, 19, 29, 33, 34, 35, 37, 38, 43
20: 4, 7, 20, 29, 30, 45
21: 4, 7, 20, 36, 37, 38, 39, 40, 44, 47, 51, 52
22: 4, 7, 20, 34, 46, 48, 51, 52
23: 5, 6, 20, 33, 48, 50, 51, 52
24: 21, 33, 49, 52
25: 23, 30, 51, 52
26: 23, 28
27: 22, 23, 24, 29
28: 22, 30
29: 22, 31
30: 22, 31
31: 22, 32
32: 22, 31
33: 23, 31
34: 23, 32
35: 25, 29, 30, 33
36: 31, 33
37: 31, 32
38: 31, 32
