0: 0, 37, 45, 52
1: 0, 37, 46, 52
2: 0, 37, 47, 52
3: 0, 37, 47, 52
4: 0, 37, 48, 52
5: 0, 37, 47, 52
6: 0, 37, 48, 52
7: 0, 37, 47, 52
8: 0, 37, 48, 52
9: 0, 37, 47, 52
10: 0, 37, 47, 52
11: 0, 37, 47, 52
12: 0, 37
13: 0, 37
14: 0, 37
15: 0, 37
16: 0, 37
17: 0, 37
18: 0, 12, 13, 37
19: 0, 10, 14, 37
20: 0, 10, 15, 37
21: 0, 7, 16, 37
22: 0, 4, 14, 37
23: 0, 5, 14, 37
24: 0, 5, 16, 37
25: 0, 5, 6, 7, 17, 37
26: 0, 4, 6, 10, 16, 37
27: 0, 4, 6, 9, 15, 37
28: 0, 4, 6, 7, 15, 37
29: 0, 3, 16, 37
30: 0, 3, 15, 37
31: 0, 7, 16, 37
32: 0, 8, 16, 37
33: 0, 7, 15, 37
34: 0, 8, 15, 37
35: 0, 7, 14, 37
36: 0, 7, 14, 37
37: 0, 7, 14, 37
38: 0, 6, 14, 37
