0: 7, 41, 49, 50
1: 8, 41
2: 7, 39, 40, 42
3: 7, 32, 33, 34, 35, 41
4: 7, 29, 30, 35
5: 7, 26, 35, 38
6: 6, 23, 38, 40
7: 6, 23, 40, 42
8: 6, 21, 27, 33, 42, 43
9: 6, 20, 25, 36, 43, 44
10: 5, 20, 24, 38, 44, 45
11: 5, 19, 23, 39, 45, 46
12: 5, 18, 22, 40
13: 5, 19, 22, 41
14: 5, 18, 22, 42
15: 5, 18, 23, 42
16: 5, 19, 26, 43
17: 5, 18, 30, 43
18: 5, 19, 31, 44
19: 5, 20, 32, 44
20: 5, 20, 31, 45
21: 5, 21, 30, 44
22: 6, 23, 24, 25, 26, 27, 28, 29, 31, 45
23: 5, 45
24: 6, 45, 46, 47
25: 6, 47
26: 5, 47
27: 6, 47
28: 5, 6, 7, 47
29: 3, 4, 5, 46
30: 4, 46
31: 4, 25, 27, 46
32: 3, 24, 25, 46
33: 4, 45
34: 3, 45
35: 4, 45
36: 4, 44
37: 5, 6, 7, 45
38: 9, 10, 11, 44
