0: 0, 8, 9, 52
1: 0, 6, 10, 11, 12, 52
2: 0, 5, 6, 7, 8, 9, 11, 12, 13, 52
3: 0, 5, 9, 10, 12, 40, 42, 52
4: 0, 3, 7, 8, 11, 41, 42, 52
5: 0, 2, 4, 5, 6, 7, 9, 40, 42, 52
6: 0, 2, 3, 4, 8, 40, 42, 43, 44, 52
7: 5, 6, 7, 8, 12, 35, 36, 39, 41, 42, 44, 52
8: 1, 2, 4, 5, 6, 9, 11, 12, 13, 35, 36, 37, 40, 41, 43, 52
9: 2, 3, 6, 9, 12, 13, 14, 20, 21, 38, 39, 40, 43, 52
10: 0, 2, 3, 7, 8, 9, 10, 11, 14, 21, 22, 23, 25, 26, 27, 37, 41, 42, 44, 52
11: 0, 9, 14, 22, 23, 24, 25, 26, 27, 37, 40, 41, 44, 52
12: 0, 10, 13, 24, 28, 38, 39, 43, 44, 52
13: 0, 10, 12, 23, 25, 26, 27, 38, 39, 42, 44, 52
14: 0, 8, 12, 22, 28, 38, 39, 42, 43, 52
15: 0, 8, 11, 23, 24, 26, 28, 38, 39, 42, 44, 52
16: 0, 8, 11, 24, 25, 26, 27, 38, 40, 42, 43, 52
17: 0, 7, 14, 23, 25, 26, 27, 38, 43, 52
18: 0, 5, 14, 24, 25, 26, 27, 37, 44, 52
19: 0, 3, 14, 22, 28, 37, 45, 52
20: 0, 2, 14, 21, 28, 37, 44, 52
21: 8, 9, 13, 22, 28, 38, 43, 52
22: 12, 22, 27, 38, 43, 52
23: 4, 7, 12, 23, 28, 38, 42, 52
24: 5, 8, 11, 23, 27, 38, 42, 52
25: 0, 1, 2, 5, 11, 24, 27, 39, 42, 52
26: 0, 7, 11, 24, 27, 36, 37, 39, 43, 52
27: 0, 8, 10, 23, 27, 36, 43, 52
28: 0, 8, 11, 19, 20, 21, 23, 24, 27, 34, 37, 38, 44, 52
29: 0, 8, 12, 19, 28, 35, 36, 38, 44, 52
30: 0, 7, 11, 21, 27, 40, 44, 45, 46, 52
31: 0, 6, 11, 24, 28, 40, 44, 52
32: 0, 7, 11, 24, 27, 40, 44, 52
33: 0, 8, 10, 23, 28, 40, 45, 52
34: 0, 9, 10, 24, 27, 41, 43, 52
35: 0, 25, 26, 42, 43, 52
36: 0, 52
37: 0, 52
38: 0, 52
