0: 19, 33, 35, 38
1: 19, 33, 36, 39
2: 20, 32, 35, 40
3: 20, 32, 35, 39
4: 9, 10, 20, 32, 34, 38
5: 7, 13, 21, 31, 33, 37
6: 11, 16, 21, 31, 33, 35
7: 11, 17, 21, 30, 32, 35
8: 15, 19, 22, 30, 31, 34
9: 16, 20, 22, 30, 31, 34
10: 17, 21, 22, 33, 37, 38
11: 19, 32, 36, 37, 40, 41, 51, 52
12: 0, 1, 11, 12, 16, 17, 19, 33, 36, 37, 40, 41, 48, 49, 51, 52
13: 0, 1, 3, 4, 7, 8, 11, 12, 15, 17, 20, 32, 35, 37, 39, 41, 44, 45, 48, 49, 50, 52
14: 0, 2, 3, 4, 7, 8, 11, 13, 16, 18, 20, 32, 35, 37, 39, 41, 44, 45, 47, 49, 50, 52
15: 0, 2, 3, 5, 7, 8, 11, 14, 15, 18, 19, 33, 34, 37, 38, 41, 43, 45, 47, 49, 50, 52
16: 0, 2, 3, 5, 7, 9, 11, 13, 16, 18, 20, 32, 35, 36, 39, 40, 42, 45, 46, 49, 50, 52
17: 0, 2, 3, 6, 7, 10, 12, 14, 16, 18, 19, 40, 43, 45, 46, 50
18: 1, 6, 7, 9, 12, 15, 16, 19, 20, 32, 33, 34, 39, 41, 42, 44, 47, 49
19: 3, 5, 8, 12, 21, 32, 41, 44, 46, 48
20: 4, 6, 7, 10, 22, 31, 34, 35, 43, 47
21: 5, 8, 23, 29, 33, 35
22: 25, 28, 33, 35
23: 22, 23, 24, 28, 29, 30, 33, 36
24: 22, 30, 32, 36
25: 21, 35
26: 21, 31, 32, 35
27: 19, 32, 33, 35
28: 20, 35
29: 20, 36
30: 21, 35
31: 20, 35
32: 21, 34
33: 21, 31, 32, 33
34: 22, 31
35: 24, 25, 26, 27, 28, 29
36: 
37: 
38: 
