0: 25, 41
1: 25, 41
2: 25, 41
3: 26, 41
4: 24, 25, 26, 41
5: 23, 25, 27, 41, 42, 43
6: 19, 20, 24, 25, 26, 42, 47, 48
7: 19, 20, 23, 25, 27, 40, 41, 43, 47, 48
8: 19, 20, 23, 26, 27, 43, 47, 48
9: 18, 21, 23, 26, 27, 43, 46, 49
10: 3, 4, 14, 15, 18, 21, 23, 26, 27, 43, 46, 49, 51, 52
11: 3, 4, 9, 10, 14, 15, 18, 21, 23, 26, 27, 44, 46, 49, 51, 52
12: 3, 5, 9, 10, 14, 16, 18, 22, 24, 26, 27, 44, 46, 49, 51, 52
13: 3, 5, 9, 11, 14, 16, 18, 21, 24, 40, 41, 43, 46, 49, 51, 52
14: 2, 5, 9, 11, 14, 16, 19, 43, 44, 45, 46, 48, 51, 52
15: 3, 6, 9, 11, 14, 17, 20, 22, 27, 50, 51, 52
16: 2, 6, 8, 12, 14, 17, 19, 21, 28, 41, 49, 52
17: 3, 6, 9, 12, 14, 17, 18, 20, 28, 40
18: 3, 6, 8, 12, 14, 17, 18, 19, 29, 40
19: 0, 1, 2, 3, 4, 5, 9, 12, 15, 18, 30, 39
20: 0, 8, 9, 11, 15, 17, 31, 37
21: 5, 11, 14, 16, 30, 36
22: 9, 12, 13, 15, 29, 36, 37, 38
23: 11, 14, 29, 40
24: 29, 40
25: 26, 41
26: 23, 25, 26, 42
27: 23, 42
28: 24, 40
29: 25, 41
30: 25, 40
31: 25, 41
32: 26, 41
33: 27, 40
34: 27, 40
35: 28, 38
36: 30, 37
37: 
38: 
