0: 44, 52
1: 41, 42, 44, 52
2: 44, 52
3: 44, 52
4: 45, 52
5: 4, 5, 9, 10, 25, 26, 45, 52
6: 46, 52
7: 46, 52
8: 12, 13, 17, 18, 47, 52
9: 47, 52
10: 4, 5, 46, 47, 48, 52
11: 6, 7, 46, 52
12: 8, 9, 14, 15, 19, 20, 28, 29, 45, 48, 49, 52
13: 46, 52
14: 2, 3, 10, 11, 45, 49, 50, 52
15: 4, 5, 16, 17, 21, 22, 46, 52
16: 6, 7, 13, 14, 46, 52
17: 2, 3, 9, 10, 23, 24, 46, 52
18: 18, 19, 46, 52
19: 4, 5, 6, 7, 11, 12, 14, 15, 29, 30, 46, 52
20: 2, 3, 8, 9, 20, 21, 25, 26, 31, 32, 46, 52
21: 5, 6, 7, 8, 9, 10, 12, 13, 16, 17, 33, 34, 39, 40, 46, 52
22: 1, 2, 3, 4, 10, 11, 13, 14, 47, 52
23: 2, 3, 4, 11, 12, 13, 14, 15, 17, 18, 19, 20, 22, 23, 46, 52
24: 1, 2, 3, 14, 15, 16, 28, 29, 47, 52
25: 0, 16, 18, 19, 24, 25, 47, 52
26: 0, 18, 21, 22, 48, 52
27: 0, 18, 19, 20, 32, 33, 49, 52
28: 0, 19, 20, 21, 27, 28, 49, 52
29: 0, 20, 22, 23, 24, 25, 51, 52
30: 0, 21, 35, 36
31: 0, 21, 22, 23, 29, 30
32: 0, 21, 25, 26
33: 0, 22, 23, 24
34: 0, 22, 31, 32
35: 0, 22, 23, 24, 27, 28
36: 0, 22, 24, 25
37: 0, 22, 23, 24
38: 0, 22
