0: 0, 18, 30, 52
1: 0, 19, 29, 52
2: 0, 19, 30, 52
3: 0, 19, 30, 52
4: 0, 19, 30, 52
5: 0, 16, 31, 47, 49, 52
6: 0, 16, 31, 40, 44, 46
7: 0, 16, 32, 40
8: 0, 16, 33, 38
9: 0, 14, 15, 16, 34, 36
10: 0, 12
11: 0, 11
12: 0, 11, 35, 38, 39, 45
13: 0, 12, 35, 47
14: 0, 11, 34, 49
15: 0, 11, 35, 51
16: 0, 10, 19, 20, 33, 52
17: 0, 11, 18, 21, 32, 52
18: 0, 12, 18, 22, 30, 52
19: 0, 13, 18, 26, 31, 32, 33, 52
20: 0, 14, 17, 23, 24, 25, 33, 34, 35, 52
21: 0, 14, 16, 22, 35, 52
22: 0, 15, 16, 22, 34, 52
23: 0, 22, 35, 52
24: 0, 21, 35, 52
25: 0, 21, 35, 52
26: 0, 19, 35, 52
27: 0, 18, 35, 36, 40, 52
28: 0, 18, 41, 52
29: 0, 19, 41, 52
30: 0, 21, 43, 52
31: 0, 21, 42, 52
32: 0, 22, 42, 52
33: 0, 22, 42, 52
34: 0, 22, 41, 52
35: 0, 23, 33, 37, 42, 52
36: 0, 26, 27, 28, 29, 30, 31, 52
37: 0, 52
38: 0, 52
