0: 29, 42
1: 28, 42
2: 16, 17, 29, 42
3: 29, 41
4: 29, 41
5: 9, 10, 30, 40
6: 4, 5, 30, 40
7: 30, 39
8: 17, 18, 30, 39
9: 31, 39
10: 11, 12, 31, 40
11: 4, 5, 31, 40
12: 6, 7, 20, 21, 25, 26, 31, 40
13: 31, 38, 39, 40
14: 3, 4, 8, 9, 13, 14, 32, 37, 38, 40
15: 15, 16, 32, 37, 38, 40
16: 32, 37, 38, 40
17: 3, 4, 8, 9, 11, 12, 21, 22, 31, 40
18: 5, 6, 17, 18, 30, 39
19: 1, 2, 14, 15, 30, 39
20: 4, 5, 7, 8, 10, 11, 27, 29, 31, 39
21: 1, 2, 3, 4, 5, 6, 12, 13, 23, 24, 25, 38
22: 7, 8, 9, 10, 16, 17, 21, 37
23: 0, 7, 10, 11, 18, 22, 23, 24, 27, 29, 30, 31, 32, 37
24: 0, 10, 12, 13, 14, 15, 17, 19, 32, 37
25: 0, 12, 30, 36
26: 0, 12, 13, 14, 15, 16, 20, 21, 31, 37
27: 0, 14, 17, 18, 24, 25, 29, 36
28: 0, 14, 15, 16, 30, 36
29: 0, 15, 16, 17, 19, 20, 30, 35
30: 0, 16, 22, 23, 27, 28, 30, 34
31: 0, 17, 18, 19, 29, 31
32: 0, 16, 20, 21
33: 0, 17, 18, 19, 24, 25, 31, 32
34: 0, 18
35: 0, 17, 20, 21, 26, 27
36: 0, 17, 18, 19, 22, 23
37: 0, 18, 19, 20
38: 0, 17
