0: 25, 41
1: 25, 40
2: 26, 40, 44, 47
3: 21, 25, 27, 39, 41, 45
4: 23, 42
5: 24, 25, 27, 39
6: 29, 38
7: 30, 38
8: 28, 41
9: 0, 2, 26, 29, 32, 38, 39, 43
10: 0, 2, 24, 26, 32, 38, 41, 45
11: 0, 3, 23, 24, 32, 38
12: 0, 3, 33, 37
13: 0, 3, 32, 38
14: 0, 2, 32, 37
15: 0, 3, 32, 37
16: 0, 3, 32, 38
17: 0, 4, 32, 38
18: 0, 3, 32, 38
19: 0, 3, 31, 38
20: 0, 3, 30, 37
21: 0, 2, 8, 21, 22, 25, 26, 27, 28, 37
22: 0, 2, 12, 13, 14, 15, 16, 17, 18, 20, 21, 24, 25, 30, 31, 38
23: 0, 3, 31, 37
24: 0, 1, 34, 37
25: 
26: 
27: 
28: 40, 47, 48, 49, 50, 51
29: 39, 40, 41, 52
30: 41, 52
31: 41, 52
32: 41, 50
33: 41, 48
34: 42, 47
35: 43, 47
36: 
37: 
38: 
