0: 0, 10, 13, 52
1: 0, 9, 11, 12, 15, 52
2: 0, 7, 9, 10, 12, 13, 15, 45, 46, 52
3: 0, 6, 7, 8, 11, 12, 13, 44, 45, 52
4: 0, 5, 9, 10, 14, 44, 45, 48, 51, 52
5: 0, 4, 6, 7, 8, 9, 11, 12, 13, 14, 16, 43, 44, 45, 46, 47, 49, 50, 51, 52
6: 0, 3, 5, 6, 9, 12, 15, 44, 47, 48, 49, 52
7: 0, 2, 4, 5, 8, 9, 10, 11, 13, 14, 15, 16, 18, 43, 44, 45, 46, 47, 48, 52
8: 0, 4, 6, 12, 17, 30, 31, 32, 33, 34, 35, 41, 49, 52
9: 0, 12, 16, 28, 32, 40, 42, 43, 47, 52
10: 0, 13, 16, 28, 30, 31, 32, 41, 42, 44, 45, 52
11: 0, 14, 16, 27, 28, 29, 31, 41, 42, 45, 46, 52
12: 0, 12, 14, 26, 32, 41, 43, 45, 46, 52
13: 0, 11, 14, 27, 28, 30, 31, 42, 44, 45, 47, 52
14: 0, 11, 15, 27, 28, 30, 31, 43, 44, 46, 47, 52
15: 0, 12, 17, 27, 28, 30, 31, 42, 48, 52
16: 0, 11, 18, 27, 31, 42, 49, 52
17: 0, 9, 17, 26, 32, 41, 48, 52
18: 0, 7, 17, 26, 32, 42, 48, 52
19: 0, 5, 16, 26, 32, 43, 48, 52
20: 0, 3, 15, 27, 31, 43, 48, 52
21: 0, 1, 9, 12, 15, 27, 31, 44, 47, 52
22: 0, 1, 6, 8, 11, 12, 15, 27, 31, 44, 48, 52
23: 0, 4, 5, 10, 15, 28, 30, 33, 34, 45, 48, 52
24: 0, 11, 15, 27, 34, 44, 48, 52
25: 0, 11, 14, 28, 33, 44, 48, 52
26: 0, 11, 15, 27, 32, 43
27: 0, 10, 15, 27, 31, 44
28: 0, 10, 14, 28, 31, 43, 47, 52
29: 0, 10, 14, 28, 32, 44, 48, 52
30: 0, 12, 13, 28, 32, 43, 47, 52
31: 0, 12, 13, 28, 31, 44, 47, 52
32: 0, 30, 31, 44, 45, 52
33: 0, 52
34: 0, 52
35: 0, 52
36: 0, 52
37: 0, 52
38: 0, 52
