0: 22, 24
1: 22, 24
2: 23, 25
3: 23, 24
4: 
5: 
6: 
7: 
8: 
9: 
10: 
11: 24, 25
12: 23, 24, 25, 26
13: 
14: 25, 26
15: 
16: 
17: 26, 27
18: 23, 24
19: 
20: 26, 27
21: 
22: 
23: 
24: 
25: 
26: 
27: 
28: 
29: 0, 1, 42, 43, 44, 45, 46, 52
30: 0, 7, 34, 35, 41, 52
31: 0, 9, 10, 11, 12, 13, 34, 37, 38, 52
32: 0, 13, 35, 52
33: 0, 13, 16, 17, 30, 31, 34, 52
34: 0, 14, 16, 17, 30, 32, 33, 35, 36, 52
35: 0, 13, 15, 17, 31, 32, 33, 35, 36, 52
36: 0, 13, 14, 16, 18, 19, 20, 21, 31, 52
37: 0, 16, 17, 19, 20, 21, 28, 30, 31, 52
38: 0, 19, 20, 21, 28, 30, 31, 52
