0: 0, 27, 44, 50
1: 0, 26, 44, 50
2: 0, 26, 44, 49
3: 0, 26, 44, 49
4: 0, 27, 45, 48
5: 0, 26, 42, 43, 45, 49
6: 0, 26, 43, 50
7: 0, 26, 42, 51
8: 0, 27, 42, 51
9: 0, 26, 42, 49, 50, 51
10: 0, 26, 42, 49
11: 0, 26, 43, 48
12: 0, 27, 44, 47
13: 0, 26, 44, 48
14: 0, 26, 45, 49
15: 0, 26, 46, 49
16: 0, 27
17: 0, 26
18: 0, 26
19: 0, 26
20: 0, 27
21: 0, 6, 8, 26
22: 0, 5, 8, 26
23: 0, 3, 7, 26
24: 0, 2, 9, 27
25: 0, 4, 10, 26
26: 0, 5, 9, 26
27: 0, 5, 10, 26
28: 0, 3, 10, 27
29: 0, 3, 11, 26
30: 0, 3, 7, 8, 11, 26
31: 0, 5, 8, 10, 11, 26
32: 0, 4, 8, 27
33: 0, 4, 8, 26
34: 0, 4, 9, 26
35: 0, 4, 10, 26
36: 0, 4, 11, 27
37: 0, 4, 11, 26
38: 0, 4, 12, 26
