0: 8, 44
1: 8, 44
2: 8, 44
3: 8, 44
4: 8, 44
5: 8, 44
6: 8, 44
7: 8, 44
8: 8, 44
9: 8, 44
10: 8, 44
11: 8, 44
12: 8, 44
13: 8, 44
14: 8, 44
15: 8, 44
16: 8, 26, 28, 44
17: 8, 26, 29, 44
18: 8, 25, 29, 44
19: 8, 24, 29, 44
20: 8, 23, 30, 44
21: 8, 21, 32, 44
22: 8, 22, 24, 25, 33, 44
23: 8, 25, 30, 44
24: 8, 16, 17, 25, 31, 38, 39, 44
25: 8, 16, 19, 20, 31, 32, 33, 37, 38, 44
26: 8, 17, 38, 44
27: 8, 25, 32, 33, 38, 44
28: 8, 24, 32, 44
29: 8, 25, 32, 44
30: 8, 24, 32, 44
31: 8, 25, 28, 29, 31, 44
32: 8, 24, 29, 44
33: 8, 24, 30, 44
34: 8, 24, 30, 44
35: 8, 23, 30, 44
36: 8, 23, 31, 44
37: 8, 23, 32, 44
38: 8, 22, 32, 44
