0: 19, 21, 26, 27
1: 19, 21, 26, 28
2: 20, 21, 26, 27
3: 19, 21, 25, 27
4: 19, 21, 25, 27, 50, 52
5: 20, 21, 25, 27
6: 19, 26
7: 17, 28
8: 18, 29
9: 18, 29
10: 13, 14, 19, 29
11: 1, 5, 6, 7, 13, 16, 19, 29
12: 6, 7, 8, 9, 14, 18, 19, 28
13: 5, 9, 17, 27
14: 6, 10, 19, 27, 28, 33
15: 6, 9, 18, 26, 27, 28
16: 6, 9, 13, 14, 15, 18, 19, 25
17: 6, 9, 13, 14, 18, 19, 20, 27
18: 6, 9, 17, 18, 19, 24, 26, 29
19: 5, 10, 17, 18, 20, 24, 28, 30
20: 6, 9, 18, 19, 20, 24, 28, 30
21: 6, 9, 18, 24, 27, 28
22: 6, 8, 19, 24, 25, 26
23: 6, 9, 18, 26
24: 6, 8, 19, 25, 49, 50
25: 20, 24
26: 19, 24
27: 19, 25
28: 17, 25
29: 16, 17, 18, 26
30: 14, 16, 19, 26
31: 13, 14
32: 12, 13
33: 11, 12
34: 32, 40
35: 31, 41
36: 30, 41
37: 29, 42
38: 28, 31, 35, 41
