0: 0, 34, 48, 52
1: 0, 34, 48, 52
2: 0, 34, 47, 52
3: 0, 34, 47, 52
4: 0, 33, 46, 52
5: 0, 34, 46, 52
6: 0, 33, 46, 52
7: 0, 34, 46, 52
8: 0, 33, 46, 52
9: 0, 34, 45, 52
10: 0, 25, 26, 27, 28, 34, 46, 52
11: 0, 25, 27, 34, 45, 52
12: 0, 26, 27, 28, 30, 35, 45, 52
13: 0, 24, 31, 36, 45, 52
14: 0, 24, 28, 29, 33, 35, 45, 52
15: 0, 24, 28, 31, 33, 36, 45, 52
16: 0, 24, 28, 32, 35, 37, 45, 52
17: 0, 25, 28, 33, 35, 38, 44, 52
18: 0, 24, 28, 32, 36, 39, 44, 52
19: 0, 25, 27, 32, 37, 39, 44, 52
20: 0, 25, 27, 33, 37, 38, 43, 52
21: 0, 25, 27, 30, 44, 52
22: 0, 25, 27, 32, 34, 35, 43, 52
23: 0, 25, 27, 33, 35, 36, 45, 46, 48, 52
24: 0, 26, 28, 33, 45, 46, 48, 52
25: 0, 25, 27, 33, 34, 36, 44, 45, 47, 52
26: 0, 26, 27, 33, 35, 36, 43, 45, 47, 52
27: 0, 33, 34, 35, 43, 44, 46, 52
28: 0, 33, 40, 41, 43, 44, 45, 52
29: 0, 33, 45, 52
30: 0, 33, 43, 52
31: 0, 33, 42, 52
32: 0, 34, 41, 52
33: 0, 33, 41, 52
34: 0, 33, 40, 52
35: 0, 32, 40, 52
36: 0, 33, 39, 52
37: 0, 34, 38, 52
38: 0, 36, 37, 52
