0: 0, 7, 19, 52
1: 0, 7, 18, 52
2: 0, 7, 17, 52
3: 0, 7, 16, 52
4: 0, 7, 15, 52
5: 0, 7, 14, 52
6: 0, 7, 14, 26, 29, 52
7: 0, 7, 14, 23, 31, 52
8: 0, 8, 14, 21, 33, 52
9: 0, 8, 13, 21, 35, 52
10: 0, 8, 13, 20, 37, 52
11: 0, 9, 13, 20, 38, 51
12: 0, 10, 12, 21, 40, 49
13: 0, 10, 13, 21
14: 0, 11, 13, 22
15: 0, 12, 14, 22
16: 0, 13, 15, 23
17: 0, 22
18: 0, 19
19: 0, 22, 23, 24, 25, 26, 27, 28
20: 0, 33
21: 0, 32
22: 0, 31, 38, 39
23: 0, 31, 39, 40
24: 0, 31, 39, 41
25: 0, 32, 40, 42
26: 0, 33, 39, 42
27: 0, 4, 12, 34, 40, 43
28: 0, 2, 15, 33, 40, 43
29: 17, 33, 40, 44
30: 19, 33, 39, 44
31: 20, 31, 39, 45
32: 22, 28, 38, 45
33: 24, 27, 38, 45
34: 37, 45
35: 37, 45
36: 36, 45
37: 35, 45
38: 33, 45
