0: 0, 10, 11, 52
1: 0, 9, 10, 11, 12, 52
2: 0, 8, 12, 13, 14, 52
3: 0, 6, 7, 8, 9, 10, 11, 12, 14, 51
4: 0, 6, 13, 42, 43, 50, 51, 52
5: 0, 4, 6, 7, 8, 9, 11, 41, 42, 46, 50, 52
6: 0, 4, 5, 6, 10, 40, 42, 44, 48, 52
7: 0, 2, 7, 8, 9, 10, 12, 13, 14, 42, 45, 46, 47, 52
8: 0, 1, 3, 4, 5, 6, 8, 11, 14, 42, 44, 45, 46, 52
9: 0, 2, 6, 8, 9, 10, 12, 13, 14, 22, 23, 41, 42, 43, 45, 52
10: 0, 4, 5, 11, 15, 23, 24, 40, 46, 52
11: 0, 10, 15, 23, 24, 25, 27, 28, 29, 40, 42, 43, 45, 52
12: 0, 12, 15, 25, 26, 27, 28, 29, 30, 40, 41, 44, 45, 52
13: 0, 12, 14, 23, 29, 40, 42, 44, 45, 52
14: 0, 11, 13, 23, 27, 28, 30, 41, 43, 44, 45, 52
15: 0, 10, 13, 25, 26, 28, 29, 42, 43, 44, 46, 52
16: 0, 10, 12, 25, 26, 28, 29, 41, 45, 52
17: 0, 10, 12, 24, 25, 28, 29, 39, 46, 52
18: 0, 8, 15, 25, 26, 28, 29, 40, 46, 52
19: 0, 6, 15, 23, 28, 40, 46, 52
20: 0, 4, 15, 22, 29, 41, 46, 52
21: 0, 2, 14, 22, 29, 41, 46, 52
22: 0, 1, 14, 23, 28, 41, 45, 52
23: 8, 10, 13, 23, 28, 42, 45, 52
24: 4, 7, 9, 10, 13, 24, 28, 41, 46, 48, 50, 52
25: 0, 9, 13, 24, 28, 41, 46, 47
26: 0, 9, 13, 25, 27, 42, 50, 52
27: 0, 10, 13, 24, 27, 43, 47, 52
28: 0, 10, 13, 24, 28, 43, 46, 47, 48, 52
29: 0, 10, 13, 22, 24, 25, 29, 43, 47, 48, 49, 52
30: 0, 9, 14, 22, 28, 43, 47, 49, 50, 52
31: 0, 9, 13, 22, 28, 43, 47, 52
32: 0, 9, 13, 20, 24, 25, 29, 44, 47, 52
33: 0, 10, 12, 21, 22, 25, 29, 44, 45, 52
34: 0, 10, 11, 25, 29, 52
35: 0, 27, 28, 52
36: 0, 52
37: 0, 52
38: 0, 52
