0: 0, 22, 39, 41, 43, 45
1: 0, 23, 39, 40, 43, 44, 51, 52
2: 0, 24, 38, 40, 51, 52
3: 0, 25, 39, 40, 50, 52
4: 0, 25, 39, 40, 49, 52
5: 0, 25, 49, 52
6: 0, 25, 39, 40, 48, 52
7: 0, 25, 47, 52
8: 0, 24, 47, 52
9: 0, 25, 46, 52
10: 0, 25, 44, 45, 46, 52
11: 0, 26, 43, 52
12: 0, 25, 42, 52
13: 0, 25, 42, 52
14: 0, 25, 41, 52
15: 0, 26, 41, 52
16: 0, 25, 41, 52
17: 0, 24, 25, 26, 41, 52
18: 0, 25, 26, 27, 41, 52
19: 0, 24, 26, 28, 41, 52
20: 0, 24, 27, 28, 42, 52
21: 0, 25, 26, 28, 42, 52
22: 0, 24, 42, 52
23: 0, 25, 42, 52
24: 0, 25, 42, 52
25: 0, 26, 45, 52
26: 0, 25, 45, 52
27: 0, 24, 44, 52
28: 0, 24, 44, 52
29: 0, 24, 43, 52
30: 0, 24, 45, 52
31: 0, 24, 45, 52
32: 0, 25, 45, 52
33: 0, 25, 45, 52
34: 0, 24, 45, 52
35: 0, 24, 45, 52
36: 0, 24, 45, 52
37: 0, 24, 44, 52
38: 0, 27, 30, 31, 32, 36, 44, 52
