0: 2, 25, 27, 30
1: 3, 25, 27, 30
2: 3, 25, 27, 30
3: 2, 25, 27, 30
4: 3, 25, 27, 31
5: 4, 24, 28, 31
6: 4, 24, 28, 31
7: 4, 25, 28, 31
8: 5, 24, 28, 32
9: 5, 23, 29, 32
10: 5, 23, 28, 32
11: 6, 23, 29, 32
12: 5, 23, 29, 30
13: 7, 22, 23, 24
14: 5, 6, 9, 23, 43, 44
15: 2, 3, 4, 24
16: 3, 23
17: 4, 24
18: 5, 23
19: 5, 23
20: 5, 23
21: 6, 23
22: 6, 25
23: 5, 24
24: 4, 24
25: 4, 24
26: 5, 23
27: 7, 24
28: 7, 24
29: 7, 23
30: 7, 23
31: 8, 22
32: 9, 21
33: 10, 20
34: 12, 13, 14, 15, 16, 20
35: 17, 19
36: 18, 19
37: 
38: 
