0: 28, 42
1: 27, 43
2: 27, 44, 45, 46
3: 26, 47
4: 25, 46
5: 25, 47
6: 26, 27, 32, 47
7: 32, 46
8: 32, 46
9: 32, 44
10: 31, 44
11: 31, 45
12: 31, 46
13: 30, 46
14: 30, 47
15: 30, 47
16: 30, 48
17: 30, 43, 44, 50
18: 30, 43, 45, 50
19: 31, 42, 44, 50
20: 30, 31, 33, 39, 40, 41, 46, 50
21: 30, 39, 47, 52
22: 30, 41, 46, 50
23: 30, 42, 45, 51
24: 28, 42, 46, 51
25: 27, 42, 45, 51
26: 26, 42, 46, 50
27: 27, 41, 47, 49
28: 26, 42, 46, 48
29: 27, 41, 46, 48
30: 28, 41, 46, 49
31: 26, 41, 47, 48
32: 27, 40, 46, 47
33: 27, 39, 46, 47
34: 27, 36, 46, 47
35: 29, 30, 31, 33, 46, 47
36: 46, 47
37: 46, 47
38: 46, 47
