0: 0, 29
1: 0, 28
2: 0, 27
3: 0, 27
4: 0, 26
5: 0, 26
6: 0, 25
7: 0, 25
8: 0, 25
9: 0, 24
10: 0, 25
11: 0, 24
12: 0, 24
13: 0, 24
14: 0, 8, 12, 25
15: 0, 7, 13, 24
16: 0, 6, 14, 25
17: 0, 6, 15, 25, 41, 43
18: 0, 5, 14, 25, 39, 45
19: 0, 6, 15, 26, 39, 46
20: 0, 6, 14, 26, 38, 46
21: 0, 7, 13, 27, 38, 46
22: 0, 8, 12, 27, 39, 46
23: 0, 27, 39, 45
24: 0, 27, 40, 44
25: 0, 27
26: 0, 28
27: 0, 27
28: 0, 27
29: 0, 27
30: 0, 27
31: 0, 27
32: 0, 26
33: 0, 26
34: 0, 25
35: 0, 25
36: 0, 24
37: 0, 23
38: 0, 22
