0: 18, 27
1: 18, 26
2: 17, 26
3: 17, 25
4: 17, 25
5: 16, 25
6: 16, 25
7: 16, 24
8: 15, 24
9: 15, 24
10: 15, 24
11: 15, 24
12: 15, 24
13: 15, 24, 51, 52
14: 14, 24, 51, 52
15: 15, 24, 51, 52
16: 14, 24
17: 15, 24
18: 14, 24
19: 14, 24
20: 15, 24
21: 14, 24
22: 14, 24
23: 15, 24
24: 14, 25
25: 15, 25
26: 15, 25, 49, 51
27: 15, 26, 50, 52
28: 15, 26, 49, 52
29: 15, 26, 47, 52
30: 16, 27, 42, 43, 44, 52
31: 16, 27, 38, 39, 40, 48, 49, 52
32: 16, 27, 34, 43, 49, 52
33: 16, 29, 30, 39, 49, 52
34: 17, 34, 49, 52
35: 17, 30, 50, 52
36: 17, 29, 50, 52
37: 16, 25, 51, 52
38: 16, 21
