0: 0, 29, 45, 50
1: 0, 28, 45, 50
2: 0, 28, 45, 50
3: 0, 29, 43, 45, 46, 50
4: 0, 28, 43, 50
5: 0, 28, 42, 50
6: 0, 28, 42, 46, 47, 52
7: 0, 29, 40, 52
8: 0, 28, 41, 50, 51, 52
9: 0, 28, 41, 49, 51, 52
10: 0, 29, 42, 49
11: 0, 28, 44, 48
12: 0, 28, 45, 50
13: 0, 28, 45, 50
14: 0, 29, 46, 50
15: 0, 28, 47, 48, 49, 50
16: 0, 28
17: 0, 29
18: 0, 28
19: 0, 28
20: 0, 6, 7, 28
21: 0, 5, 9, 29
22: 0, 5, 8, 28
23: 0, 4, 8, 28
24: 0, 2, 11, 29
25: 0, 2, 10, 28
26: 0, 6, 10, 28
27: 0, 5, 11, 28
28: 0, 5, 12, 29
29: 0, 3, 4, 5, 12, 28
30: 0, 3, 8, 9, 13, 28
31: 0, 3, 12, 28
32: 0, 5, 9, 10, 11, 29
33: 0, 5, 9, 28
34: 0, 5, 9, 28
35: 0, 5, 10, 28
36: 0, 4, 11, 29
37: 0, 5, 12, 28
38: 0, 4, 12, 28
