0: 30, 43
1: 14, 15, 29, 43
2: 16, 17, 30, 42
3: 30, 42
4: 30, 42
5: 4, 5, 30, 41
6: 31, 40
7: 31, 40
8: 8, 9, 18, 19, 31, 40
9: 10, 11, 29, 30, 32, 40
10: 4, 5, 32, 39, 41, 42
11: 13, 14, 32, 39, 40, 42
12: 20, 21, 32, 39, 40, 42
13: 7, 8, 33, 38, 39, 42
14: 2, 3, 9, 10, 15, 16, 23, 24, 32, 37, 38, 42
15: 4, 5, 33, 37, 38, 41
16: 12, 13, 33, 37, 38, 41
17: 2, 3, 7, 8, 17, 18, 33, 41
18: 9, 10, 19, 20, 26, 27, 32, 41
19: 4, 5, 14, 15, 31, 41
20: 2, 3, 6, 7, 11, 12, 22, 23, 32, 40
21: 1, 2, 3, 4, 5, 6, 8, 9, 16, 17, 33, 40
22: 7, 8, 9, 10, 13, 14, 19, 20, 33, 39
23: 0, 7, 10, 11, 24, 25, 28, 29, 34, 40
24: 0, 10, 12, 13, 14, 15, 17, 18, 33, 39
25: 0, 12, 21, 22, 33, 39
26: 0, 12, 13, 14, 15, 16, 32, 38
27: 0, 14, 17, 18, 26, 27, 31, 39
28: 0, 14, 15, 16, 19, 20, 23, 24, 32, 38
29: 0, 15, 16, 17, 32, 37
30: 0, 16, 18, 19, 31, 35, 36, 37
31: 0, 16, 17, 18, 21, 22, 27, 28, 32, 33
32: 0, 17, 23, 24, 30, 31
33: 0, 17, 18, 19, 20, 21, 32, 33
34: 0, 17
35: 0, 17, 18, 19, 24, 25, 27, 28
36: 0, 18, 19, 20, 21, 22
37: 0, 17
38: 0, 17, 18, 19
