0: 11, 17, 34, 41
1: 1, 2, 12, 18, 34, 39, 50, 51
2: 0, 4, 14, 17, 35, 38, 48, 52
3: 0, 6, 14, 18, 34, 36, 46, 52
4: 0, 7, 15, 17, 34, 36, 44, 52
5: 0, 9, 16, 18, 34, 36, 43, 52
6: 0, 10, 16, 18, 34, 35, 40, 52
7: 0, 12, 16, 18, 34, 35, 40, 52
8: 0, 12, 17, 18, 39, 52
9: 0, 12, 17, 18, 39, 52
10: 0, 12, 39, 52
11: 0, 13, 39, 52
12: 0, 13, 38, 52
13: 0, 13, 38, 52
14: 0, 13, 14, 15, 17, 18, 39, 52
15: 0, 36, 37, 52
16: 0, 52
17: 0, 52
18: 0, 2, 3, 6, 8, 12, 13, 14, 15, 16, 17, 52
19: 0, 1, 3, 6, 9, 12, 29, 30, 32, 33, 35, 36, 38, 39, 40, 43, 44, 45, 46, 49, 50, 52
20: 0, 1, 3, 5, 8, 11, 40, 44, 47, 49, 51, 52
21: 0, 1, 3, 5, 9, 11, 41, 43, 47, 49, 51, 52
22: 3, 4, 9, 11, 15, 16, 36, 37, 41, 43, 47, 49
23: 3, 5, 9, 12, 15, 16, 36, 37, 41, 43, 47, 48
24: 4, 5, 8, 12, 14, 15, 33, 34, 36, 37, 42, 43, 47, 49
25: 4, 5, 8, 10, 11, 12, 17, 19, 33, 35, 42, 44, 47, 49
26: 3, 6, 16, 20, 31, 35, 46, 48
27: 3, 5, 7, 23, 28, 36, 37, 38, 47, 49
28: 2, 3, 6, 23, 30, 31, 32, 38, 43, 46, 48, 50
29: 4, 22, 28, 29, 33, 38, 44, 47
30: 2, 21, 35, 38, 44, 49
31: 0, 19, 35, 36, 37, 38, 43, 51
32: 0, 19, 24, 25, 36, 38, 44, 52
33: 0, 17, 36, 38, 43, 52
34: 0, 18, 36, 38, 43, 52
35: 0, 16, 37, 38, 43, 52
36: 0, 18, 37, 38, 43, 52
37: 0, 17, 43, 52
38: 0, 16, 44, 52
