0: 19, 21, 26, 27
1: 19, 20, 26, 27
2: 19, 21, 25, 27
3: 19, 21, 25, 26, 48, 49
4: 19, 21, 24, 27
5: 19, 21, 25, 26
6: 19, 21, 24, 26
7: 18, 26
8: 18, 27
9: 17, 28
10: 2, 3, 18, 28
11: 1, 2, 3, 5, 6, 7, 17, 27
12: 6, 7, 8, 9, 18, 26
13: 5, 10, 11, 13, 18, 26
14: 6, 9, 12, 17, 18, 25, 30, 31
15: 6, 10, 13, 14, 16, 30, 31, 32
16: 6, 9, 17, 25
17: 7, 9, 14, 15, 16, 18, 19, 24
18: 5, 10, 12, 14, 15, 18, 19, 27
19: 6, 10, 16, 17, 19, 23, 26, 29
20: 6, 9, 17, 18, 19, 23, 29, 30
21: 6, 9, 17, 23
22: 6, 8, 18, 23, 25, 26
23: 6, 9, 18, 22, 24, 25
24: 6, 8, 18, 24, 45, 46
25: 18, 23
26: 19, 23, 42, 43
27: 18, 23
28: 17, 24, 32, 33
29: 17, 25
30: 16, 25
31: 15, 16, 19, 21, 22, 24
32: 13, 15
33: 12, 13
34: 11, 12, 33, 34, 41, 45
35: 10, 12, 31, 39, 40, 46
36: 9, 10, 30, 46
37: 8, 9, 29, 31, 33, 34, 35, 47
38: 7, 8, 28, 31, 37, 47
