0: 13, 14, 31, 45
1: 31, 44
2: 31, 44
3: 31, 43
4: 32, 43
5: 4, 5, 31, 42
6: 16, 17, 32, 41
7: 32, 41
8: 8, 9, 32, 41
9: 10, 11, 19, 20, 27, 28, 33, 40
10: 4, 5, 32, 40
11: 30, 31, 33, 39, 41, 44
12: 13, 14, 33, 39, 41, 43
13: 7, 8, 33, 39, 40, 44
14: 2, 3, 9, 10, 15, 16, 20, 21, 33, 38, 40, 43
15: 4, 5, 34, 38, 40, 43
16: 12, 13, 33, 37, 39, 42
17: 2, 3, 7, 8, 17, 18, 22, 23, 33, 37, 39, 42
18: 9, 10, 24, 25, 33, 37, 38, 42
19: 4, 5, 14, 15, 32, 42
20: 2, 3, 6, 7, 11, 12, 32, 41
21: 1, 2, 3, 4, 5, 6, 8, 9, 16, 17, 19, 20, 26, 27, 34, 41
22: 7, 8, 9, 10, 13, 14, 21, 22, 29, 30, 33, 41
23: 0, 7, 10, 11, 34, 40
24: 0, 10, 12, 13, 14, 15, 17, 18, 34, 40
25: 0, 12, 20, 21, 24, 25, 33, 39
26: 0, 12, 13, 14, 15, 16, 33, 39
27: 0, 14, 17, 18, 26, 27, 31, 39
28: 0, 14, 15, 16, 19, 20, 23, 24, 32, 38
29: 0, 15, 16, 17, 32, 38
30: 0, 16, 18, 19, 31, 36
31: 0, 16, 17, 18, 21, 22, 27, 28
32: 0, 17, 23, 24, 30, 31
33: 0, 17, 18, 19, 20, 21, 32, 33
34: 0, 17
35: 0, 17, 18, 19, 24, 25, 27, 28
36: 0, 18, 19, 20, 21, 22
37: 0, 17
38: 0, 17, 18, 19
