0: 
1: 
2: 
3: 
4: 
5: 
6: 
7: 
8: 
9: 
10: 7, 9
11: 7, 11
12: 8, 13
13: 8, 12
14: 7, 12
15: 6, 8, 10, 12
16: 4, 13, 14, 15
17: 2, 15
18: 0, 14
19: 0, 14, 26, 27
20: 0, 14, 15, 20, 21, 22, 23, 24, 25, 27, 28, 29, 30, 31, 32, 33, 34, 35, 36, 37, 38, 39, 40, 41, 42, 43, 44, 45, 46, 47
21: 0, 22, 23, 24, 25, 28, 29, 30, 31, 32, 33, 34, 35, 36, 37, 38, 39, 40, 41, 42, 43, 44, 45, 46
22: 0, 21, 25, 28
23: 0, 22, 25, 27
24: 0, 22, 24, 27
25: 0, 20, 23, 26
26: 1, 15, 17, 18, 23, 25
27: 1, 13, 22, 24
28: 3, 4, 5, 11, 21, 24
29: 6, 11, 20, 22
30: 7, 12, 13, 14, 19, 21
31: 6, 15, 18, 21
32: 6, 15, 17, 19
33: 6, 18
34: 6, 17
35: 6, 16
36: 6, 7, 8, 16
37: 9, 11, 13, 14
38: 7, 13
