0: 19, 32
1: 20, 32
2: 20, 31
3: 21, 31
4: 21, 31
5: 21, 30
6: 21, 31
7: 21, 31
8: 22, 33
9: 19, 32
10: 19, 20, 21, 31
11: 20, 32
12: 20, 32
13: 18, 34
14: 17, 35
15: 17, 35
16: 17, 35
17: 16, 35
18: 16, 36
19: 15, 36
20: 16, 19, 21, 31, 32, 36
21: 15, 19, 20, 31, 32, 36
22: 15, 18, 21, 31, 32, 37
23: 14, 16, 17, 19, 20, 31, 34, 37
24: 15, 38
25: 14, 37
26: 15, 38
27: 14, 38
28: 14, 37
29: 13, 38
30: 12, 39
31: 13, 39
32: 12, 13, 14, 39
33: 13, 14, 15, 23, 27, 38
34: 15, 20, 21, 22, 30, 38
35: 14, 21, 23, 24, 30, 33, 34, 38, 39, 40
36: 15, 20, 22, 23, 27, 28, 30, 32, 33, 34, 35, 37
37: 14, 16, 17, 18, 19, 20, 22, 23, 30, 31, 32, 33, 35, 37, 38, 39
38: 15, 16, 17, 18, 19, 20, 31, 32, 36, 37
