0: 43, 52
1: 43, 52
2: 42, 52
3: 5, 6, 43, 52
4: 42, 52
5: 13, 14, 43, 52
6: 7, 8, 43, 52
7: 22, 23, 43, 52
8: 24, 25, 43, 52
9: 3, 4, 16, 17, 43, 52
10: 8, 9, 12, 13, 27, 28, 44, 51
11: 43, 51
12: 44, 50, 51, 52
13: 3, 4, 6, 7, 18, 19, 44, 50, 51, 52
14: 10, 11, 14, 15, 44, 49, 51, 52
15: 21, 22, 44, 50, 51, 52
16: 2, 3, 6, 7, 29, 30, 44, 49, 51, 52
17: 9, 10, 12, 13, 17, 18, 23, 24, 33, 34, 44, 49, 51, 52
18: 3, 4, 43, 52
19: 6, 7, 14, 15, 43, 52
20: 2, 3, 8, 9, 11, 12, 18, 19, 43, 52
21: 1, 2, 3, 5, 6, 7, 20, 21, 44, 52
22: 7, 8, 9, 10, 12, 13, 15, 16, 23, 24, 26, 27, 36, 37, 44, 52
23: 0, 7, 10, 11, 29, 30, 45, 51
24: 0, 10, 12, 13, 14, 15, 17, 18, 43, 51
25: 0, 12, 19, 20, 43, 50
26: 0, 12, 13, 14, 15, 16, 21, 22, 41, 49
27: 0, 14, 17, 18, 24, 25, 41, 49
28: 0, 14, 15, 16, 26, 27, 40, 48
29: 0, 15, 16, 17, 18, 19, 21, 22, 29, 30, 40, 47
30: 0, 16, 31, 32
31: 0, 16, 17, 18, 19, 20, 23, 24
32: 0, 17, 26, 27, 34, 35
33: 0, 17, 18, 19, 20, 21
34: 0, 17, 23, 24, 29, 30
35: 0, 17, 18, 19
36: 0, 18, 19, 20, 21, 22, 25, 26
37: 0, 17
38: 0, 17, 18, 19
