0: 19, 26
1: 18, 27, 31, 36, 40, 44
2: 18, 27, 29, 36, 38, 40, 43, 44
3: 18, 27, 28, 35, 38, 39, 40, 45
4: 18, 25, 27, 45
5: 16, 23, 26, 32, 33, 43
6: 17, 23, 26, 32, 34, 43
7: 17, 23, 26, 31, 35, 41
8: 14, 22, 27, 32, 36, 41
9: 13, 20, 27, 32, 34, 35, 36, 41
10: 12, 18, 26, 29, 38, 44
11: 11, 16, 27, 28
12: 11, 13, 14, 15, 27, 28
13: 10, 12, 14, 15, 26, 28, 32, 35
14: 10, 12, 30, 36
15: 10, 11, 29, 33
16: 10, 11, 29, 32
17: 29, 30
18: 
19: 
20: 
21: 
22: 
23: 10, 12
24: 10, 18
25: 11, 17
26: 11, 17
27: 11, 15
28: 
29: 
30: 
31: 
32: 
33: 
34: 
35: 
36: 
37: 
38: 
