0: 0, 52
1: 0, 52
2: 0, 52
3: 0, 52
4: 0, 52
5: 0, 52
6: 0, 52
7: 0, 50, 51, 52
8: 0, 42, 43, 45, 46, 47, 48, 49, 50, 52
9: 0, 27, 28, 46, 47, 48, 49, 50, 51, 52
10: 0, 25, 31, 43, 44, 45, 46, 48, 50, 51
11: 0, 24, 32, 44, 45, 46, 48, 49, 50, 51
12: 0, 23, 34, 42, 43, 46, 47, 48, 50, 51
13: 0, 22, 35, 44, 48, 49, 51, 52
14: 0, 21, 35, 41, 42, 43, 45, 46, 50, 51
15: 0, 21, 36, 42, 43, 44, 48, 49, 51, 52
16: 0, 20, 35, 40, 41, 42
17: 0, 21, 35, 38, 39, 41, 51, 52
18: 0, 20, 35, 40, 50, 51
19: 0, 20, 35, 39, 48, 49, 51, 52
20: 0, 21, 35, 37, 38, 39, 40, 41, 50, 52
21: 0, 22, 34, 39, 48, 52
22: 0, 24, 34, 36, 37, 38, 39, 40, 47, 48, 49, 52
23: 0, 25, 33, 38, 46, 47, 48, 50, 51, 52
24: 0, 24, 25, 28, 31, 37, 38, 39, 48, 49, 50, 52
25: 0, 37, 38, 39, 49, 52
26: 0, 37, 38, 39, 43, 44, 50, 52
27: 0, 37, 38, 39, 42, 44, 50, 51
28: 0, 38
29: 0, 35
30: 0, 26, 27, 28, 29, 30, 32, 33
31: 0, 24
32: 0, 23
33: 0, 24
34: 0, 23
35: 0, 23
36: 0, 6, 7, 21
37: 0, 9, 10, 12, 13, 14, 15, 16, 17, 18
38: 
