0: 33, 51
1: 33, 51
2: 33, 50
3: 7, 8, 34, 50
4: 35, 50
5: 35, 49
6: 36, 48
7: 11, 12, 37, 48
8: 15, 16, 27, 28, 37, 47
9: 3, 4, 30, 31, 37, 47
10: 5, 6, 18, 19, 38, 46
11: 7, 8, 33, 34, 37, 46
12: 12, 13, 20, 21, 36, 46
13: 3, 4, 36, 45
14: 7, 8, 14, 15, 36, 39, 40, 44
15: 10, 11, 36, 45
16: 2, 3, 17, 18, 22, 23, 36, 46
17: 5, 6, 14, 15, 36, 46
18: 7, 8, 10, 11, 24, 25, 35, 46
19: 1, 2, 4, 5, 19, 20, 26, 27, 36, 45
20: 8, 9, 12, 13, 15, 16, 28, 29, 36, 45
21: 1, 2, 3, 5, 6, 7, 36, 44
22: 7, 8, 10, 11, 16, 17, 20, 21, 37, 44
23: 0, 7, 8, 9, 11, 12, 13, 14, 22, 23, 36, 42
24: 0, 10, 11, 12, 24, 25, 37, 44
25: 0, 11, 13, 14, 15, 16, 17, 18, 29, 30, 38, 45
26: 0, 13, 19, 20, 38, 46
27: 0, 14, 15, 16, 21, 22, 25, 26, 31, 32, 39, 45
28: 0, 15, 17, 18, 33, 34, 39, 46
29: 0, 15, 16, 17, 18, 19, 35, 36, 40, 47
30: 0, 16, 21, 22, 24, 25, 28, 29
31: 0, 16, 17, 18, 19, 20
32: 0, 17
33: 0, 17, 18, 19, 22, 23, 31, 32
34: 0, 17, 19, 20, 25, 26
35: 0, 18, 27, 28
36: 0, 17, 18, 19, 20, 21, 23, 24
37: 0, 18
38: 0, 17, 18, 19
