0: 20, 29, 47, 50
1: 20, 29, 38, 39, 46, 49
2: 20, 29, 35, 41, 45, 48
3: 20, 41, 44, 48
4: 20, 41, 43, 47
5: 20, 46
6: 20, 45
7: 20, 34, 38, 44
8: 19, 35, 38, 44
9: 19, 34, 37, 43
10: 19, 34, 35, 40, 41, 42
11: 18, 39
12: 19, 38
13: 18, 36
14: 18, 35
15: 18, 33
16: 18, 32
17: 16, 28
18: 15, 26
19: 12, 13, 14, 25
20: 0, 3, 4, 26
21: 0, 27
22: 0, 12, 13, 27
23: 13, 27
24: 15, 28
25: 13, 14, 15, 28
26: 12, 28
27: 13, 28
28: 14, 29
29: 14, 29
30: 15, 29
31: 14, 28
32: 14, 28
33: 15, 29
34: 16, 29
35: 17, 25, 26, 30
36: 19, 24
37: 22, 23
38: 
