0: 0, 27
1: 0, 25
2: 0, 23
3: 0, 21
4: 0, 20
5: 0, 19
6: 0, 17, 37, 40
7: 0, 17, 34, 41
8: 0, 17, 33, 42
9: 0, 17, 33, 43
10: 0, 16, 33, 44
11: 0, 18, 32, 44
12: 0, 17, 32, 45
13: 0, 17, 32, 46
14: 0, 18, 31, 46, 51, 52
15: 0, 18, 26, 28, 31, 47, 50, 51
16: 0, 18, 24, 28, 31, 47, 49, 50, 51, 52
17: 0, 18, 23, 27, 30, 52
18: 0, 17, 21, 27, 30, 52
19: 0, 16, 20, 27, 29, 52
20: 0, 16, 19, 52
21: 0, 16, 18, 52
22: 0, 16, 17, 52
23: 0, 52
24: 0, 52
25: 0, 52
26: 0, 52
27: 0, 52
28: 0, 52
29: 0, 52
30: 0, 52
31: 0, 52
32: 0, 52
33: 0, 52
34: 0, 50
35: 0, 48
36: 0, 49
37: 0, 49
38: 0, 49
