0: 0, 10, 12, 52
1: 0, 9, 10, 11, 14, 52
2: 0, 8, 9, 10, 12, 13, 16, 52
3: 0, 7, 11, 12, 14, 47, 48, 52
4: 0, 6, 8, 9, 10, 11, 13, 45, 46, 50, 51, 52
5: 0, 5, 7, 8, 12, 43, 45, 47, 50, 51
6: 0, 3, 5, 6, 10, 11, 15, 44, 49, 50, 51, 52
7: 0, 2, 4, 5, 6, 7, 9, 12, 13, 14, 15, 44, 45, 46, 47, 52
8: 0, 3, 7, 10, 11, 12, 18, 30, 31, 32, 33, 43, 46, 47, 48, 52
9: 0, 5, 6, 11, 12, 13, 17, 28, 29, 30, 31, 41, 48, 52
10: 0, 12, 16, 27, 30, 41, 43, 44, 45, 52
11: 0, 13, 16, 27, 28, 29, 30, 41, 42, 45, 46, 52
12: 0, 13, 15, 26, 32, 41, 43, 44, 46, 52
13: 0, 12, 14, 26, 28, 29, 31, 42, 43, 45, 46, 52
14: 0, 12, 14, 26, 27, 30, 31, 43, 44, 45, 46, 52
15: 0, 11, 14, 26, 27, 30, 31, 43, 44, 45, 46, 52
16: 0, 11, 15, 26, 27, 29, 31, 42, 47, 52
17: 0, 10, 17, 26, 27, 29, 30, 41, 48, 52
18: 0, 8, 17, 26, 31, 42, 48, 52
19: 0, 6, 16, 26, 32, 42, 48, 52
20: 0, 4, 11, 12, 16, 26, 32, 43, 47, 52
21: 0, 2, 15, 26, 31, 43, 48, 52
22: 0, 1, 9, 11, 15, 26, 30, 44, 47, 52
23: 0, 2, 6, 8, 14, 26, 30, 44, 47, 52
24: 0, 10, 14, 26, 29, 44, 48, 52
25: 0, 11, 14, 26, 29, 31, 33, 44, 48, 52
26: 0, 11, 14, 26, 32, 43, 48, 49
27: 0, 11, 14, 26, 31, 44, 51, 52
28: 0, 10, 15, 26, 31, 44, 49, 52
29: 0, 10, 14, 27, 30, 44, 47, 50, 51, 52
30: 0, 10, 14, 27, 31, 44, 48, 52
31: 0, 11, 13, 27, 30, 44, 48, 52
32: 0, 11, 13, 27, 30, 44, 47, 52
33: 0, 28, 29, 45, 46, 52
34: 0, 28, 29, 52
35: 0, 52
36: 0, 52
37: 0, 52
38: 0, 52
