0: 0, 25, 30, 52
1: 0, 23, 24, 25, 30, 52
2: 0, 19, 32, 52
3: 0, 15, 16, 17, 36, 52
4: 0, 14, 38, 52
5: 0, 13, 39, 52
6: 0, 13, 40, 52
7: 0, 13, 41, 52
8: 0, 13, 41, 52
9: 0, 13, 41, 52
10: 0, 14, 41, 52
11: 0, 14, 39, 52
12: 0, 15, 37, 52
13: 0, 16, 35, 52
14: 0, 18, 35, 52
15: 0, 20, 34, 52
16: 0, 21, 34, 52
17: 0, 22, 33, 52
18: 0, 22, 32, 52
19: 0, 23, 32, 52
20: 0, 24, 31, 52
21: 0, 24, 31, 52
22: 0, 25, 30, 52
23: 0, 25, 30, 52
24: 0, 25, 31, 52
25: 0, 25, 32, 52
26: 0, 26, 31, 52
27: 0, 25, 31, 52
28: 0, 21, 22, 24, 30, 52
29: 0, 21, 22, 24, 31, 52
30: 0, 22, 23, 24, 31, 52
31: 0, 23, 31, 52
32: 0, 23, 31, 52
33: 0, 24, 31, 52
34: 0, 23, 30, 52
35: 0, 24, 31, 52
36: 0, 24, 30, 52
37: 0, 24, 31, 52
38: 0, 24, 32, 52
