0: 0, 22, 37, 52
1: 0, 21, 36, 52
2: 0, 20, 35, 52
3: 0, 19, 34, 52
4: 0, 19, 33, 52
5: 0, 18, 32, 52
6: 0, 17, 31, 52
7: 0, 16, 30, 52
8: 0, 14, 31, 52
9: 0, 13, 30, 52
10: 0, 13, 31, 52
11: 0, 13, 30, 52
12: 0, 13, 30, 52
13: 0, 13, 30, 52
14: 0, 14, 30, 52
15: 0, 15, 29, 52
16: 0, 16, 28, 52
17: 0, 16, 28, 52
18: 0, 16, 28, 52
19: 0, 20, 26, 52
20: 0, 20, 25, 52
21: 0, 19, 24, 52
22: 0, 18, 23, 52
23: 0, 18, 22, 52
24: 0, 17, 21, 52
25: 0, 16, 20, 52
26: 0, 15, 20, 52
27: 0, 14, 18, 52
28: 0, 14, 18, 52
29: 0, 13, 17, 52
30: 0, 14, 15, 52
31: 0, 52
32: 0, 52
33: 0, 52
34: 0, 52
35: 0, 52
36: 0, 52
37: 0, 52
38: 0, 52
