0: 3, 11
1: 2, 11
2: 3, 10, 22, 23
3: 2, 10, 29, 30
4: 3, 10, 31, 32
5: 3, 11, 33, 34
6: 3, 11, 42, 43, 49, 50
7: 3, 10, 36, 37, 44, 45
8: 2, 11
9: 3, 10
10: 3, 11, 19, 20, 24, 25, 38, 39
11: 3, 10, 27, 28, 31, 32, 41, 42, 45, 46
12: 3, 10, 33, 34, 47, 48
13: 3, 10
14: 3, 10, 22, 23, 36, 37, 39, 40, 44, 45, 49, 50
15: 3, 10, 16, 17, 26, 27, 30, 31
16: 3, 9, 33, 34, 41, 42, 46, 47
17: 3, 10, 38, 39, 50, 51
18: 3, 9, 19, 20, 24, 25, 28, 29, 35, 36, 43, 44
19: 3, 9, 31, 32, 40, 41, 45, 46, 48, 49
20: 4, 9, 33, 34, 38, 39, 43, 44
21: 4, 8, 14, 15, 21, 22, 25, 26, 28, 29, 36, 37, 40, 41, 42, 43, 44, 45, 47, 48, 51, 52
22: 3, 9, 31, 32, 35, 36, 38, 39, 46, 47, 48, 49
23: 2, 8, 34, 35, 37, 38, 39, 46, 49, 50
24: 1, 8, 16, 17, 23, 24, 27, 28, 30, 31, 32, 33, 36, 49, 50, 51
25: 2, 8, 19, 20, 34, 50
26: 2, 7, 25, 26, 30, 31, 32, 52
27: 3, 6, 28, 29, 31, 32, 33, 52
28: 12, 13, 17, 18, 21, 22, 29, 30, 31, 52
29: 23, 24, 27, 28, 31, 52
30: 25, 26, 29, 52
31: 20, 21, 28, 29, 30, 52
32: 14, 15, 25, 26, 27, 28, 29, 52
33: 22, 23, 29, 52
34: 16, 17, 26, 27, 28, 52
35: 18, 19, 24, 25, 28, 52
36: 21, 22, 27, 28, 29, 52
37: 25, 26, 28, 52
38: 27, 28, 29, 52
