0: 0, 52
1: 0, 52
2: 0, 34, 35, 52
3: 0, 34, 35, 52
4: 0, 31, 38, 52
5: 0, 30, 39, 52
6: 0, 31, 39, 52
7: 0, 30, 39, 52
8: 0, 31, 39, 52
9: 0, 31, 38, 52
10: 0, 31, 38, 52
11: 0, 32, 38, 52
12: 0, 32, 38, 52
13: 0, 32, 38, 52
14: 0, 32, 39, 52
15: 0, 32, 38, 52
16: 0, 32, 39, 52
17: 0, 32, 39, 52
18: 0, 31, 40, 52
19: 0, 31, 40, 52
20: 0, 30, 41, 52
21: 0, 29, 41, 52
22: 0, 29, 40, 52
23: 0, 38, 39, 52
24: 0, 52
25: 0, 52
26: 0, 52
27: 0, 52
28: 0, 52
29: 0, 52
30: 0, 52
31: 0, 52
32: 0, 52
33: 0, 52
34: 0, 52
35: 0, 52
36: 0, 52
37: 0, 52
38: 0, 52
