0: 
1: 10, 11
2: 
3: 42, 43
4: 20, 21, 30, 31
5: 13, 14, 23, 24
6: 15, 16, 36, 37
7: 26, 27
8: 31, 32
9: 9, 10, 20, 21
10: 38, 39, 43, 44
11: 14, 15, 22, 23, 28, 29, 33, 34, 45, 46
12: 16, 17, 24, 25
13: 5, 6, 11, 12, 30, 31
14: 19, 20, 35, 36, 41, 42
15: 15, 16, 21, 22, 25, 26, 37, 38, 47, 48
16: 8, 9, 27, 28, 32, 33
17: 12, 13, 19, 20, 23, 24, 29, 30
18: 4, 5, 16, 17, 35, 36, 41, 42
19: 9, 10, 21, 22, 25, 26, 27, 28, 30, 31, 33, 34, 37, 38, 43, 44
20: 14, 15, 18, 19, 49, 50
21: 11, 12, 22, 23, 24, 25, 28, 29, 30, 31, 32, 33, 35, 36, 39, 40, 45, 46
22: 4, 5, 7, 8, 16, 17, 20, 21, 26, 27, 33, 34, 36, 37, 42, 43
23: 13, 14, 23, 24, 25, 26, 27, 34, 35, 36, 37, 38, 40, 41
24: 10, 11, 17, 18, 19, 20, 22, 23, 25, 37, 38, 39, 46, 47
25: 7, 8, 14, 15, 21, 22, 23, 39, 41, 42, 43, 44, 50, 51
26: 3, 4, 17, 18, 20, 21, 22, 41
27: 9, 10, 12, 13, 19, 20, 21, 41, 42, 43, 44, 45, 47, 48
28: 5, 6, 14, 15, 16, 17, 18, 19, 20, 42
29: 11, 12, 18, 19, 20, 43, 44, 45
30: 7, 8, 14, 15, 17, 18, 19, 44, 47, 48
31: 2, 3, 9, 10, 16, 17, 19, 44, 45, 46
32: 4, 5, 12, 13, 14, 15, 17, 44, 48, 49
33: 7, 8, 16, 17, 18, 45, 46, 47
34: 10, 11, 15, 16, 17, 45
35: 3, 4, 12, 13, 14, 15, 17, 45, 46, 47, 50, 51
36: 5, 6, 8, 9, 16, 17, 18, 45, 47, 48
37: 10, 11, 13, 14, 15, 16, 17, 45, 46, 47
38: 16, 17, 18, 45
