0: 19, 23, 28, 52
1: 18, 23, 28, 52
2: 18, 23, 28, 52
3: 17, 18, 19, 24, 28, 52
4: 19, 23, 26, 27, 28, 52
5: 17, 23, 26, 52
6: 18, 23, 28, 52
7: 18, 24, 27, 52
8: 17, 23, 28, 52
9: 18, 23, 28, 52
10: 17, 24, 29, 52
11: 18, 23, 28, 52
12: 18, 23, 27, 52
13: 19, 24, 28, 52
14: 19, 23, 25, 52
15: 20, 22, 23, 24, 25, 52
16: 20, 52
17: 20, 52
18: 20, 52
19: 21, 52
20: 21, 23, 24, 52
21: 21, 52
22: 22, 23, 24, 52
23: 21, 52
24: 22, 52
25: 22, 52
26: 21, 52
27: 22, 52
28: 21, 52
29: 22, 52
30: 21, 52
31: 21, 52
32: 22, 52
33: 22, 23, 24, 52
34: 23, 52
35: 24, 52
36: 23, 52
37: 24, 52
38: 23, 52
