0: 25, 42
1: 26, 42
2: 26, 42
3: 26, 42
4: 22, 23, 26, 42, 47, 48
5: 17, 18, 22, 24, 27, 42, 47, 48
6: 17, 18, 22, 24, 27, 42, 47, 48
7: 17, 19, 22, 24, 27, 43, 47, 48
8: 0, 1, 17, 19, 22, 25, 27, 43, 46, 49
9: 0, 1, 13, 14, 17, 19, 21, 25, 27, 43, 46, 49, 51, 52
10: 0, 2, 6, 7, 12, 13, 17, 20, 22, 25, 27, 44, 46, 49, 51, 52
11: 0, 2, 7, 8, 12, 14, 16, 20, 22, 25, 27, 44, 46, 50, 51, 52
12: 0, 3, 6, 8, 12, 14, 17, 20, 23, 25, 27, 43, 46, 49, 51, 52
13: 0, 3, 7, 9, 12, 15, 17, 20, 22, 43, 47, 49, 51, 52
14: 0, 3, 6, 9, 12, 15, 18, 23, 25, 26, 27, 49, 51, 52
15: 0, 4, 6, 9, 12, 15, 18, 20, 27, 42, 45, 46, 47, 48, 49, 52
16: 0, 3, 6, 10, 12, 15, 17, 19, 28, 41
17: 1, 3, 6, 10, 12, 15, 16, 18, 28, 41
18: 0, 3, 7, 10, 13, 17, 29, 40
19: 0, 6, 7, 9, 13, 16, 23, 25, 31, 38
20: 3, 9, 13, 15, 23, 26, 32, 37
21: 6, 10, 11, 14, 23, 26, 28, 29, 30, 36
22: 9, 13, 22, 26, 29, 38
23: 11, 12, 23, 37, 38, 39
24: 23, 39
25: 21, 22, 23, 40
26: 20, 41
27: 22, 42
28: 23, 42
29: 25, 40
30: 25, 40
31: 24, 39
32: 23, 39
33: 24, 39
34: 25, 38
35: 26, 36
36: 31, 32
37: 
38: 
