0: 5, 8, 30, 33
1: 5, 8, 30, 34
2: 6, 8, 30, 33
3: 5, 8, 30, 34
4: 4, 8, 30, 33
5: 4, 9, 31, 33
6: 5, 9, 13, 17, 18, 26, 31, 33
7: 6, 9, 10, 28, 30, 34, 43, 44
8: 6, 34
9: 6, 34, 35, 36, 46, 47
10: 7, 34, 35, 37, 45, 49
11: 6, 35, 37, 38, 46, 47
12: 6, 34, 35, 37, 39, 40
13: 6, 34, 36, 37, 38, 39, 40, 41
14: 6, 34, 35, 36, 38, 39, 40, 41, 42, 43
15: 7, 34, 39, 40, 41, 44, 46, 47
16: 7, 33, 34, 36, 37, 38, 43, 47, 48, 49
17: 8, 33, 36, 38, 39, 40, 41, 42, 44, 45, 46, 47, 48, 49, 50, 51
18: 9, 33, 40, 41, 44, 45, 46, 48
19: 10, 32, 33, 35, 41, 42, 44, 46, 48, 50
20: 10, 32, 35, 37, 39, 40, 41, 42, 44, 45, 48, 49
21: 10, 31, 32, 33, 34, 35, 38, 39, 50, 51
22: 10, 31, 33, 34, 39, 40, 41, 42, 45, 46
23: 10, 33, 34, 36, 39, 40
24: 11, 32, 36, 37, 39, 40, 41, 42
25: 13, 32, 33, 34, 36, 37
26: 14, 32, 37, 39, 40, 41
27: 17, 31, 41, 42
28: 19, 31, 33, 34, 38, 39
29: 19, 31
30: 19, 31
31: 17, 18, 20, 31
32: 21, 29
33: 21, 29, 46, 47
34: 25, 26
35: 14, 15
36: 
37: 
38: 
