0: 0, 26, 32, 52
1: 0, 28, 33, 52
2: 0, 29, 34, 52
3: 0, 30, 35, 52
4: 0, 31, 36, 52
5: 0, 32, 37, 52
6: 0, 33, 38, 52
7: 0, 35, 39, 52
8: 0, 36, 40, 52
9: 0, 37, 41, 52
10: 0, 38, 42, 52
11: 0, 40, 43, 52
12: 0, 40, 44, 52
13: 0, 42, 45, 52
14: 0, 43, 46, 52
15: 0, 44, 47, 52
16: 0, 45, 48, 52
17: 0, 46, 48, 52
18: 0, 47, 50, 52
19: 0, 48, 50, 52
20: 0, 50, 51, 52
21: 0, 52
22: 0, 52
23: 0, 52
24: 0, 52
25: 0, 52
26: 0, 52
27: 0, 52
28: 0, 52
29: 0, 52
30: 0, 52
31: 0, 52
32: 0, 52
33: 0, 52
34: 0, 52
35: 0, 52
36: 0, 52
37: 0, 52
38: 0, 52
