0: 0, 26, 40, 47
1: 0, 26, 39, 47
2: 0, 26, 39, 47
3: 0, 27, 38, 46, 47, 48
4: 0, 26, 38, 45
5: 0, 25, 37, 44
6: 0, 23, 36, 37, 38, 44
7: 0, 23, 36, 37, 38, 44
8: 0, 22, 37, 44
9: 0, 20, 38, 44
10: 0, 18, 37, 38, 39, 43
11: 0, 17, 26, 27, 41, 43
12: 0, 17, 22, 23, 25, 27, 42, 43
13: 0, 17, 20, 21, 25, 27
14: 0, 16, 25, 28
15: 0, 17, 24, 28
16: 0, 16, 19, 20, 24, 25, 26, 27
17: 0, 15, 18, 22, 23, 29
18: 0, 15, 18, 29, 51, 52
19: 0, 15, 17, 31, 37, 39, 50, 52
20: 0, 32, 37, 40, 48, 52
21: 0, 30, 31, 32, 39, 41, 47, 52
22: 0, 30, 40, 42, 46, 52
23: 0, 29, 40, 43, 45, 52
24: 0, 28, 41, 43, 44, 52
25: 0, 28, 40, 52
26: 0, 26, 40, 52
27: 0, 26, 40, 52
28: 0, 26, 40, 52
29: 0, 25, 39, 52
30: 0, 26, 39, 52
31: 0, 26, 39, 52
32: 0, 27, 38, 52
33: 0, 28, 37, 52
34: 0, 28, 36, 52
35: 0, 28, 34, 52
36: 0, 29, 33, 52
37: 0, 30, 32, 52
38: 0, 52
