0: 0, 17, 22, 23, 25, 29, 44, 52
1: 1, 16, 22, 23, 25, 29, 45, 52
2: 0, 14, 25, 29, 44, 52
3: 0, 14, 25, 29, 45, 52
4: 0, 14, 25, 28, 44, 52
5: 3, 14, 25, 27, 44, 52
6: 5, 6, 7, 14, 26, 27, 44, 52
7: 8, 13, 26, 27, 44, 52
8: 10, 14, 44, 52
9: 11, 13, 44, 52
10: 13, 14, 43, 52
11: 13, 14, 23, 24, 44, 52
12: 14, 15, 22, 24, 43, 52
13: 14, 16, 21, 24, 43, 52
14: 14, 16, 21, 24, 26, 30, 44, 52
15: 12, 15, 20, 24, 26, 30, 44, 52
16: 10, 11, 17, 24, 26, 31, 44, 52
17: 8, 11, 17, 24, 26, 31, 44, 52
18: 6, 10, 12, 13, 16, 24, 26, 32, 44, 52
19: 5, 10, 12, 24, 26, 31, 44, 52
20: 3, 11, 12, 24, 26, 30, 44, 52
21: 2, 25, 26, 30, 45, 52
22: 1, 24, 26, 30, 44, 52
23: 1, 14, 16, 25, 26, 30, 44, 52
24: 1, 14, 16, 24, 26, 30, 44, 52
25: 1, 15, 16, 25, 26, 29, 44, 52
26: 2, 24, 26, 29, 43, 52
27: 2, 25, 27, 29, 43, 52
28: 2, 3, 4, 24, 26, 29, 42, 52
29: 3, 25, 26, 30, 42, 52
30: 3, 4, 5, 31, 41, 52
31: 3, 5, 6, 33, 39, 52
32: 3, 4, 5, 6, 7, 9, 10, 52
33: 7, 52
34: 2, 52
35: 2, 52
36: 1, 52
37: 1, 52
38: 1, 52
