0: 19, 36
1: 17, 35
2: 15, 16, 18, 36
3: 14, 15, 17, 37
4: 11, 15, 16, 37
5: 8, 9, 10, 15, 17, 38
6: 6, 7, 8, 38
7: 5, 39
8: 3, 40
9: 3, 41
10: 4, 41
11: 3, 42
12: 4, 43
13: 4, 43
14: 4, 44
15: 5, 45
16: 5, 23, 24, 45
17: 5, 23, 27, 45
18: 6, 23, 30, 46
19: 6, 22, 31, 46, 47, 48
20: 7, 22, 33, 46, 47, 48, 49, 50
21: 7, 24, 34, 45, 46, 47, 48, 49
22: 7, 26, 35, 45, 47, 48, 49, 50, 51, 52
23: 8, 28, 29, 30, 36, 45, 48, 49, 50, 51
24: 8, 30, 38, 41, 42, 43, 49, 52
25: 9, 31, 37, 40, 41, 42, 50, 52
26: 9, 32, 38, 39, 49, 51
27: 10, 31, 38, 39, 49, 52
28: 10, 32, 38, 39, 49, 50
29: 11, 31, 38, 39
30: 12, 31, 38, 40
31: 12, 31
32: 13, 30, 38, 40
33: 13, 29
34: 14, 29, 39, 40
35: 15, 27
36: 16, 29
37: 17, 30
38: 18, 29
