0: 21, 30
1: 21, 29
2: 21, 29
3: 22, 29
4: 21, 29, 38, 39
5: 21, 29, 44, 45
6: 22, 29, 49, 50
7: 21, 29
8: 21, 29
9: 21, 29
10: 22, 28
11: 21, 29, 37, 38, 41, 42, 45, 46
12: 22, 29, 47, 48
13: 22, 28, 50, 51
14: 22, 29
15: 22, 28, 33, 34, 39, 40, 43, 44
16: 21, 28, 46, 47
17: 21, 28, 48, 49
18: 22, 28, 36, 37, 41, 42, 50, 51
19: 22, 27, 44, 45
20: 23, 28, 32, 33, 46, 47, 49, 50
21: 22, 27, 37, 38, 41, 42
22: 22, 27, 45, 46, 49, 50, 51, 52
23: 20, 27, 39, 40, 43, 44, 47, 48, 50, 51
24: 20, 27, 33, 34, 46, 47, 48, 52
25: 20, 26, 35, 36, 42, 43, 44, 45, 46, 47, 48, 52
26: 20, 26, 39, 40, 46, 52
27: 22, 25, 42, 43, 44, 52
28: 29, 30, 36, 37, 41, 42, 44, 52
29: 25, 26, 31, 32, 38, 39, 43, 52
30: 33, 34, 40, 41, 42, 52
31: 38, 39, 42, 52
32: 35, 36, 40, 41, 42, 52
33: 28, 29, 39, 40, 41, 52
34: 30, 31, 37, 38, 41, 52
35: 32, 33, 40, 52
36: 35, 36, 39, 40, 41, 52
37: 38, 39, 41, 52
38: 40, 41, 42, 52
