0: 0, 26, 51, 52
1: 0, 26, 50, 52
2: 0, 25, 50, 52
3: 0, 26, 42, 44, 45, 46, 50, 52
4: 0, 26, 42, 47, 51, 52
5: 0, 26, 40, 49, 50, 52
6: 0, 25, 40, 49, 51, 52
7: 0, 26, 39, 52
8: 0, 26, 40, 52
9: 0, 26, 41, 47, 48, 49, 50, 52
10: 0, 26, 42, 46
11: 0, 26, 43, 46
12: 0, 26, 42, 44, 51, 52
13: 0, 26, 42, 43, 51, 52
14: 0, 26, 50, 52
15: 0, 26, 51, 52
16: 0, 26
17: 0, 26
18: 0, 26
19: 4, 26
20: 5, 26
21: 5, 26
22: 5, 26
23: 5, 14, 15, 26
24: 4, 12, 15, 26
25: 3, 9, 14, 26
26: 2, 7, 13, 26
27: 0, 6, 12, 26
28: 0, 2, 10, 26
29: 8, 26
30: 6, 26
31: 3, 26
32: 0, 26
33: 0, 26
34: 0, 26
35: 0, 26
36: 0, 27
37: 0, 26
38: 0, 26
