0: 27, 28, 33, 46
1: 34, 46
2: 35, 48
3: 33, 51
4: 32, 35, 36, 45, 47, 52
5: 30, 32, 33, 35, 38, 46, 49, 52
6: 28, 31, 38, 46
7: 27, 29, 38, 45
8: 26, 27, 38, 45
9: 38, 45
10: 38, 45
11: 37, 44
12: 38, 45
13: 38, 44
14: 37, 45
15: 36, 45
16: 37, 45
17: 37, 44
18: 35, 45
19: 31, 32, 33, 44
20: 4, 5, 6, 7, 8, 9, 10, 11, 12, 13, 14, 15, 17, 18, 20, 21, 23, 24, 25, 26, 28, 29, 30, 44
21: 5, 34, 35, 44
22: 26, 27, 29, 30, 31, 32, 35, 44
23: 36, 43
24: 38, 43
25: 41, 42
26: 
27: 
28: 
29: 49, 52
30: 48, 52
31: 46, 52
32: 46, 48
33: 45, 47
34: 45, 46
35: 44, 46
36: 44, 46
37: 44, 45
38: 43, 45
