0: 20, 41
1: 20, 41
2: 21, 41
3: 22, 41
4: 22, 41
5: 23, 41
6: 23, 41
7: 24, 41
8: 25, 40, 49, 50
9: 25, 39
10: 26, 39
11: 27, 38, 41, 42
12: 29, 36, 43, 44
13: 45, 46, 50, 51
14: 47, 48
15: 40, 41
16: 29, 30, 36, 37, 43, 44, 49, 50
17: 46, 47
18: 41, 42, 51, 52
19: 31, 32, 38, 39, 44, 45, 49, 50
20: 34, 35, 46, 47
21: 40, 41, 43, 44, 48, 49
22: 27, 28, 37, 38, 46, 47, 50, 51
23: 32, 33, 41, 42, 44, 45, 49, 50
24: 34, 35, 38, 39, 48, 49
25: 41, 42, 43, 44, 45, 46, 47, 48, 51, 52
26: 29, 30, 36, 37, 39, 40, 50, 51
27: 31, 32, 34, 35, 42, 43, 44, 45, 47, 48, 49, 50
28: 24, 25, 38, 39, 41, 42, 46, 47, 51, 52
29: 26, 27, 35, 36, 44, 45, 48, 49, 50, 51
30: 31, 32, 38, 39, 41, 42, 43, 44, 46, 47, 49, 50
31: 28, 29, 33, 34, 36, 37, 39, 40, 45, 46, 48, 49, 51, 52
32: 41, 42, 44, 45, 47, 48, 50, 51
33: 24, 25, 30, 31, 33, 34, 36, 37, 38, 39, 40, 41, 43, 44, 46, 47, 49, 50
34: 42, 43, 45, 46, 47, 48, 49, 50, 51, 52
35: 26, 27, 31, 32, 34, 35, 36, 37, 38, 39, 41, 42, 44, 45, 48, 49, 51, 52
36: 28, 29, 40, 41, 43, 44, 46, 47, 48, 49, 50, 51
37: 32, 33, 35, 36, 37, 38, 39, 40, 42, 43, 45, 46, 47, 48, 50, 51
38: 41, 42, 44, 45, 47, 48, 49, 50, 51, 52
