0: 0, 7, 12, 24, 28, 41, 47, 52
1: 0, 6, 12, 24, 29, 40, 46, 52
2: 0, 8, 12, 24, 28, 41, 45, 52
3: 0, 8, 10, 24, 29, 41, 45, 52
4: 0, 7, 12, 24, 28, 41, 45, 52
5: 0, 7, 11, 24, 28, 41, 46, 52
6: 0, 7, 12, 25, 28, 41, 45, 52
7: 0, 8, 11, 24, 28, 42, 44, 52
8: 0, 9, 10, 24, 28, 52
9: 0, 26, 27, 52
10: 0, 52
11: 0, 52
12: 0, 52
13: 0, 52
14: 0, 52
15: 0, 52
16: 0, 52
17: 0, 52
18: 0, 52
19: 0, 52
20: 0, 52
21: 0, 52
22: 0, 52
23: 0, 52
24: 0, 52
25: 0, 52
26: 0, 52
27: 0, 52
28: 0, 52
29: 0, 52
30: 0, 52
31: 0, 52
32: 0, 52
33: 0, 52
34: 0, 52
35: 0, 52
36: 0, 52
37: 0, 52
38: 0, 52
