0: 20, 28, 46, 50
1: 20, 29, 38, 40, 46, 49
2: 20, 29, 34, 35, 36, 40, 45, 48
3: 20, 41, 44, 48
4: 20, 41, 43, 46
5: 20, 46
6: 19, 45
7: 19, 34, 38, 44
8: 19, 35, 38, 44
9: 18, 34, 37, 43
10: 18, 34, 35, 41
11: 18, 39
12: 18, 37
13: 18, 36
14: 17, 35
15: 17, 34
16: 17, 32
17: 15, 28
18: 14, 26
19: 13, 25
20: 9, 10, 11, 26
21: 0, 26
22: 0, 26
23: 0, 8, 9, 10, 12, 27
24: 14, 27
25: 11, 27
26: 12, 28
27: 12, 27
28: 13, 28
29: 14, 28
30: 13, 29
31: 14, 28
32: 13, 27
33: 14, 27
34: 14, 28
35: 16, 29
36: 17, 24, 26, 29
37: 19, 21
38: 
