0: 0, 8, 9, 10, 11, 12, 15, 52
1: 0, 7, 13, 46, 47, 52
2: 0, 6, 7, 8, 10, 11, 12, 13, 14, 44, 45, 49, 51, 52
3: 0, 4, 9, 10, 13, 14, 15, 43, 44, 46, 51, 52
4: 0, 3, 5, 6, 7, 8, 10, 11, 12, 13, 15, 43, 45, 46, 47, 48, 49, 52
5: 0, 2, 3, 4, 9, 12, 14, 15, 18, 44, 48, 52
6: 0, 2, 6, 10, 12, 13, 16, 17, 19, 34, 35, 41, 42, 43, 44, 45, 47, 52
7: 0, 5, 6, 12, 17, 29, 30, 32, 33, 40, 46, 52
8: 0, 13, 16, 28, 29, 30, 33, 40, 41, 43, 46, 52
9: 0, 14, 16, 28, 31, 40, 41, 45, 46, 52
10: 0, 13, 15, 27, 29, 30, 33, 40, 41, 44, 46, 52
11: 0, 11, 14, 27, 31, 40, 42, 45, 46, 52
12: 0, 11, 14, 27, 28, 30, 31, 41, 42, 45, 46, 52
13: 0, 11, 15, 27, 28, 30, 31, 41, 43, 45, 46, 52
14: 0, 11, 18, 28, 29, 30, 31, 42, 44, 45, 47, 52
15: 0, 12, 19, 27, 31, 41, 47, 52
16: 0, 9, 18, 27, 33, 40, 47, 52
17: 0, 7, 17, 27, 33, 41, 47, 52
18: 0, 4, 16, 27, 32, 42, 47, 52
19: 0, 3, 16, 27, 32, 43, 47, 52
20: 9, 12, 15, 27, 31, 43, 47, 52
21: 0, 1, 6, 8, 15, 27, 31, 44, 47, 52
22: 0, 11, 15, 28, 31, 44, 48, 52
23: 0, 11, 15, 28, 31, 43, 47, 52
24: 0, 11, 14, 28, 31, 32, 33, 34, 35, 43, 48, 49, 50, 51
25: 0, 12, 15, 27, 35, 43
26: 0, 11, 15, 27, 34, 43, 49, 50, 51, 52
27: 0, 11, 15, 27, 30, 44, 47, 52
28: 0, 10, 14, 28, 31, 43, 47, 49, 50, 52
29: 0, 12, 14, 27, 31, 43, 48, 52
30: 0, 12, 13, 28, 31, 44, 47, 51
31: 0, 28, 30, 44, 46, 52
32: 0, 52
33: 0, 52
34: 0, 52
35: 0, 52
36: 0, 52
37: 0, 52
38: 0, 52
