0: 0, 19, 32, 52
1: 0, 19, 31, 52
2: 0, 20, 30, 52
3: 0, 20, 31, 52
4: 0, 21, 33, 52
5: 0, 18, 32, 52
6: 0, 17, 33, 52
7: 0, 18, 33, 52
8: 0, 18, 33, 40, 42, 45, 47, 50, 51, 52
9: 0, 18, 34, 38
10: 0, 15, 34, 36
11: 0, 12, 13, 15
12: 0, 6, 7, 11
13: 0, 2, 3, 4, 8, 9, 10, 11, 35, 37, 39, 41, 42, 43
14: 0, 3, 17, 18, 35, 45
15: 0, 4, 15, 19, 35, 47
16: 0, 6, 15, 20, 34, 49
17: 0, 7, 13, 21, 31, 51
18: 0, 8, 13, 25, 29, 52
19: 0, 9, 12, 24, 31, 52
20: 0, 10, 11, 21, 33, 52
21: 0, 21, 34, 52
22: 0, 22, 33, 52
23: 0, 21, 34, 52
24: 0, 20, 34, 52
25: 0, 19, 34, 52
26: 0, 18, 34, 35, 37, 52
27: 0, 20, 37, 52
28: 0, 21, 38, 52
29: 0, 21, 40, 52
30: 0, 21, 39, 52
31: 0, 21, 38, 52
32: 0, 22, 33, 34, 38, 52
33: 0, 23, 32, 35, 38, 52
34: 0, 26, 27, 29, 30, 52
35: 0, 52
36: 0, 52
37: 0, 52
38: 0, 52
