0: 0, 30, 46, 52
1: 0, 31, 46, 52
2: 0, 31, 45, 52
3: 0, 31, 45, 52
4: 0, 31, 44, 52
5: 0, 32, 43, 52
6: 0, 32, 43, 52
7: 0, 33, 41, 52
8: 0, 32, 40, 52
9: 0, 33, 43, 52
10: 0, 32, 46, 52
11: 0, 32, 47, 52
12: 0, 28, 30, 31, 48, 52
13: 0, 26, 48, 52
14: 0, 23, 48, 52
15: 0, 21, 48, 52
16: 0, 20, 26, 29, 47, 52
17: 0, 20, 47, 52
18: 0, 17, 45, 52
19: 0, 15, 45, 52
20: 0, 14, 21, 26, 29, 30, 43, 52
21: 0, 13, 17, 31, 42, 52
22: 0, 11, 15, 29, 41, 52
23: 0, 10, 14, 28, 39, 52
24: 0, 10, 13, 27, 39, 52
25: 0, 28, 38, 52
26: 0, 27, 40, 52
27: 0, 26, 40, 52
28: 0, 26, 41, 52
29: 0, 26, 38, 52
30: 0, 25, 37, 52
31: 0, 27, 36, 52
32: 0, 28, 36, 52
33: 0, 28, 34, 52
34: 0, 52
35: 0, 52
36: 0, 52
37: 0, 52
38: 0, 52
