0: 12, 14, 15, 16, 38, 39, 40, 42
1: 11, 17, 18, 20, 37, 39, 40, 42
2: 10, 21, 36, 41
3: 7, 8, 9, 21, 34, 45
4: 5, 21, 34, 45
5: 5, 21, 34, 48
6: 6, 21, 34, 48
7: 6, 21, 34, 49
8: 7, 21, 34, 48
9: 8, 21, 34, 48
10: 9, 21, 34, 48
11: 10, 20, 34, 47
12: 11, 20, 34, 47
13: 9, 11, 12, 20, 34, 46
14: 9, 12, 13, 19, 34, 45
15: 10, 20, 34, 44
16: 10, 19, 34, 44
17: 11, 19, 34, 43, 44, 45
18: 3, 7, 11, 14, 15, 19, 35, 46, 47, 49
19: 4, 8, 11, 19, 34, 48
20: 4, 9, 11, 13, 14, 19, 35, 48
21: 4, 11, 12, 19, 35, 40, 41, 48
22: 5, 11, 12, 20, 34, 48
23: 6, 19, 34, 47
24: 6, 18, 34, 47
25: 7, 18, 35, 46
26: 9, 17, 36, 45
27: 9, 16, 36, 45
28: 10, 16, 38, 44
29: 11, 17, 37, 44
30: 10, 17, 37, 43
31: 11, 17, 37, 43
32: 12, 17, 36, 43
33: 10, 15, 37, 42
34: 11, 14, 38, 41
35: 10, 12, 40, 42
36: 10, 11, 41, 43
37: 42, 43
38: 
