0: 0, 5, 36, 52
1: 0, 5, 37, 52
2: 0, 5, 36, 52
3: 0, 4, 37, 52
4: 0, 4, 36, 52
5: 0, 4, 37, 52
6: 0, 3, 37, 52
7: 0, 3, 37, 52
8: 0, 3, 37, 52
9: 0, 2, 37, 52
10: 0, 3, 37, 52
11: 0, 5, 38, 52
12: 0, 6, 36, 52
13: 4, 7, 30, 52
14: 5, 10, 26, 27, 28, 37, 38, 52
15: 7, 15, 16, 18, 19, 34, 38, 52
16: 9, 28, 29, 34, 38, 52
17: 13, 14, 15, 17, 18, 20, 21, 22, 31, 34, 38, 52
18: 31, 35, 38, 51
19: 32, 35, 38, 50
20: 32, 35, 38, 50
21: 32, 36, 39, 49
22: 33, 35, 39, 48
23: 32, 36, 39, 47
24: 33, 36, 38, 48
25: 32, 36, 37, 47
26: 33, 36, 37, 47
27: 32, 47
28: 31, 47
29: 32, 48
30: 30, 48
31: 29, 47
32: 30, 47
33: 30, 46
34: 31, 32, 33, 46
35: 32, 46
36: 32, 43, 44, 45
37: 31, 43
38: 28, 44
