0: 8, 10, 11, 13, 32, 33, 39, 41, 42, 44, 46, 47, 51, 52
1: 7, 8, 9, 13, 15, 16, 34, 35, 39, 40, 42, 43, 49, 50
2: 6, 16, 39, 45, 47, 48, 49, 50, 51, 52
3: 3, 18, 25, 26, 37, 48
4: 3, 18, 32, 33, 34, 35, 37, 49, 50, 51
5: 3, 18, 29, 30, 36, 51
6: 4, 18, 35, 36, 37, 52
7: 4, 18, 23, 24, 31, 32, 33, 34, 37, 51
8: 5, 17, 25, 26, 35, 51
9: 5, 17, 22, 23, 27, 28, 31, 32, 34, 35, 37, 51
10: 6, 17, 20, 21, 25, 26, 33, 34, 36, 51
11: 6, 16, 23, 24, 29, 30, 32, 33, 34, 35, 36, 50
12: 5, 6, 7, 16, 21, 22, 26, 27, 35, 36, 37, 50
13: 5, 6, 7, 16, 19, 20, 24, 25, 30, 31, 34, 35, 37, 49
14: 3, 4, 5, 7, 8, 15, 21, 22, 23, 24, 27, 28, 32, 33, 35, 36, 37, 48
15: 2, 4, 5, 7, 8, 15, 20, 21, 25, 26, 35, 36, 37, 47
16: 2, 7, 9, 15, 18, 19, 22, 23, 24, 25, 30, 31, 33, 34, 35, 36, 37, 47
17: 2, 7, 9, 14, 21, 22, 27, 28, 35, 36, 37, 46
18: 2, 8, 9, 14, 19, 20, 22, 23, 25, 26, 33, 34, 35, 36, 37, 45
19: 2, 14, 21, 22, 24, 25, 36, 43, 44, 46
20: 2, 14, 18, 19, 22, 23, 32, 33, 34, 36, 37, 45
21: 2, 14, 20, 21, 25, 26, 36, 45
22: 3, 15, 23, 24, 27, 28, 33, 34, 35, 45
23: 3, 14, 19, 20, 36, 45, 50, 51
24: 4, 13, 21, 22, 24, 25, 32, 33, 35, 36, 37, 45
25: 5, 13, 36, 37, 38, 44
26: 1, 2, 4, 11, 34, 35, 36, 37, 38, 45
27: 5, 11, 35, 36, 37, 45, 48, 49
28: 4, 10, 32, 33, 36, 37, 38, 39, 40, 46, 50, 51
29: 4, 11, 34, 35, 36, 37, 38, 40, 41, 47
30: 1, 2, 5, 10, 33, 34, 36, 37, 38, 39, 40, 47
31: 3, 10, 31, 32, 34, 35, 36, 37, 38, 39, 40, 47, 49, 50
32: 3, 10, 34, 35, 36, 37, 38, 39, 40, 46
33: 3, 7, 32, 33, 36, 37, 38, 39, 40, 41, 42, 47
34: 2, 3, 30, 31, 33, 34, 35, 36, 38, 39, 40, 41, 42, 43, 44, 45, 46, 48, 50, 51
35: 28, 29, 32, 33, 34, 35, 36, 37, 38, 39, 40, 41, 42, 43, 45, 46, 47, 49
36: 30, 31, 32, 33, 34, 35, 36, 37, 42, 43, 44, 45, 46, 47
37: 29, 30, 31, 32, 33, 34, 35, 36, 37, 38, 39, 40, 41, 42, 44, 45, 48, 49, 50, 51
38: 29, 30, 31, 34, 35, 36, 40, 41, 43, 44, 46, 47
