0: 0, 9, 20, 22, 33, 52
1: 0, 10, 34, 52
2: 0, 10, 34, 52
3: 0, 10, 34, 52
4: 0, 11, 35, 52
5: 0, 10, 35, 52
6: 0, 11, 21, 22, 35, 52
7: 0, 11, 35, 52
8: 0, 10, 21, 22, 35, 52
9: 0, 11, 21, 22, 35, 52
10: 0, 11, 35, 52
11: 0, 10, 35, 52
12: 0, 11, 35, 36, 37, 52
13: 0, 11, 38, 52
14: 0, 10, 25, 26, 39, 52
15: 0, 11, 23, 34, 39, 52
16: 0, 11, 22, 34, 40, 52
17: 0, 10, 21, 34, 39, 52
18: 0, 10, 19, 35, 38, 52
19: 0, 9, 19, 52
20: 0, 8, 9, 10, 19, 52
21: 0, 7, 20, 52
22: 0, 7, 19, 52
23: 0, 7, 19, 52
24: 0, 7, 20, 52
25: 0, 7, 21, 52
26: 0, 7, 20, 52
27: 0, 7, 22, 52
28: 0, 7, 23, 52
29: 0, 7, 23, 52
30: 0, 8, 22, 52
31: 0, 8, 23, 52
32: 0, 8, 22, 52
33: 0, 9, 21, 52
34: 0, 9, 20, 52
35: 0, 10, 20, 52
36: 0, 10, 18, 52
37: 0, 14, 18, 52
38: 0, 15, 16, 52
