0: 
1: 
2: 
3: 
4: 
5: 49, 50, 51, 52
6: 48, 52
7: 48, 52
8: 47, 52
9: 48, 52
10: 47, 52
11: 47, 52
12: 48, 52
13: 0, 1, 47, 52
14: 0, 1, 47, 52
15: 0, 1, 47, 52
16: 0, 1, 47, 52
17: 0, 2, 46, 52
18: 0, 1, 46, 52
19: 0, 2, 45, 52
20: 0, 2, 44, 52
21: 0, 2, 43, 52
22: 0, 2, 41, 52
23: 0, 2, 39, 52
24: 0, 3, 40, 52
25: 0, 2, 40, 52
26: 0, 2, 14, 15, 41, 52
27: 0, 2, 15, 16, 37, 38, 39, 52
28: 0, 3, 15, 16, 38, 52
29: 0, 2, 38, 52
30: 0, 3, 38, 52
31: 0, 3, 39, 52
32: 0, 3, 39, 52
33: 0, 3, 39, 52
34: 0, 3, 39, 52
35: 0, 3, 40, 52
36: 0, 4, 39, 52
37: 0, 4, 40, 52
38: 0, 5, 40, 52
