0: 0, 13, 39, 52
1: 0, 13, 40, 52
2: 0, 11, 41, 52
3: 0, 11, 42, 52
4: 0, 10, 42, 52
5: 0, 8, 41, 52
6: 0, 7, 42, 52
7: 0, 6, 42, 52
8: 0, 5, 43, 52
9: 0, 4, 45, 52
10: 0, 4, 45, 52
11: 0, 8, 44, 52
12: 0, 9, 44, 52
13: 0, 9, 42, 52
14: 0, 10, 42, 52
15: 0, 11, 41, 52
16: 0, 11, 40, 52
17: 0, 13, 41, 52
18: 0, 13, 42, 52
19: 0, 12, 42, 52
20: 0, 11, 41, 52
21: 0, 12, 40, 52
22: 0, 12, 39, 52
23: 0, 14, 39, 52
24: 0, 14, 37, 52
25: 0, 15, 35, 36, 37, 52
26: 0, 15, 34, 52
27: 0, 16, 32, 52
28: 0, 15, 32, 52
29: 0, 16, 33, 52
30: 0, 19, 31, 33, 34, 52
31: 0, 19, 32, 52
32: 0, 16, 32, 34, 35, 52
33: 0, 14, 33, 34, 36, 52
34: 0, 14, 34, 35, 36, 52
35: 0, 13, 34, 35, 37, 52
36: 0, 11, 35, 36, 37, 52
37: 0, 10, 36, 52
38: 0, 10, 39, 52
