0: 21, 34
1: 22, 33
2: 23, 34
3: 23, 34
4: 23, 34, 47, 48
5: 23, 34
6: 24, 34
7: 23, 34
8: 24, 34
9: 23, 34
10: 23, 34
11: 23, 33
12: 23, 34
13: 23, 33, 47, 48
14: 23, 34
15: 23, 33
16: 23, 33
17: 24, 33, 40, 41, 49, 50
18: 24, 33, 43, 44
19: 24, 33
20: 25, 33
21: 26, 33, 46, 47
22: 25, 33, 41, 42, 48, 49
23: 25, 33
24: 24, 33, 50, 51
25: 23, 33, 44, 45
26: 23, 32, 37, 38, 46, 47
27: 22, 33, 41, 42, 49, 50
28: 23, 32
29: 23, 31, 44, 45, 47, 48
30: 24, 31, 39, 40, 50, 51
31: 27, 28, 34, 35
32: 42, 43, 47, 48
33: 44, 45, 49, 50
34: 37, 38
35: 39, 40, 47, 48, 50, 51
36: 42, 43, 45, 46
37: 49, 50
38: 
