0: 3, 17, 21, 22, 25, 29, 44, 52
1: 2, 15, 22, 23, 25, 29, 45, 52
2: 3, 14, 25, 29, 44, 52
3: 2, 14, 25, 29, 45, 52
4: 3, 14, 25, 28, 44, 52
5: 10, 13, 25, 27, 44, 52
6: 12, 14, 25, 27, 44, 52
7: 26, 27, 44, 52
8: 44, 52
9: 44, 52
10: 44, 52
11: 23, 24, 43, 52
12: 22, 24, 43, 52
13: 21, 24, 44, 52
14: 14, 16, 21, 24, 26, 30, 43, 52
15: 12, 14, 20, 24, 26, 30, 44, 52
16: 17, 24, 26, 31, 44, 52
17: 9, 10, 16, 24, 26, 31, 44, 52
18: 7, 10, 12, 13, 16, 24, 26, 32, 44, 52
19: 6, 10, 12, 24, 26, 31, 45, 52
20: 5, 10, 11, 24, 26, 30, 44, 52
21: 4, 24, 26, 30, 44, 52
22: 3, 24, 26, 30, 44, 52
23: 3, 13, 16, 25, 26, 30, 44, 52
24: 3, 14, 16, 24, 26, 30, 44, 52
25: 3, 25, 26, 29, 44, 52
26: 4, 24, 26, 29, 43, 52
27: 5, 25, 27, 29, 43, 52
28: 4, 5, 6, 24, 26, 29, 42, 52
29: 7, 25, 26, 30, 42, 52
30: 5, 6, 7, 31, 41, 52
31: 4, 33, 39, 52
32: 8, 52
33: 5, 6, 7, 52
34: 4, 52
35: 4, 52
36: 3, 52
37: 2, 52
38: 3, 52
