0: 0, 11, 21, 23, 33, 52
1: 0, 11, 21, 23, 34, 52
2: 0, 12, 34, 52
3: 0, 12, 35, 52
4: 0, 12, 22, 23, 35, 52
5: 0, 12, 35, 52
6: 0, 13, 22, 23, 36, 52
7: 0, 12, 22, 23, 35, 52
8: 0, 13, 22, 23, 36, 52
9: 0, 12, 22, 23, 36, 52
10: 0, 13, 36, 52
11: 0, 12, 35, 52
12: 0, 13, 36, 52
13: 0, 12, 38, 52
14: 0, 13, 26, 27, 39, 52
15: 0, 12, 24, 35, 39, 52
16: 0, 13, 23, 34, 40, 52
17: 0, 12, 22, 35, 39, 52
18: 0, 11, 20, 35, 39, 52
19: 0, 9, 10, 11, 20, 52
20: 0, 9, 20, 52
21: 0, 9, 21, 52
22: 0, 9, 20, 52
23: 0, 9, 21, 52
24: 0, 9, 22, 52
25: 0, 9, 21, 52
26: 0, 9, 23, 52
27: 0, 9, 23, 52
28: 0, 10, 24, 52
29: 0, 9, 24, 52
30: 0, 10, 24, 52
31: 0, 10, 23, 52
32: 0, 11, 22, 52
33: 0, 11, 21, 52
34: 0, 11, 21, 52
35: 0, 13, 19, 52
36: 0, 16, 19, 52
37: 0, 52
38: 0, 52
