0: 9, 10, 12, 13, 39, 40, 41, 43
1: 8, 13, 14, 15, 38, 40, 41, 43
2: 6, 16, 38, 43
3: 3, 17, 36, 46
4: 2, 18, 35, 48
5: 3, 17, 36, 50
6: 3, 18, 35, 51
7: 4, 17, 35, 51
8: 4, 17, 36, 51
9: 5, 17, 35, 50
10: 6, 17, 35, 50
11: 6, 16, 36, 50
12: 5, 6, 7, 16, 36, 49
13: 5, 6, 7, 16, 36, 48
14: 5, 7, 8, 15, 36, 47
15: 2, 3, 6, 7, 8, 15, 36, 46
16: 1, 5, 6, 7, 9, 15, 37, 46
17: 1, 5, 6, 8, 9, 15, 36, 45, 48, 50
18: 2, 8, 9, 14, 37, 43, 44, 45, 48, 51
19: 1, 8, 9, 15, 37, 42, 43, 45, 48, 51
20: 2, 14, 37, 42, 43, 45, 47, 51
21: 2, 14, 37, 44, 47, 52
22: 3, 14, 37, 44, 47, 52
23: 3, 15, 37, 44, 46, 52
24: 4, 14, 37, 43, 45, 50
25: 5, 13, 37, 49
26: 5, 12, 39, 48
27: 5, 11, 39, 47
28: 5, 11, 40, 47
29: 5, 11, 41, 46
30: 5, 11, 40, 47
31: 3, 11, 40, 46
32: 4, 10, 41, 46
33: 4, 7, 41, 46
34: 3, 4, 46, 48
35: 47, 48
36: 
37: 
38: 
