0: 0, 20, 35, 52
1: 0, 20, 35, 52
2: 0, 20, 35, 52
3: 0, 19, 36, 52
4: 0, 20, 35, 52
5: 0, 20, 36, 52
6: 0, 18, 19, 20, 35, 52
7: 0, 18, 19, 20, 36, 52
8: 0, 18, 36, 52
9: 0, 18, 36, 52
10: 0, 18, 35, 52
11: 0, 17, 36, 52
12: 0, 17, 35, 52
13: 0, 16, 36, 52
14: 0, 15, 16, 17, 35, 52
15: 0, 15, 36, 52
16: 0, 15, 36, 52
17: 0, 15, 36, 52
18: 0, 14, 36, 52
19: 0, 14, 36, 52
20: 0, 14, 36, 52
21: 0, 14, 36, 52
22: 0, 14, 36, 52
23: 0, 13, 36, 52
24: 0, 13, 36, 52
25: 0, 11, 12, 14, 35, 52
26: 0, 11, 35, 52
27: 0, 10, 35, 52
28: 0, 10, 34, 52
29: 0, 9, 34, 52
30: 0, 10, 33, 52
31: 0, 10, 33, 52
32: 0, 11, 32, 52
33: 0, 11, 32, 52
34: 0, 11, 32, 52
35: 0, 11, 31, 52
36: 0, 12, 31, 52
37: 0, 12, 30, 52
38: 0, 12, 31, 52
