0: 19, 33
1: 19, 33
2: 6, 10, 20, 32, 41, 45
3: 5, 12, 20, 32, 40, 44, 45, 46
4: 9, 14, 21, 31, 38, 42
5: 9, 16, 21, 31, 36, 43
6: 13, 18, 21, 31, 34, 39, 40, 41
7: 15, 19, 21, 31, 33, 37
8: 16, 20, 21, 30, 31, 36
9: 17, 35
10: 10, 12, 15, 16, 18, 33, 36, 37, 40, 41
11: 2, 3, 11, 12, 15, 16, 18, 33, 36, 37, 40, 41, 49, 50
12: 2, 3, 6, 7, 10, 12, 14, 17, 19, 33, 35, 37, 40, 42, 45, 46, 49, 50
13: 2, 4, 6, 8, 10, 12, 15, 17, 19, 33, 35, 38, 39, 41, 44, 46, 48, 50, 51, 52
14: 1, 4, 6, 8, 10, 13, 14, 17, 18, 33, 34, 37, 39, 42, 44, 46, 48, 50
15: 2, 4, 6, 8, 10, 13, 15, 17, 19, 33, 35, 37, 39, 42, 44, 46, 48, 50
16: 1, 4, 5, 8, 11, 12, 13, 14, 15, 17, 18, 33, 35, 37, 39, 41, 44, 46, 47, 50
17: 0, 4, 6, 8, 10, 13, 14, 41, 43, 46, 48, 52
18: 1, 3, 6, 8, 9, 11, 20, 32, 41, 43, 44, 46, 49, 52
19: 2, 4, 6, 9, 21, 31, 43, 46, 48, 50
20: 3, 7, 21, 31, 45, 49
21: 4, 5, 23, 28, 34, 35, 47, 48
22: 24, 28, 33, 36
23: 24, 27, 28, 29, 33, 36
24: 21, 30, 33, 36
25: 20, 31, 32, 36
26: 20, 32, 33, 36
27: 19, 32, 33, 36
28: 18, 32, 33, 36
29: 18, 36
30: 19, 35
31: 20, 36
32: 19, 36
33: 20, 36
34: 20, 32, 33, 35
35: 20, 31
36: 21, 30
37: 23, 24, 25, 26, 27, 28
38: 
