0: 0, 2, 19, 30, 48, 52
1: 0, 2, 20, 31, 48, 50
2: 0, 2, 20, 30, 47, 49
3: 0, 2, 21, 30, 46, 49
4: 0, 2, 21, 30, 46, 48
5: 0, 2, 22, 30, 45, 47
6: 0, 2, 22, 30, 45, 47
7: 0, 1, 23, 29, 44, 46
8: 0, 2, 23, 30, 43, 46
9: 0, 2, 24, 29, 31, 32, 34, 38, 42, 44
10: 0, 1, 23, 39, 41, 44
11: 0, 2, 23, 40, 41, 43
12: 0, 2, 23, 33, 34, 42
13: 0, 1, 23, 34, 37, 41
14: 0, 2, 23, 34, 36, 41
15: 0, 2, 23, 34, 35, 39
16: 0, 2, 23, 37
17: 0, 2, 23, 35
18: 0, 2, 22, 34
19: 0, 3, 4, 5, 22, 33
20: 0, 6, 22, 29
21: 0, 8, 19, 28
22: 5, 28
23: 8, 29
24: 19, 29
25: 20, 29
26: 19, 30
27: 19, 30
28: 20, 30
29: 20, 31
30: 20, 30
31: 20, 30
32: 21, 31
33: 22, 28, 30, 31
34: 24, 27
35: 
36: 
37: 
38: 
