0: 37, 51
1: 37, 50
2: 38, 50
3: 38, 50
4: 39, 49
5: 39, 48
6: 28, 29, 40, 48, 51, 52
7: 40, 47, 50, 52
8: 39, 47, 48, 52
9: 39, 52
10: 39, 50
11: 39, 50
12: 20, 21, 39, 49
13: 19, 22, 39, 49
14: 22, 23, 38, 48
15: 13, 14, 15, 16, 22, 23, 38, 48
16: 1, 11, 12, 17, 18, 20, 21, 22, 37, 47
17: 0, 22, 30, 31, 32, 47
18: 0, 11, 12, 13, 14, 46
19: 4, 5, 6, 7, 18, 45
20: 4, 5, 20, 25, 26, 28, 29, 30, 31, 32, 33, 34, 39, 44
21: 38, 45
22: 38, 46
23: 37, 46, 47, 48
24: 36, 45
25: 35, 45
26: 35, 45
27: 35, 45
28: 36, 44
29: 36, 44
30: 38, 42
31: 
32: 
33: 
34: 
35: 
36: 
37: 
38: 
