0: 28, 42
1: 27, 44
2: 26, 45
3: 26, 46
4: 25, 46
5: 25, 30, 31, 47
6: 32, 47
7: 31, 46
8: 31, 46
9: 31, 44
10: 30, 44
11: 30, 44
12: 30, 45
13: 29, 45
14: 29, 46
15: 28, 46
16: 29, 48
17: 29, 42, 43, 48
18: 30, 42, 43, 48
19: 30, 31, 33, 40, 44, 48
20: 29, 38, 45, 49
21: 30, 40, 45, 48
22: 29, 41, 44, 48
23: 28, 41, 44, 49
24: 26, 42, 44, 48
25: 26, 41, 45, 48
26: 25, 41, 44, 47
27: 26, 41, 44, 47
28: 26, 41, 43, 45
29: 27, 40, 44, 47
30: 26, 40, 44, 46
31: 26, 39, 44, 45
32: 26, 38, 44, 45
33: 26, 36, 44, 45
34: 28, 29, 30, 32, 44, 45
35: 44, 45
36: 43, 45
37: 44, 45
38: 
