0: 0, 52
1: 0, 52
2: 0, 52
3: 0, 16, 17, 52
4: 0, 13, 18, 52
5: 0, 12, 19, 52
6: 0, 12, 20, 52
7: 0, 11, 20, 52
8: 0, 11, 20, 52
9: 0, 11, 20, 52
10: 0, 12, 19, 52
11: 0, 13, 18, 52
12: 0, 14, 15, 16, 17, 38, 39, 40, 41, 52
13: 0, 34, 44, 52
14: 0, 31, 47, 52
15: 0, 30, 48, 52
16: 0, 29, 50, 52
17: 0, 27, 51, 52
18: 0, 27
19: 0, 26
20: 1, 25
21: 2, 24
22: 3, 23
23: 4, 22
24: 6, 19
25: 8, 9, 10, 16, 17, 18
26: 
27: 36, 37
28: 34, 39
29: 33, 40
30: 33, 40
31: 32, 40
32: 33, 40
33: 33, 39
34: 34, 39
35: 
36: 
37: 
38: 
