0: 0, 29, 46, 52
1: 0, 30, 45, 52
2: 0, 30, 44, 52
3: 0, 31, 44, 52
4: 0, 31, 43, 52
5: 0, 31, 43, 52
6: 0, 32, 42, 52
7: 0, 32, 41, 52
8: 0, 32, 39, 52
9: 0, 32, 44, 52
10: 0, 32, 46, 52
11: 0, 27, 29, 31, 47, 52
12: 0, 24, 47, 52
13: 0, 22, 48, 52
14: 0, 20, 48, 52
15: 0, 19, 26, 28, 48, 52
16: 0, 20, 24, 28, 47, 52
17: 0, 19, 46, 52
18: 0, 16, 45, 52
19: 0, 15, 22, 23, 44, 52
20: 0, 14, 19, 26, 27, 28, 42, 52
21: 0, 13, 16, 31, 42, 52
22: 0, 12, 15, 28, 40, 52
23: 0, 10, 14, 28, 39, 52
24: 0, 11, 13, 27, 38, 52
25: 0, 27, 39, 52
26: 0, 26, 40, 52
27: 0, 26, 39, 52
28: 0, 25, 38, 52
29: 0, 25, 37, 52
30: 0, 25, 36, 52
31: 0, 27, 35, 52
32: 0, 27, 35, 52
33: 0, 28, 33, 52
34: 0, 52
35: 0, 52
36: 0, 52
37: 0, 52
38: 0, 52
