0: 26, 42, 47, 49
1: 27, 41, 44, 49
2: 21, 27, 28, 40, 41, 46
3: 24, 43
4: 24, 25, 28, 40
5: 30, 39
6: 31, 39
7: 29, 42
8: 27, 31, 33, 45
9: 25, 27, 34, 39, 43, 47
10: 0, 1, 24, 25, 33, 39, 45, 46
11: 33, 39
12: 33, 39
13: 0, 1, 33, 39
14: 34, 38
15: 33, 39
16: 0, 1, 32, 39
17: 0, 2, 33, 40
18: 0, 1, 33, 39
19: 32, 39
20: 30, 39
21: 7, 38
22: 12, 13, 15, 16, 17, 18, 19, 20, 21, 22, 23, 24, 25, 26, 27, 30, 31, 39
23: 32, 38
24: 34, 38
25: 
26: 
27: 
28: 43, 47, 48, 49
29: 41, 44, 45, 52
30: 40, 41, 44, 52
31: 40, 41, 44, 52
32: 43, 52
33: 44, 52
34: 44, 51
35: 45, 51
36: 46, 50
37: 
38: 
