0: 19, 33
1: 19, 33
2: 5, 10, 20, 32, 41, 46
3: 4, 5, 6, 13, 20, 32, 40, 44, 45, 46
4: 9, 15, 21, 31, 37, 42
5: 8, 11, 12, 16, 21, 31, 36, 43
6: 13, 18, 21, 31, 34, 39, 40, 41
7: 15, 19, 21, 31, 33, 37
8: 16, 20, 21, 30, 31, 36
9: 11, 12, 15, 16, 17, 34, 36, 37
10: 11, 12, 15, 16, 18, 34, 36, 37, 40, 41
11: 3, 4, 7, 8, 11, 12, 15, 16, 18, 33, 35, 37, 40, 41, 48, 49
12: 2, 4, 7, 8, 10, 12, 15, 17, 19, 33, 35, 37, 39, 41, 44, 45, 48, 49, 51, 52
13: 2, 4, 6, 8, 10, 13, 14, 17, 19, 33, 35, 37, 39, 42, 44, 45, 48, 50
14: 2, 4, 6, 8, 10, 13, 14, 17, 18, 33, 35, 38, 39, 42, 44, 46, 48, 50
15: 1, 4, 6, 8, 10, 12, 15, 17, 19, 33, 35, 37, 40, 42, 44, 46, 48, 50
16: 2, 4, 5, 8, 11, 13, 14, 17, 18, 34, 35, 37, 39, 41, 43, 46, 47, 51
17: 0, 4, 6, 8, 10, 13, 14, 15, 16, 42, 44, 46, 48, 50, 51, 52
18: 0, 3, 6, 8, 9, 10, 20, 32, 41, 43, 44, 46, 49, 52
19: 2, 3, 5, 9, 21, 31, 43, 46, 49, 51
20: 2, 6, 21, 31, 45, 50
21: 23, 28, 34, 35, 47, 48
22: 24, 28, 33, 36
23: 24, 27, 28, 29, 33, 36
24: 21, 30, 33, 36
25: 20, 31, 32, 37
26: 20, 32, 33, 36
27: 19, 32, 33, 36
28: 17, 32, 33, 36
29: 18, 36
30: 19, 36
31: 19, 36
32: 20, 36
33: 19, 36
34: 20, 33, 34, 35
35: 20, 31
36: 21, 31
37: 22, 23, 24, 26, 27, 28
38: 
