0: 0, 27, 43, 52
1: 0, 27, 44, 52
2: 0, 27, 44, 52
3: 0, 27, 44, 52
4: 0, 28, 39, 40, 44, 52
5: 0, 28, 38, 39, 43, 52
6: 0, 29, 37, 39, 43, 52
7: 0, 28, 42, 52
8: 0, 28, 44, 52
9: 0, 28, 44, 52
10: 0, 28, 45, 52
11: 0, 28, 45, 52
12: 0, 27, 45, 52
13: 0, 22, 25, 27, 45, 52
14: 0, 21, 25, 26, 44, 52
15: 0, 21, 44, 52
16: 0, 20, 43, 52
17: 0, 20, 23, 24, 42, 52
18: 0, 20, 23, 25, 41, 52
19: 0, 17, 18, 19, 22, 26, 40, 52
20: 0, 17, 21, 27, 40, 52
21: 0, 17, 20, 28, 39, 52
22: 0, 26, 39, 52
23: 0, 25, 37, 52
24: 0, 24, 36, 52
25: 0, 24, 35, 52
26: 0, 24, 38, 52
27: 0, 23, 40, 52
28: 0, 23, 38, 52
29: 0, 23, 37, 52
30: 0, 22, 35, 52
31: 0, 24, 33, 52
32: 0, 25, 32, 52
33: 0, 26, 31, 52
34: 0, 52
35: 0, 52
36: 0, 52
37: 0, 52
38: 0, 52
