0: 1, 5, 10, 11, 21, 33, 42, 49
1: 2, 5, 10, 11, 20, 32, 42, 48
2: 0, 1, 4, 5, 19, 31, 42, 47
3: 0, 2, 18, 29, 43, 44, 45, 46
4: 0, 3, 17, 28
5: 0, 1, 15, 29
6: 14, 29
7: 16, 31
8: 18, 32
9: 3, 4, 19, 32
10: 1, 3, 19, 31
11: 0, 3, 20, 30
12: 0, 3, 9, 11, 21, 30
13: 0, 2, 9, 12, 21, 30
14: 0, 3, 8, 14, 22, 29, 50, 52
15: 0, 3, 8, 16, 22, 29, 34, 37, 50, 52
16: 0, 3, 7, 20, 23, 38, 44, 46, 49, 52
17: 0, 3, 6, 38, 42, 47, 48, 52
18: 0, 4, 6, 39, 41, 52
19: 0, 52
20: 0, 52
21: 0, 52
22: 0, 5, 8, 38, 42, 43, 44, 52
23: 0, 5, 9, 12, 16, 33, 34, 38, 46, 52
24: 2, 3, 10, 11, 16, 32, 36, 37, 48, 52
25: 16, 30, 36, 37, 49, 52
26: 15, 29, 36, 37, 50, 52
27: 15, 28, 51, 52
28: 15, 27
29: 15, 27
30: 17, 26
31: 18, 26
32: 18, 26
33: 17, 25, 50, 52
34: 16, 25, 48, 52
35: 15, 25, 46, 52
36: 14, 28, 45, 52
37: 16, 32, 44, 52
38: 16, 34, 42, 52
