0: 29, 30, 32, 34
1: 28, 29, 32, 33
2: 28, 29, 31, 33
3: 25, 26, 28, 29, 31, 32
4: 25, 27, 28, 29, 31, 32
5: 24, 28, 30, 31
6: 20, 29, 30, 31
7: 19, 31
8: 18, 31
9: 17, 31
10: 18, 32
11: 17, 31
12: 17, 31
13: 17, 30
14: 17, 30
15: 17, 29
16: 18, 28
17: 19, 29
18: 22, 30
19: 23, 29
20: 1, 2, 3, 4, 5, 6, 7, 8, 9, 10, 11, 12, 13, 14, 15, 16, 17, 18, 19, 20, 21, 29, 30, 31, 32, 33, 34, 35, 37, 38, 39, 40, 41, 42, 43, 44, 45, 46, 47, 48, 49, 50, 51, 52
21: 0, 1, 2, 3, 4, 5, 6, 7, 8, 9, 10, 11, 12, 13, 14, 15, 16, 17, 18, 19, 20, 21, 22, 31, 33, 34, 35, 37, 38, 39, 40, 41, 42, 43, 44, 45, 46, 47, 48, 49, 50, 51
22: 23, 30, 32, 33
23: 22, 23, 24, 35
24: 22, 23, 24, 36
25: 22, 36
26: 21, 22, 24, 36
27: 21, 22, 26, 35
28: 21, 22
29: 21, 22
30: 20, 21
31: 20, 21
32: 20, 21
33: 20, 21
34: 19, 20
35: 19, 20
36: 19, 20
37: 18, 19
38: 18, 19
