0: 
1: 
2: 
3: 
4: 
5: 
6: 
7: 
8: 
9: 
10: 
11: 33, 34, 45, 46
12: 31, 34, 41, 42, 43, 47
13: 27, 28, 31, 33, 37, 49
14: 18, 19, 20, 21, 26, 49
15: 13, 15, 16, 20, 21, 22, 23, 49
16: 11, 47
17: 10, 12, 13, 14, 25, 26, 28, 38, 39, 47
18: 26, 27, 28, 35, 37, 39, 41, 42, 43, 44
19: 26, 27, 29, 38
20: 26, 34
21: 26, 31, 32, 35
22: 26, 31, 33, 34
23: 25, 26, 27, 33
24: 24, 26, 27, 36
25: 26, 35
26: 25, 33
27: 24, 30
28: 23, 30, 32, 33
29: 22, 25, 26, 32
30: 23, 25, 27, 30
31: 
32: 
33: 
34: 
35: 
36: 
37: 
38: 
