0: 5, 8, 19, 36
1: 5, 9, 20, 36
2: 5, 8, 21, 35
3: 5, 9, 21, 36
4: 4, 8, 22, 36
5: 3, 8, 23, 36
6: 3, 7, 24, 35
7: 3, 7, 24, 34
8: 2, 7, 25, 33
9: 2, 6, 26, 33
10: 2, 6, 26, 33
11: 1, 6, 26, 33
12: 1, 6, 24, 32
13: 1, 6, 23, 33, 34, 36
14: 1, 6, 23, 25, 26, 38
15: 1, 5, 22, 25, 26, 41
16: 1, 6, 23, 34, 36, 42
17: 1, 6, 24, 34, 39, 43, 47, 48, 49, 52
18: 1, 6, 24, 33, 40, 51
19: 1, 6, 24, 33, 37, 38, 39, 45
20: 1, 6, 24, 32, 33, 39, 40, 42
21: 1, 6, 21, 34
22: 1, 7, 22, 32
23: 1, 7, 21, 29
24: 1, 7, 17, 29
25: 2, 7, 14, 18, 20, 30
26: 2, 8, 11, 14, 20, 30
27: 2, 11, 21, 30
28: 3, 9, 21, 30
29: 2, 6, 21, 31
30: 2, 3, 22, 31
31: 23, 30
32: 25, 29
33: 
34: 
35: 
36: 
37: 
38: 
