0: 16, 19, 20, 33
1: 16, 18, 21, 32
2: 16, 19, 21, 33
3: 17, 20, 21, 33
4: 18, 32
5: 19, 32
6: 20, 32
7: 21, 32
8: 0, 1, 22, 32
9: 0, 3, 22, 33
10: 0, 4, 20, 21, 22, 29, 30, 32
11: 0, 6, 16, 18, 21, 28, 30, 33
12: 1, 8, 17, 19, 21, 28, 29, 32
13: 2, 8, 17, 20, 21, 33, 35, 36, 51, 52
14: 4, 9, 12, 13, 18, 33, 35, 36, 50, 52
15: 5, 11, 13, 15, 18, 32, 34, 36, 39, 40, 48, 52
16: 6, 17, 19, 35, 37, 40, 46, 52
17: 8, 17, 20, 32, 33, 39, 45, 51
18: 9, 13, 14, 18, 19, 35, 36, 39, 41, 43, 44, 49
19: 10, 13, 15, 20, 22, 30, 32, 34, 35, 37, 40, 47
20: 11, 13, 16, 19, 23, 29, 36, 46
21: 12, 17, 23, 29, 38, 41, 42, 44
22: 13, 16, 24, 29, 39, 44
23: 23, 28, 41, 42
24: 21, 29
25: 21, 30
26: 19, 31
27: 16, 31
28: 17, 32
29: 18, 31
30: 18, 32
31: 19, 32
32: 18, 32
33: 19, 31
34: 19, 31
35: 21, 30
36: 23, 24, 25, 26
37: 
38: 
