0: 0, 18, 43, 52
1: 0, 18, 42, 52
2: 0, 18, 42, 52
3: 0, 19, 42, 52
4: 0, 18, 43, 52
5: 0, 18, 41, 42, 44, 52
6: 0, 19, 41, 52
7: 0, 17, 40, 52
8: 0, 15, 26, 27, 41, 52
9: 0, 15, 24, 27, 40, 52
10: 0, 14, 21, 28, 40, 52
11: 0, 14, 20, 28, 41, 52
12: 0, 14, 20, 30, 40, 52
13: 0, 15, 20, 31, 41, 52
14: 0, 17, 19, 30, 40, 42, 43, 52
15: 0, 30, 43, 52
16: 0, 30, 43, 52
17: 0, 30, 32, 33, 43, 52
18: 0, 30, 43, 52
19: 0, 29, 43, 52
20: 0, 28, 43, 52
21: 0, 28, 43, 52
22: 0, 28, 43, 52
23: 0, 26, 43, 52
24: 0, 26, 43, 52
25: 0, 25, 43, 52
26: 0, 25, 42, 52
27: 0, 26, 42, 52
28: 0, 26, 42, 52
29: 0, 26, 41, 52
30: 0, 27, 41, 52
31: 0, 28, 41, 52
32: 0, 29, 40, 52
33: 0, 30, 39, 52
34: 0, 29, 35, 36, 37, 52
35: 0, 30, 33, 52
36: 0, 52
37: 0, 52
38: 0, 52
