0: 40, 44, 45, 52
1: 37, 38, 40, 43, 44, 52
2: 27, 28, 32, 33, 39, 43, 44, 52
3: 34, 35, 39, 42, 43, 52
4: 38, 42, 43, 52
5: 30, 31, 37, 42, 43, 52
6: 38, 41, 42, 43, 45, 52
7: 32, 33, 35, 36, 37, 52
8: 38, 52
9: 30, 31, 38, 39, 40, 52
10: 34, 35, 39, 52
11: 40, 52
12: 32, 33, 36, 37, 40, 52
13: 38, 39, 41, 52
14: 43, 52
15: 34, 35, 40, 41, 46, 52
16: 36, 37, 45, 52
17: 46, 52
18: 38, 39, 41, 42, 45, 52
19: 34, 35, 46, 52
20: 45, 52
21: 38, 39, 41, 42, 46, 52
22: 35, 36, 45, 52
23: 45, 52
24: 31, 32, 43, 44, 45, 52
25: 36, 37, 39, 52
26: 41, 52
27: 32, 33, 42, 52
28: 35, 36, 38, 39, 42, 52
29: 40, 41, 42, 52
30: 41, 52
31: 43, 46, 47, 52
32: 43, 45, 50, 51
33: 
34: 
35: 
36: 
37: 
38: 
