0: 9, 13, 25, 36
1: 8, 12, 25, 36
2: 7, 12, 26, 36
3: 7, 12, 26, 36
4: 7, 11, 26, 35, 51, 52
5: 6, 11, 27, 36, 50, 52
6: 6, 11, 27, 35, 50, 52
7: 6, 11, 28, 35, 49, 51
8: 5, 11, 28, 35, 49, 51
9: 5, 10, 29, 34, 48, 50
10: 5, 11, 29, 36, 48, 50
11: 5, 10, 29, 38, 47, 49
12: 5, 10, 29, 41, 46, 49
13: 5, 11, 29, 44, 46, 48
14: 4, 10, 29, 44, 45, 47
15: 5, 10, 29, 39, 40, 46
16: 4, 11, 29, 39, 41, 46
17: 4, 10, 29, 39, 41, 45
18: 5, 10, 29, 43, 44, 45
19: 4, 11, 29, 35, 36, 42
20: 4, 10, 29, 34, 35, 40
21: 5, 11, 29, 39
22: 4, 11, 27, 37
23: 5, 13, 26, 35
24: 3, 16, 25, 36
25: 3, 7, 8, 9, 10, 11, 13, 36
26: 3, 5, 16, 25, 26, 36
27: 27, 37
28: 28, 37
29: 27, 37
30: 28, 36
31: 28, 37
32: 29, 35, 36, 38
33: 31, 34
34: 
35: 
36: 
37: 
38: 
