0: 15, 29
1: 14, 29
2: 12, 28
3: 11, 29
4: 9, 28
5: 9, 28
6: 10, 28
7: 10, 28
8: 13, 27
9: 1, 2, 15, 28
10: 18, 27
11: 19, 27
12: 20, 27
13: 21, 27, 29, 31
14: 22, 27, 28, 29, 30, 31, 50, 51
15: 22, 29
16: 21, 29
17: 22, 26, 27, 29
18: 21, 27, 29, 30
19: 21, 28, 29, 30
20: 21, 28
21: 20, 30
22: 20, 26, 27, 31
23: 21, 25, 28, 30
24: 19, 24, 30, 31
25: 18, 25, 30, 31, 32, 33, 34, 37, 38, 39
26: 19, 25, 27, 42
27: 20, 43
28: 20, 43
29: 20, 43
30: 20, 42
31: 19, 41
32: 20, 41
33: 21, 40
34: 22, 38
35: 23, 36
36: 26, 35
37: 12, 13
38: 
