0: 0, 9, 10, 11, 12, 13, 14, 15, 16, 52
1: 0, 8, 15, 52
2: 0, 6, 9, 10, 11, 12, 13, 46, 47, 50, 51, 52
3: 0, 5, 6, 7, 8, 9, 13, 44, 45, 48, 49, 50
4: 0, 4, 11, 12, 15, 43, 44, 45, 47, 48, 50, 52
5: 0, 2, 3, 4, 5, 6, 7, 8, 9, 12, 13, 14, 16, 44, 46, 47, 49, 52
6: 0, 2, 8, 9, 10, 11, 12, 13, 15, 16, 17, 18, 19, 44, 48, 52
7: 0, 4, 6, 11, 18, 34, 35, 41, 44, 45, 47, 52
8: 0, 13, 17, 28, 33, 40, 42, 43, 46, 47, 48, 52
9: 0, 13, 16, 28, 29, 30, 31, 32, 33, 40, 41, 44, 46, 52
10: 0, 14, 15, 27, 31, 40, 41, 45, 46, 52
11: 0, 12, 15, 27, 33, 40, 42, 45, 46, 52
12: 0, 11, 14, 27, 28, 30, 31, 41, 42, 45, 46, 52
13: 0, 11, 14, 27, 28, 30, 31, 41, 43, 45, 47, 52
14: 0, 11, 17, 28, 29, 30, 31, 42, 43, 45, 46, 52
15: 0, 12, 18, 27, 31, 42, 48, 52
16: 0, 9, 18, 26, 32, 41, 48, 52
17: 0, 8, 17, 26, 33, 41, 48, 52
18: 0, 5, 16, 27, 32, 42, 48, 52
19: 0, 4, 16, 27, 32, 43, 48, 52
20: 0, 1, 9, 12, 15, 27, 31, 43, 47, 52
21: 0, 1, 7, 8, 11, 12, 15, 27, 31, 44, 48, 52
22: 0, 3, 5, 10, 15, 27, 30, 45, 48, 52
23: 0, 11, 15, 28, 30, 44, 48, 52
24: 0, 12, 14, 28, 35, 43, 48, 52
25: 0, 11, 15, 27, 34, 44, 48, 50, 51, 52
26: 0, 11, 15, 27, 32, 43
27: 0, 11, 14, 27, 31, 44, 49, 52
28: 0, 10, 15, 27, 31, 44, 47, 49, 50, 52
29: 0, 11, 13, 28, 31, 43, 48, 52
30: 0, 12, 13, 28, 31, 44, 47, 50, 51, 52
31: 0, 29, 30, 44, 46, 47, 48, 52
32: 0, 45, 46, 52
33: 0, 52
34: 0, 52
35: 0, 52
36: 0, 52
37: 0, 52
38: 0, 52
