0: 17, 19, 31, 52
1: 18, 19, 30, 52
2: 15, 16, 18, 19, 29, 52
3: 15, 16, 18, 20, 28, 52
4: 15, 16, 18, 20, 27, 52
5: 19, 20, 27, 52
6: 15, 16, 29, 52
7: 16, 17, 28, 52
8: 16, 17, 19, 20, 28, 52
9: 17, 18, 28, 52
10: 17, 18, 27, 52
11: 18, 19, 27, 52
12: 18, 19, 26, 52
13: 17, 18, 19, 20, 27, 52
14: 18, 19, 27, 52
15: 18, 19, 28, 52
16: 18, 19, 28, 52
17: 18, 20, 29, 52
18: 18, 19, 28, 52
19: 19, 20, 29, 52
20: 19, 20, 28, 52
21: 19, 20, 28, 52
22: 19, 22, 28, 52
23: 20, 24, 27, 52
24: 19, 24, 27, 52
25: 20, 23, 25, 52
26: 19, 22, 25, 52
27: 20, 22, 24, 52
28: 19, 21, 24, 52
29: 20, 21, 23, 52
30: 19, 20, 22, 52
31: 22, 52
32: 19, 20, 21, 52
33: 18, 20, 21, 52
34: 18, 19, 20, 52
35: 19, 52
36: 20, 52
37: 19, 52
38: 20, 52
