0: 27, 31, 37, 52
1: 27, 31, 38, 52
2: 28, 32, 39, 52
3: 28, 33, 40, 52
4: 29, 33, 40, 52
5: 29, 34, 41, 52
6: 30, 35, 41, 52
7: 30, 35, 40, 52
8: 31, 36, 39, 52
9: 32, 38, 39, 52
10: 31, 52
11: 31, 52
12: 30, 52
13: 29, 52
14: 28, 51
15: 27, 50
16: 26, 31, 32, 50
17: 24, 25, 26, 30, 32, 50
18: 22, 29, 32, 50
19: 20, 28, 33, 49, 50, 52
20: 20, 27, 33, 52
21: 19, 28, 34, 52
22: 19, 28, 34, 52
23: 20, 27, 34, 52
24: 21, 27, 35, 52
25: 22, 26, 35, 52
26: 35, 52
27: 34, 52
28: 31, 52
29: 30, 52
30: 30, 52
31: 29, 52
32: 28, 52
33: 26, 52
34: 24, 52
35: 23, 52
36: 21, 52
37: 20, 52
38: 19, 52
