0: 0, 1, 19, 31, 48, 51
1: 20, 30, 48, 50
2: 0, 1, 20, 30, 47, 49
3: 21, 30, 46, 49
4: 0, 1, 21, 30, 46, 48
5: 22, 30, 45, 47
6: 0, 1, 23, 30, 44, 47
7: 23, 29, 44, 46
8: 0, 1, 23, 29, 36, 38, 43, 45
9: 23, 39, 42, 45
10: 0, 1, 23, 40, 41, 43
11: 23, 43
12: 0, 1, 23, 34, 35, 36, 37, 42
13: 23, 34, 37, 41
14: 0, 1, 22, 33, 36, 40
15: 23, 38
16: 0, 1, 22, 36
17: 0, 1, 22, 35
18: 0, 1, 22, 34
19: 0, 3, 22, 32
20: 0, 6, 21, 28
21: 0, 8, 17, 18, 19, 28
22: 5, 28
23: 8, 29
24: 19, 29
25: 19, 29
26: 19, 30
27: 18, 30
28: 19, 30
29: 20, 31
30: 20, 30
31: 20, 30
32: 20, 31
33: 21, 28, 29, 31
34: 23, 27
35: 
36: 
37: 
38: 
