0: 19, 33
1: 19, 32
2: 20, 32
3: 5, 13, 20, 32, 38, 46
4: 4, 16, 21, 31, 36, 48
5: 4, 18, 21, 31, 33, 48
6: 3, 6, 7, 11, 13, 19, 21, 31, 32, 39, 40, 48
7: 3, 4, 8, 10, 15, 20, 21, 31, 32, 37, 41, 44, 47, 49
8: 7, 8, 17, 20, 21, 34, 43, 44
9: 18, 34
10: 17, 34
11: 15, 16, 18, 34, 36, 37
12: 10, 12, 15, 17, 18, 33, 35, 36, 40, 41
13: 11, 12, 15, 16, 18, 34, 35, 37, 40, 41
14: 10, 12, 14, 17, 18, 33, 35, 37, 40, 41
15: 2, 3, 6, 7, 10, 12, 15, 17, 18, 33, 35, 37, 39, 41, 44, 45, 49, 50
16: 2, 3, 6, 8, 10, 13, 14, 34, 35, 37, 39, 42, 44, 45, 49, 50
17: 2, 4, 6, 8, 10, 13, 15, 17, 19, 33, 34, 37, 39, 42, 44, 46, 48, 50
18: 2, 4, 6, 8, 10, 13, 15, 34, 35, 36, 39, 42, 44, 46, 48, 50
19: 1, 4, 5, 9, 11, 19, 20, 31, 33, 41, 43, 46, 48, 50
20: 2, 4, 6, 8, 10, 12, 21, 30, 34, 37, 38, 41, 43, 46, 48, 50
21: 0, 4, 7, 11, 23, 28, 34, 37, 40, 42, 43, 46, 47, 50, 51, 52
22: 0, 4, 6, 10, 24, 27, 33, 37, 41, 45, 48, 52
23: 2, 8, 22, 23, 24, 30, 33, 37, 43, 46, 48, 51
24: 4, 6, 21, 31, 33, 37, 44, 49
25: 20, 32, 33, 37, 46, 47
26: 19, 32, 33, 37
27: 19, 32, 33, 36
28: 18, 36
29: 19, 37
30: 19, 37
31: 20, 37
32: 19, 37
33: 20, 36
34: 20, 32, 33, 34
35: 20, 32
36: 21, 31
37: 23, 25, 26, 27, 28, 29
38: 
