0: 29, 42
1: 28, 42
2: 29, 42
3: 29, 41
4: 6, 7, 29, 40
5: 11, 12, 29, 40
6: 30, 40
7: 30, 39
8: 30, 39
9: 3, 4, 8, 9, 20, 21, 31, 40
10: 13, 14, 31, 39
11: 15, 16, 31, 40
12: 4, 5, 31, 39
13: 26, 27, 31, 40
14: 6, 7, 9, 10, 32, 39
15: 2, 3, 11, 12, 17, 18, 21, 22, 32, 39
16: 13, 14, 32, 39
17: 4, 5, 7, 8, 31, 39
18: 10, 11, 18, 19, 31, 38
19: 1, 2, 14, 15, 30, 39
20: 3, 4, 6, 7, 8, 9, 27, 29, 30, 38
21: 1, 2, 3, 4, 5, 6, 11, 12, 17, 18, 21, 22, 23, 38
22: 7, 8, 9, 10, 13, 14, 18, 26, 27, 37
23: 0, 7, 10, 11, 17, 18, 19, 20, 27, 28, 29, 30, 31, 38
24: 0, 10, 12, 13, 14, 15, 32, 38
25: 0, 12, 22, 23, 31, 37
26: 0, 12, 13, 14, 15, 16, 17, 18, 26, 27, 31, 36
27: 0, 14, 19, 20, 29, 37
28: 0, 14, 15, 16, 30, 36
29: 0, 15, 16, 17, 18, 19, 21, 22, 24, 25, 30, 36
30: 0, 16, 29, 34
31: 0, 17, 18, 19, 30, 31, 35, 36
32: 0, 16, 20, 21, 23, 24, 27, 28
33: 0, 17, 18, 19
34: 0, 18, 29, 30
35: 0, 17, 20, 21, 25, 26
36: 0, 17, 18, 19, 22, 23
37: 0, 18, 19, 20
38: 0, 17
