0: 8, 19, 33, 50
1: 8, 19, 34, 49
2: 8, 19, 33, 49
3: 9, 19, 34, 48
4: 10, 19, 33, 47
5: 10, 18, 34, 46
6: 11, 18, 34, 42
7: 11, 20, 31, 40
8: 11, 22, 30, 41
9: 11, 24, 28, 41
10: 11, 20, 21, 25, 27, 31, 32, 41
11: 11, 21, 22, 25, 26, 30, 31, 41
12: 11, 22, 24, 27, 30, 41
13: 10, 41
14: 11, 21, 22, 30, 31, 41
15: 10, 20, 23, 28, 31, 41
16: 11, 21, 25, 27, 31, 41
17: 11, 20, 24, 28, 32, 41
18: 11, 20, 25, 27, 32, 41
19: 11, 19, 33, 41
20: 11, 19, 34, 40
21: 12, 19, 32, 40
22: 12, 20, 32, 40
23: 12, 23, 29, 40
24: 12, 23, 29, 40
25: 12, 24, 28, 40
26: 12, 24, 28, 39
27: 13, 23, 29, 39
28: 13, 23, 29, 39
29: 14, 22, 24, 25, 30, 38
30: 15, 24, 30, 37
31: 17, 18, 19, 23, 29, 32, 34, 35
32: 19, 23, 29, 31
33: 18, 19, 21, 23, 28, 30
34: 22, 24, 28, 29
35: 23, 24
36: 24, 25
37: 
38: 
