0: 1, 19, 34, 52
1: 2, 19, 34, 52
2: 4, 19, 34, 52
3: 5, 19, 35, 52
4: 7, 19, 34, 52
5: 7, 19, 34, 52
6: 9, 19, 34, 50
7: 9, 19, 34, 48
8: 10, 18, 34, 47
9: 11, 19, 34, 45
10: 12, 18, 34, 42, 43, 44
11: 13, 21, 32, 33, 34, 40
12: 13, 22, 31, 39
13: 13, 19, 20, 22, 30, 33, 34, 39
14: 13, 23, 30, 39
15: 13, 22, 30, 40
16: 0, 1, 13, 22, 30, 39
17: 0, 2, 3, 4, 13, 20, 21, 23, 30, 39
18: 0, 4, 14, 20, 21, 22, 30, 32, 33, 39
19: 0, 8, 13, 20, 21, 23, 30, 31, 33, 39
20: 0, 9, 14, 19, 33, 38
21: 0, 11, 14, 19, 33, 39, 45, 48, 49, 51
22: 0, 13, 14, 18, 34, 38, 42, 52
23: 0, 14, 15, 18, 34, 38, 39, 52
24: 1, 20, 33, 52
25: 3, 20, 21, 22, 32, 52
26: 6, 22, 30, 52
27: 9, 23, 30, 52
28: 11, 22, 30, 43
29: 12, 22, 30, 41
30: 13, 21, 31, 40
31: 14, 21, 32, 39
32: 17, 22, 32, 36
33: 17, 21, 32, 34
34: 19, 21, 31, 33
35: 20, 21, 31, 34
36: 19, 20, 32, 33
37: 19, 21
38: 
