0: 28, 52
1: 30, 52
2: 32, 52
3: 33, 52
4: 35, 52
5: 36, 52
6: 14, 15, 38, 52
7: 12, 13, 17, 18, 39, 52
8: 11, 12, 15, 16, 40, 52
9: 9, 10, 14, 15, 17, 18, 42, 52
10: 12, 13, 43, 52
11: 10, 11, 15, 17, 18, 19, 26, 29, 44, 52
12: 8, 9, 12, 13, 15, 19, 22, 24, 25, 30, 45, 52
13: 10, 11, 13, 20, 21, 33, 46, 52
14: 8, 9, 13, 34, 46, 52
15: 10, 11, 12, 34, 47, 52
16: 9, 10, 12, 35, 48, 52
17: 12, 35, 49, 52
18: 10, 11, 13, 36, 49, 52
19: 13, 36, 50, 52
20: 14, 36, 50, 52
21: 17, 36, 51, 52
22: 17, 35, 51, 52
23: 17, 35
24: 17, 35
25: 19, 34
26: 19, 33
27: 20, 32
28: 22, 30
29: 25, 26
30: 
31: 
32: 0, 2
33: 0, 3
34: 0, 4
35: 0, 6
36: 0, 8
37: 0, 9
38: 0, 11
