0: 0, 9, 10, 52
1: 0, 7, 9, 10, 11, 52
2: 0, 6, 7, 8, 9, 10, 11, 12, 13, 45, 46, 52
3: 0, 6, 13, 45, 46, 52
4: 0, 4, 8, 9, 11, 43, 44, 45, 46, 52
5: 0, 3, 4, 5, 7, 8, 10, 42, 45, 52
6: 0, 2, 3, 4, 6, 7, 9, 11, 12, 38, 39, 41, 42, 43, 44, 52
7: 0, 1, 5, 6, 8, 9, 11, 12, 13, 37, 39, 41, 45, 52
8: 2, 3, 4, 5, 7, 10, 13, 39, 43, 52
9: 0, 1, 6, 9, 11, 12, 13, 21, 22, 39, 40, 41, 42, 43, 45, 52
10: 0, 3, 4, 8, 9, 10, 15, 22, 23, 24, 25, 27, 28, 39, 45, 52
11: 0, 10, 14, 22, 23, 25, 26, 27, 28, 38, 41, 42, 44, 52
12: 0, 11, 14, 24, 28, 39, 40, 43, 44, 52
13: 0, 11, 13, 24, 26, 27, 28, 39, 40, 43, 44, 52
14: 0, 10, 12, 22, 28, 39, 40, 43, 44, 52
15: 0, 9, 12, 24, 25, 27, 28, 39, 40, 43, 44, 52
16: 0, 9, 12, 24, 25, 27, 28, 39, 41, 43, 44, 52
17: 0, 9, 11, 24, 25, 27, 28, 39, 44, 52
18: 0, 6, 14, 24, 25, 27, 28, 39, 46, 52
19: 0, 4, 14, 24, 27, 38, 46, 52
20: 0, 3, 14, 22, 28, 38, 45, 52
21: 0, 1, 14, 22, 28, 39, 44, 52
22: 13, 22, 28, 39, 44, 52
23: 5, 6, 7, 8, 13, 23, 28, 40, 43, 52
24: 5, 9, 12, 23, 27, 39, 43, 52
25: 0, 2, 3, 5, 7, 8, 11, 24, 28, 40, 43, 52
26: 0, 7, 12, 24, 27, 37, 39, 40, 48, 52
27: 0, 8, 12, 24, 27, 36, 47, 52
28: 0, 9, 11, 24, 27, 36, 37, 39, 45, 52
29: 0, 9, 12, 21, 28, 41, 45, 47, 48, 52
30: 0, 8, 12, 19, 21, 22, 28, 41, 45, 52
31: 0, 8, 12, 20, 28, 41, 45, 52
32: 0, 7, 12, 25, 28, 41, 45, 52
33: 0, 8, 11, 24, 28, 41, 45, 52
34: 0, 9, 11, 24, 28, 42, 44, 52
35: 0, 25, 28, 52
36: 0, 26, 27, 52
37: 0, 52
38: 0, 52
