0: 19, 21, 26, 27
1: 19, 20, 25, 27
2: 19, 21, 26, 27
3: 19, 21, 25, 27
4: 19, 21, 25, 27, 49, 50
5: 19, 21, 24, 26
6: 19, 22, 24, 26
7: 18, 26
8: 18, 28
9: 18, 29
10: 18, 28
11: 1, 5, 6, 7, 18, 27
12: 6, 7, 8, 9, 18, 27
13: 5, 9, 11, 16, 18, 26
14: 6, 10, 13, 14, 15, 25, 29, 30, 31, 32
15: 6, 9, 18, 29, 30, 31
16: 6, 10, 17, 24
17: 7, 9, 12, 13, 14, 18, 19, 25
18: 5, 9, 12, 13, 16, 18, 19, 24, 25, 28
19: 6, 10, 16, 17, 19, 23, 27, 29
20: 6, 9, 17, 18, 19, 23, 29, 30
21: 6, 9, 17, 23
22: 6, 8, 18, 23, 25, 26
23: 6, 9, 18, 23, 24, 26
24: 6, 8, 18, 24, 46, 47
25: 19, 23
26: 19, 23
27: 18, 24
28: 17, 24, 33, 34
29: 17, 25
30: 15, 17, 18, 25
31: 14, 15, 19, 20, 21, 22, 23, 24
32: 13, 15
33: 12, 13
34: 11, 12, 33, 34, 41, 42, 43, 44
35: 10, 11, 31, 45
36: 8, 10, 30, 46
37: 7, 8, 29, 32, 33, 46
38: 27, 31, 36, 46
