0: 0, 27
1: 0, 26, 36, 37, 38, 39, 40, 41
2: 0, 25, 35, 43
3: 0, 24, 35, 45
4: 0, 23, 34, 47
5: 0, 23, 33, 48
6: 0, 22, 32, 49
7: 0, 21, 31, 51
8: 0, 21, 31, 51
9: 0, 21, 30, 50
10: 0, 20, 30, 51
11: 0, 21, 31, 51
12: 0, 20, 31, 51
13: 0, 21, 31, 50
14: 0, 20, 32, 51
15: 0, 21, 32, 50
16: 0, 20, 32, 51
17: 0, 19, 32, 50
18: 0, 20, 32, 50
19: 0, 21, 32, 50
20: 0, 23, 32, 50
21: 0, 26, 27, 29, 32, 50
22: 0, 30, 33, 50
23: 0, 30, 33, 49
24: 0, 31, 34, 45
25: 0, 31, 34, 45
26: 0, 32, 34, 44
27: 0, 32, 35, 42
28: 0, 33, 35, 42
29: 0, 39
30: 0, 39
31: 0, 38
32: 0, 39
33: 0, 39
34: 0, 39
35: 0, 40
36: 0, 43
37: 0, 45
38: 0, 46
