0: 0, 10, 23, 27, 40, 52
1: 0, 10, 23, 27, 39, 52
2: 0, 11, 23, 27, 40, 52
3: 0, 11, 24, 26, 39, 52
4: 0, 12, 24, 26, 30, 32, 39, 52
5: 0, 11, 24, 26, 29, 31, 38, 52
6: 0, 12, 25, 26, 29, 31, 37, 52
7: 0, 12, 25, 27, 37, 52
8: 0, 13, 20, 21, 26, 27, 37, 52
9: 0, 13, 20, 22, 26, 27, 37, 52
10: 0, 13, 21, 22, 27, 28, 37, 52
11: 0, 13, 21, 23, 27, 28, 36, 52
12: 0, 14, 21, 22, 27, 29, 36, 52
13: 0, 12, 27, 29, 36, 52
14: 0, 12, 26, 28, 36, 52
15: 0, 11, 26, 28, 36, 52
16: 0, 12, 26, 28, 36, 52
17: 0, 13, 26, 28, 41, 52
18: 0, 13, 25, 27, 43, 52
19: 0, 14, 42, 52
20: 0, 15, 42, 52
21: 0, 16, 41, 52
22: 0, 15, 22, 24, 39, 52
23: 0, 15, 22, 25, 37, 52
24: 0, 13, 25, 29, 37, 52
25: 0, 13, 26, 30, 38, 52
26: 0, 13, 26, 31, 38, 52
27: 0, 13, 27, 30, 38, 52
28: 0, 14, 27, 31, 36, 52
29: 0, 13, 26, 52
30: 0, 13, 25, 52
31: 0, 13, 25, 52
32: 0, 13, 24, 52
33: 0, 13, 24, 52
34: 0, 14, 22, 52
35: 0, 14, 17, 18, 20, 52
36: 0, 52
37: 0, 52
38: 0, 52
