0: 17, 19, 20, 40
1: 17, 41
2: 17, 41
3: 18, 41
4: 17, 41
5: 18, 41
6: 18, 41
7: 17, 41
8: 16, 41
9: 16, 41
10: 15, 40
11: 15, 40
12: 15, 40
13: 16, 40
14: 16, 39
15: 17, 38
16: 17, 38
17: 18, 37
18: 19, 36
19: 20, 35
20: 21, 36
21: 22, 35
22: 22, 27, 32, 36
23: 22, 26, 31, 36
24: 21, 26, 32, 36
25: 21, 26, 32, 36
26: 21, 26, 32, 37
27: 21, 26, 32, 37
28: 21, 26, 32, 37
29: 21, 26, 32, 38
30: 20, 26, 33, 39
31: 20, 26, 33, 42, 43, 44
32: 20, 26, 33, 46, 47, 48
33: 20, 25, 34, 48, 49, 50
34: 19, 26, 35, 50
35: 19, 25, 35, 51
36: 18, 25, 37, 52
37: 18, 25, 38, 52
38: 18, 25, 40, 52
