0: 
1: 
2: 
3: 
4: 
5: 25, 26
6: 23, 27
7: 21, 29
8: 20, 31
9: 19, 32
10: 18, 34
11: 17, 34
12: 17, 35
13: 16, 35
14: 16, 35
15: 16, 34
16: 17, 33
17: 17, 35
18: 7, 8, 19, 34
19: 3, 4, 5, 11, 22, 31
20: 4, 8, 9, 14, 22, 31
21: 7, 8, 9, 11, 12, 16, 17, 18, 22, 32
22: 5, 6, 7, 8, 9, 10, 11, 30
23: 13, 14, 15, 34
24: 17, 37, 38, 39, 40, 42, 43, 44, 45, 46
25: 18, 46
26: 22, 35, 36, 39, 40, 47
27: 21, 30, 44, 47
28: 21, 30
29: 21, 30
30: 22, 30
31: 21, 30
32: 22, 29
33: 24, 27
34: 
35: 
36: 
37: 
38: 
