0: 19, 33
1: 19, 33
2: 8, 9, 20, 32
3: 5, 11, 20, 32, 41, 47
4: 4, 14, 21, 31, 38, 45, 46, 47
5: 9, 16, 21, 31, 36, 43
6: 8, 11, 12, 18, 21, 31, 34, 43
7: 14, 20, 21, 31, 32, 38
8: 16, 20, 21, 30, 31, 36
9: 11, 12, 15, 16, 18, 34, 36, 37
10: 3, 4, 11, 12, 15, 16, 18, 34, 36, 37, 39, 41
11: 3, 4, 7, 8, 11, 13, 15, 17, 18, 33, 35, 37, 40, 41, 44, 45, 48, 49
12: 2, 4, 7, 8, 10, 12, 14, 17, 19, 33, 35, 37, 39, 41, 44, 45, 48, 49
13: 2, 4, 6, 8, 10, 13, 15, 17, 19, 33, 34, 38, 39, 42, 44, 45, 48, 50, 51, 52
14: 2, 4, 6, 8, 10, 13, 14, 17, 18, 33, 35, 37, 39, 42, 44, 46, 48, 50
15: 1, 4, 6, 9, 10, 12, 15, 17, 19, 33, 35, 37, 40, 42, 44, 46, 47, 50
16: 0, 1, 2, 4, 5, 8, 11, 34, 35, 37, 38, 41, 43, 46, 48, 50
17: 0, 3, 6, 8, 10, 12, 15, 16, 17, 18, 19, 36, 37, 38, 39, 42, 44, 46, 48, 52
18: 1, 3, 6, 10, 20, 32, 42, 45, 49, 52
19: 2, 4, 5, 8, 21, 31, 43, 47, 48, 50
20: 3, 6, 21, 30, 34, 35, 46, 49
21: 23, 28, 34, 36
22: 24, 27, 33, 36
23: 22, 23, 24, 29, 33, 37
24: 21, 30, 33, 36
25: 20, 32, 33, 37
26: 20, 32, 33, 36
27: 18, 32, 33, 36
28: 18, 32, 33, 36
29: 18, 36
30: 20, 36
31: 19, 36
32: 20, 36
33: 19, 36
34: 20, 32, 33, 34
35: 20, 31
36: 21, 30
37: 25, 26, 28, 29
38: 
