0: 24, 41
1: 25, 40
2: 26, 39, 45, 46
3: 21, 22, 23, 24, 27, 39, 41, 46
4: 21, 38, 39, 42
5: 23, 24, 25, 40
6: 28, 37
7: 29, 37
8: 28, 39
9: 0, 3, 26, 29, 31, 41
10: 0, 2, 3, 4, 24, 26, 32, 37, 39, 44
11: 0, 4, 23, 24, 31, 37, 42, 43
12: 0, 3, 32, 37
13: 0, 4, 32, 37
14: 0, 4, 32, 37
15: 0, 3, 32, 37
16: 0, 4, 31, 37
17: 0, 5, 31, 38
18: 0, 4, 32, 38
19: 0, 3, 31, 37
20: 0, 4, 30, 37
21: 0, 3, 9, 16, 17, 20, 21, 22, 24, 25, 26, 27, 28, 37
22: 1, 4, 12, 13, 14, 15, 16, 18, 19, 37
23: 0, 3, 31, 36
24: 2, 3, 33, 36
25: 
26: 
27: 
28: 39, 40, 41, 45, 46, 47, 48, 49, 50, 52
29: 40, 52
30: 40, 52
31: 39, 51
32: 39, 49
33: 40, 47
34: 40, 46
35: 42, 45
36: 
37: 
38: 
