0: 0, 52
1: 0, 52
2: 0, 52
3: 0, 52
4: 0, 52
5: 0, 52
6: 0, 52
7: 0, 22, 26, 52
8: 0, 23, 25, 52
9: 0, 23, 25, 52
10: 0, 21, 26, 51
11: 0, 21, 27, 50
12: 0, 21, 26, 50
13: 0, 21, 26, 52
14: 0, 22, 26, 52
15: 0, 21, 26, 52
16: 0, 22, 26, 52
17: 0, 22, 26, 52
18: 0, 22, 25, 52
19: 0, 22, 25, 52
20: 0, 23, 26, 52
21: 0, 22, 26, 52
22: 0, 23, 26, 52
23: 0, 23, 25, 52
24: 0, 23, 26, 52
25: 0, 23, 26, 52
26: 0, 23, 26, 52
27: 0, 52
28: 0, 52
29: 0, 52
30: 0, 52
31: 0, 52
32: 0, 52
33: 0, 52
34: 0, 52
35: 0, 52
36: 0, 52
37: 0, 52
38: 0, 52
