0: 2, 3, 5, 9, 28, 32
1: 3, 9, 28, 32
2: 3, 10, 29, 32
3: 3, 10, 29, 32
4: 5, 10, 19, 20, 29, 31
5: 6, 26, 29, 32
6: 5, 32, 51, 52
7: 5, 33, 51, 52
8: 3, 34, 51, 52
9: 3, 36
10: 3, 35, 36, 37
11: 2, 35, 37, 38
12: 2, 36, 38, 39
13: 2, 35, 37, 38, 39, 40, 41, 42
14: 2, 35, 37, 38, 39, 40, 41, 42, 43, 44, 46, 47
15: 3, 34, 36, 37, 42, 47
16: 3, 37, 38, 39, 44, 46, 47, 48
17: 4, 33, 37, 38, 39, 40, 43, 45, 46, 48, 50, 51
18: 5, 33, 39, 40, 45, 46, 48, 49
19: 7, 35, 39, 41, 44, 45, 48, 49
20: 6, 32, 35, 36, 37, 38, 45, 46, 50, 51
21: 6, 32, 33, 34, 37, 38, 40, 41, 45, 46
22: 6, 31, 32, 33, 38, 39
23: 6, 35, 37, 39, 40, 41
24: 7, 31, 35, 36, 39, 40
25: 8, 31, 33, 34, 36, 37
26: 10, 32, 36, 37, 38, 39, 41, 42
27: 11, 32, 37, 38, 39, 40
28: 15, 33
29: 18, 31
30: 17, 31
31: 17, 30
32: 18, 30
33: 19, 28
34: 19, 28
35: 21, 22, 24, 25
36: 
37: 
38: 
