0: 
1: 
2: 20, 22
3: 20, 22
4: 19, 21
5: 20, 22
6: 20, 22
7: 19, 21, 24, 26
8: 15, 26
9: 14, 26
10: 13, 27
11: 13, 28
12: 13, 28
13: 13, 28
14: 13, 28
15: 14, 28
16: 14, 27
17: 16, 27
18: 18, 27
19: 18, 26
20: 0, 1, 2, 3, 4, 5, 6, 7, 8, 9, 10, 11, 12, 13, 14, 15, 16, 17, 18, 29, 30, 32, 33, 34, 35, 36, 37, 38, 39, 40, 41, 42, 43, 44, 45, 46, 47, 48, 49, 50, 51, 52
21: 1, 2, 3, 4, 5, 6, 7, 8, 9, 10, 11, 12, 13, 14, 15, 16, 17, 18, 19, 25, 27, 33, 34, 35, 36, 37, 38, 39, 40, 41, 42, 43, 44, 45, 46, 47, 48, 49, 50, 51
22: 19, 25, 27, 31
23: 19, 24, 26, 31
24: 19, 30
25: 18, 29
26: 18, 26, 27, 28
27: 19, 25
28: 19, 26
29: 18, 25
30: 17, 25
31: 19, 25
32: 19, 25
33: 19, 20, 22, 23
34: 19, 20
35: 19, 20
36: 18, 19
37: 18, 19
38: 18, 19
