0: 0, 6
1: 0, 7
2: 0, 7, 51, 52
3: 0, 8
4: 0, 8
5: 0, 9
6: 0, 9
7: 0, 9
8: 0, 10, 49, 50, 51, 52
9: 0, 11, 48, 52
10: 0, 11, 48, 52
11: 0, 12, 48, 52
12: 0, 12, 47, 52
13: 0, 13, 47, 52
14: 0, 14, 47, 52
15: 0, 14, 47, 52
16: 0, 14, 46, 52
17: 0, 15, 47, 52
18: 0, 15, 46, 52
19: 0, 15, 45, 52
20: 0, 15, 45, 52
21: 0, 15, 17, 18, 43, 52
22: 0, 15, 17, 18, 43, 52
23: 0, 15, 18, 19, 43, 52
24: 0, 15, 18, 19, 44, 52
25: 0, 14, 18, 19, 43, 52
26: 0, 15, 18, 20, 43, 52
27: 0, 15, 19, 20, 43, 52
28: 0, 14, 18, 20, 42, 52
29: 0, 15, 18, 19, 44, 52
30: 0, 15, 43, 52
31: 0, 15, 43, 52
32: 0, 16, 43, 52
33: 0, 15, 43, 52
34: 0, 16, 43, 52
35: 0, 15, 42, 52
36: 0, 14, 42, 52
37: 0, 14, 44, 52
38: 0, 13, 45, 52
