0: 24, 52
1: 24, 52
2: 24, 52
3: 23, 52
4: 24, 52
5: 23, 52
6: 23, 52
7: 23, 52
8: 23, 52
9: 23, 52
10: 22, 52
11: 22, 52
12: 22, 52
13: 27, 52
14: 30, 52
15: 31, 52
16: 33, 52
17: 1, 2, 33, 52
18: 0, 9, 10, 11, 12, 13, 14, 15, 17, 18, 20, 21, 34, 52
19: 0, 22, 35, 52
20: 0, 21, 35, 52
21: 0, 22, 33, 34, 35, 52
22: 0, 21, 33, 34, 35, 52
23: 0, 22, 32, 52
24: 0, 22, 32, 52
25: 0, 22, 31, 52
26: 0, 23, 29, 52
27: 0, 29, 30, 52
28: 0, 52
29: 0, 52
30: 0, 52
31: 0, 52
32: 0, 52
33: 0, 52
34: 0, 52
35: 0, 52
36: 0, 52
37: 0, 52
38: 0, 52
