0: 0, 7, 25, 26, 35, 36, 40, 41, 43, 44, 45, 46, 47, 48, 50, 51
1: 0, 7, 29, 30, 31, 32, 34, 35, 37, 38, 39, 40, 41, 42, 43, 44, 45, 46, 47, 48, 49, 50, 51, 52
2: 0, 7, 20, 21, 23, 24, 26, 27, 33, 34, 36, 37, 38, 39, 40, 41, 42, 43, 45, 46, 47, 48, 49, 51
3: 0, 8, 28, 29, 30, 31, 32, 33, 34, 35, 36, 37, 38, 39, 41, 42, 43, 52
4: 0, 9, 24, 25, 27, 28, 32, 33, 34, 35, 36, 37, 39, 52
5: 0, 12, 16, 17, 20, 21, 22, 23, 26, 27, 29, 30, 31, 32, 34, 35, 36, 52
6: 0, 8, 9, 14, 18, 19, 25, 26, 28, 29, 30, 31, 32, 34, 35, 52
7: 0, 6, 7, 9, 12, 13, 22, 23, 24, 25, 27, 28, 29, 30, 31, 33, 34, 52
8: 0, 6, 7, 10, 17, 18, 19, 20, 21, 22, 25, 26, 27, 28, 30, 31, 32, 52
9: 1, 7, 8, 11, 14, 15, 23, 24, 25, 26, 27, 28, 29, 52
10: 1, 3, 5, 7, 10, 12, 17, 18, 20, 21, 22, 23, 24, 25, 26, 27, 28, 52
11: 1, 4, 5, 8, 10, 12, 15, 16, 19, 20, 22, 23, 24, 25, 26, 52
12: 1, 3, 6, 8, 12, 13, 18, 19, 21, 22, 23, 24, 25, 26, 27, 52
13: 1, 4, 6, 9, 15, 16, 17, 18, 20, 21, 22, 23, 24, 52
14: 1, 4, 7, 9, 12, 13, 16, 17, 19, 20, 21, 22, 23, 52
15: 2, 4, 8, 9, 14, 15, 18, 19, 20, 21, 22, 23, 24, 52
16: 3, 4, 9, 10, 13, 14, 16, 17, 18, 19, 20, 21, 22, 52
17: 11, 12, 15, 16, 17, 18, 19, 20, 21, 52
18: 14, 15, 17, 18, 19, 52
19: 6, 7, 9, 10, 12, 13, 16, 17, 18, 19, 20, 52
20: 11, 12, 14, 15, 16, 17, 19, 52
21: 9, 10, 13, 14, 15, 16, 17, 52
22: 6, 7, 12, 13, 15, 16, 17, 18, 19, 52
23: 10, 11, 14, 15, 16, 52
24: 8, 9, 12, 13, 14, 15, 16, 17, 18, 52
25: 5, 6, 11, 12, 14, 15, 16, 52
26: 9, 10, 12, 13, 14, 15, 16, 52
27: 7, 8, 11, 12, 13, 14, 15, 52
28: 4, 5, 10, 11, 13, 14, 15, 52
29: 8, 9, 11, 12, 13, 14, 15, 52
30: 6, 7, 10, 11, 13, 14, 15, 52
31: 9, 10, 12, 13, 14, 52
32: 4, 5, 8, 9, 11, 12, 13, 52
33: 6, 7, 10, 11, 12, 13, 14, 52
34: 9, 10, 12, 13, 14, 52
35: 4, 5, 7, 8, 10, 11, 12, 52
36: 9, 10, 12, 13, 14, 52
37: 6, 7, 8, 9, 11, 12, 13, 52
38: 10, 11, 12, 52
