0: 11, 17, 35, 40
1: 0, 2, 12, 17, 35, 39, 50, 52
2: 0, 3, 13, 17, 35, 38, 48, 52
3: 0, 5, 14, 17, 35, 37, 47, 52
4: 0, 6, 15, 17, 35, 37, 45, 52
5: 0, 8, 15, 17, 35, 36, 43, 52
6: 0, 10, 15, 17, 35, 36, 41, 52
7: 0, 11, 16, 17, 35, 36, 40, 52
8: 0, 11, 16, 17, 41, 52
9: 0, 11, 40, 52
10: 0, 11, 40, 52
11: 0, 12, 40, 52
12: 0, 12, 40, 52
13: 0, 12, 39, 52
14: 0, 11, 40, 52
15: 0, 26, 27, 30, 31, 33, 34, 36, 37, 40, 41, 52
16: 0, 52
17: 0, 52
18: 0, 4, 5, 52
19: 1, 4, 7, 10, 23, 24, 26, 27, 29, 30, 32, 33, 34, 35, 36, 37, 38, 39, 40, 46, 48, 52
20: 1, 4, 7, 10, 42, 45, 48, 52
21: 1, 3, 7, 10, 42, 45, 49, 51
22: 1, 3, 7, 10, 42, 45, 49, 51
23: 1, 3, 8, 10, 15, 16, 42, 44, 49, 51
24: 2, 3, 7, 10, 14, 15, 36, 38, 42, 44, 49, 51
25: 2, 3, 7, 11, 13, 15, 37, 38, 43, 45, 49, 51
26: 2, 4, 7, 11, 16, 18, 33, 35, 38, 39, 44, 46, 49, 50
27: 2, 5, 16, 19, 32, 36, 47, 50
28: 1, 3, 7, 13, 14, 22, 29, 36, 48, 51
29: 1, 2, 5, 23, 28, 29, 30, 32, 33, 39, 45, 46, 49, 51
30: 3, 22, 23, 24, 30, 31, 33, 39, 45, 48
31: 1, 21, 34, 39, 45, 50
32: 0, 20, 36, 39, 45, 52
33: 0, 18, 26, 27, 36, 39, 45, 52
34: 0, 18, 24, 25, 37, 39, 45, 52
35: 0, 17, 37, 39, 45, 52
36: 0, 17, 37, 39, 45, 52
37: 0, 16, 38, 39, 45, 52
38: 0, 17, 38, 39, 44, 52
