0: 13, 14, 19, 31
1: 18, 32
2: 17, 32
3: 9, 11, 17, 32
4: 17, 32
5: 3, 5, 18, 31, 36, 37
6: 4, 8, 18, 31, 34, 37
7: 5, 11, 18, 31, 32, 35
8: 0, 2, 4, 5, 9, 13, 19, 30, 31, 33
9: 1, 4, 5, 7, 11, 15, 19, 31
10: 4, 7, 13, 17, 20, 30
11: 4, 9, 15, 19, 20, 29
12: 4, 8, 17, 29
13: 5, 8, 18, 28
14: 4, 8, 18, 20, 21, 28
15: 5, 8, 19, 21, 22, 28
16: 4, 7, 18, 21, 22, 29
17: 4, 9, 17, 20, 23, 30
18: 4, 8, 15, 17, 19, 21, 22, 28, 29, 31
19: 4, 8, 14, 16, 19, 21, 23, 29, 30, 33
20: 5, 7, 14, 15, 20, 22, 23, 29, 32, 35
21: 4, 7, 20, 29, 33, 37
22: 4, 7, 20, 29, 35, 38
23: 5, 7, 21, 29, 30, 32, 37, 39
24: 22, 37, 38, 42
25: 23, 44
26: 24, 28, 29, 33, 36, 44
27: 23, 29, 40, 43, 44, 46
28: 22, 30, 45, 47
29: 23, 31, 46, 48
30: 23, 31, 48, 50
31: 24, 30, 49, 51
32: 24, 31, 50, 52
33: 26, 28, 30, 31, 51, 52
34: 30, 31
35: 30, 31
36: 47, 52
37: 45, 52
38: 44, 52
