0: 9, 21, 33, 49
1: 9, 20, 32, 48
2: 9, 20, 33, 47
3: 10, 19, 32, 47
4: 10, 20, 33, 46
5: 8, 9, 10, 19, 33, 44
6: 9, 19, 33, 44
7: 9, 21, 31, 43
8: 9, 22, 30, 44
9: 9, 24, 28, 43
10: 9, 25, 27, 44
11: 9, 21, 22, 25, 27, 43
12: 10, 22, 24, 28, 30, 43
13: 9, 23, 24, 28, 29, 43
14: 10, 30, 31, 43
15: 10, 22, 23, 29, 30, 42
16: 10, 21, 25, 27, 31, 42
17: 11, 21, 24, 28, 31, 42
18: 11, 22, 25, 27, 30, 41
19: 11, 21, 30, 41
20: 12, 20, 21, 22, 30, 31, 32, 40
21: 11, 20, 21, 22, 30, 31, 32, 41
22: 12, 22, 30, 40
23: 12, 22, 30, 40
24: 12, 23, 29, 40
25: 12, 24, 28, 40
26: 12, 24, 28, 40
27: 13, 23, 29, 39
28: 13, 23, 29, 39
29: 14, 22, 30, 38
30: 15, 22, 29, 31, 32, 37
31: 16, 24, 28, 30, 33, 37
32: 15, 23, 28, 29, 33, 38
33: 15, 21, 28, 29, 35, 38
34: 18, 22, 28, 29, 36, 37
35: 19, 21, 22, 23, 24, 25, 28, 29, 35, 36
36: 19, 22
37: 19, 20, 21, 23
38: 
