0: 33, 47
1: 34, 47
2: 34, 47, 51, 52
3: 35, 46, 50, 52
4: 35, 46, 51, 52
5: 15, 16, 36, 45, 49, 52
6: 36, 45, 47, 52
7: 37, 44, 47, 51
8: 35, 44, 45, 50
9: 35, 49
10: 35, 47
11: 36, 46
12: 13, 15, 35, 45
13: 13, 14, 15, 17, 35, 45
14: 16, 17, 34, 45
15: 8, 9, 17, 18, 34, 45
16: 0, 3, 4, 5, 6, 10, 12, 13, 15, 17, 34, 44
17: 0, 16, 31, 32, 33, 44
18: 0, 20, 21, 43
19: 1, 2, 8, 9, 10, 42
20: 13, 41
21: 15, 16, 17, 18, 19, 20, 21, 22, 24, 25, 35, 40, 45, 46
22: 34, 41
23: 33, 40
24: 33, 42
25: 31, 42
26: 31, 41
27: 30, 41
28: 31, 41
29: 31, 41
30: 32, 40
31: 33, 39
32: 34, 35, 36, 37
33: 
34: 
35: 
36: 
37: 
38: 
