0: 0, 20, 33, 52
1: 0, 21, 31, 52
2: 0, 21, 32, 52
3: 0, 21, 31, 52
4: 0, 21, 32, 46, 47, 52
5: 0, 20, 32, 44, 49, 51
6: 0, 19, 32, 44
7: 0, 18, 33, 42
8: 0, 17, 33, 41
9: 0, 17, 35, 40
10: 0, 12, 15, 16, 36, 37
11: 0, 10
12: 0, 9, 39, 41, 42, 49
13: 0, 10, 37, 51
14: 0, 10, 36, 52
15: 0, 10, 19, 21, 36, 52
16: 0, 23, 36, 52
17: 0, 24, 36, 52
18: 0, 23, 34, 52
19: 0, 24, 33, 52
20: 0, 24, 33, 52
21: 0, 25, 27, 28, 35, 52
22: 0, 24, 37, 52
23: 0, 24, 37, 52
24: 0, 24, 37, 52
25: 0, 24, 39, 52
26: 0, 22, 38, 52
27: 0, 21, 38, 52
28: 0, 21, 38, 52
29: 0, 18, 37, 52
30: 0, 17, 42, 52
31: 0, 20, 43, 52
32: 0, 22, 44, 52
33: 0, 22, 43, 52
34: 0, 22, 44, 52
35: 0, 23, 45, 52
36: 0, 23, 44, 52
37: 0, 24, 44, 52
38: 0, 25, 43, 52
