0: 20, 31
1: 20, 32
2: 18, 19, 20, 32, 33, 34
3: 18, 34
4: 20, 33
5: 19, 32
6: 20, 32
7: 19, 32
8: 19, 33
9: 19, 35
10: 17, 35
11: 16, 36
12: 16, 36
13: 15, 36
14: 15, 36
15: 15, 37
16: 14, 32, 33, 37
17: 14, 19, 20, 31, 32, 37
18: 15, 19, 20, 32, 33, 37
19: 13, 18, 20, 32, 33, 38
20: 13, 19, 20, 31, 33, 38
21: 12, 32, 33, 39
22: 10, 40
23: 9, 10, 11, 39, 41, 42
24: 10, 41
25: 11, 41
26: 10, 42
27: 9, 10, 11, 41
28: 11, 40, 41, 42
29: 11, 40, 41, 42
30: 10, 39, 40, 41
31: 11, 25, 27, 40, 41, 42
32: 9, 12, 13, 24, 28, 39, 41, 42
33: 10, 25, 28, 39, 40, 41, 42, 43
34: 9, 19, 20, 24, 28, 32, 33, 40, 41, 42
35: 9, 18, 19, 21, 22, 23, 24, 25, 27, 30, 31, 34, 35, 39, 40, 41
36: 9, 11, 12, 21, 22, 23, 24, 25, 28, 31, 32, 33, 34, 41
37: 9, 21, 24, 25, 26, 27, 28, 31, 32, 34, 35, 40, 41, 42
38: 10, 20, 21, 22, 24, 25, 28, 29, 30, 32, 33, 41
