0: 1, 3, 4, 25, 26, 27, 31, 32
1: 1, 4, 5, 6, 7, 8, 9, 26, 27, 28
2: 2, 4, 8, 25, 26, 27, 29, 30
3: 2, 4, 5, 6, 7, 24, 25, 26
4: 2, 5, 6, 7, 8, 26, 27, 28
5: 3, 5, 7, 23, 24, 25, 30, 31
6: 3, 5, 6, 7, 8, 25, 26, 27
7: 1, 2, 3, 6, 7, 23, 24, 25, 27, 28
8: 0, 1, 2, 3, 4, 6, 7, 24, 25, 26
9: 0, 24, 25, 26, 30, 31
10: 0, 23, 24, 25, 26, 27
11: 0, 25, 26, 27
12: 0, 23, 24, 25, 29, 30
13: 0, 24, 25, 26
14: 0, 23, 24, 25, 27, 28
15: 0, 23, 24, 25
16: 3, 22, 23, 24
17: 2, 3, 6, 9, 10, 21, 22, 23, 25, 26, 28, 29
18: 7, 22, 23, 24
19: 7, 9, 10, 22, 23, 24
20: 3, 4, 6, 21, 22, 23, 27, 28
21: 7, 22, 23, 24
22: 7, 20, 21, 23, 24, 25
23: 2, 3, 7, 22
24: 6, 21, 22, 23, 24, 25, 27, 28
25: 6, 21, 22, 23
26: 4, 5, 6, 21, 22, 23
27: 2, 20, 21, 22, 25, 26
28: 4, 22, 23, 24
29: 5, 23, 24, 25, 28, 29
30: 2, 3, 6, 25, 26, 27
31: 5, 21, 22, 23, 25, 26
32: 5, 21, 22, 23
33: 4, 5, 12, 13, 14, 15, 16, 19, 20, 21, 22, 23
34: 18, 20
35: 
36: 
37: 
38: 
