0: 9, 30
1: 11, 30
2: 13, 29
3: 14, 29
4: 16, 29, 37, 38, 39, 40
5: 16, 28, 32, 40
6: 16, 36
7: 16, 32
8: 16, 28
9: 16, 28
10: 14, 30, 37, 38
11: 11, 26, 27, 31
12: 8, 13, 18, 26, 29, 35, 36, 37
13: 6, 10, 18, 25, 30, 36
14: 5, 7, 17, 26, 32, 37
15: 16, 26, 32, 36
16: 17, 26, 30, 38, 44, 45
17: 16, 25, 28, 34, 37, 39, 43, 44
18: 16, 26, 27, 32, 38, 41, 43, 45
19: 16, 30, 40, 42, 43, 45, 51, 52
20: 16, 29, 41, 45, 48, 49, 50, 51
21: 16, 29, 42, 45, 46, 47, 48, 52
22: 16, 29, 46, 47, 48, 49, 50, 52
23: 17, 27, 43, 44, 45, 46, 47, 52
24: 18, 26, 39, 40, 41, 43, 44, 52
25: 19, 26, 40, 41, 42, 52
26: 20, 24, 39, 40, 41, 42, 43, 52
27: 17, 27, 40, 41, 42, 43, 44, 52
28: 17, 27, 40, 41, 42, 52
29: 16, 27, 39, 40, 41, 52
30: 17, 27, 28, 29, 39, 40, 41, 42, 43, 52
31: 17, 29, 37, 38, 39, 40, 41, 52
32: 17, 29, 38, 39, 40, 52
33: 18, 30, 37, 38, 39, 40, 41, 52
34: 19, 30, 37, 38, 39, 52
35: 20, 25, 26, 31, 37, 38, 39, 52
36: 22, 23, 27, 30, 37, 38, 39, 52
37: 28, 30, 38, 39, 40, 52
38: 29, 30, 40, 52
