0: 0, 23, 41, 52
1: 0, 23, 40, 52
2: 0, 22, 39, 52
3: 0, 22, 38, 52
4: 0, 21, 37, 52
5: 0, 21, 35, 52
6: 0, 21, 35, 52
7: 0, 20, 33, 52
8: 0, 20, 33, 52
9: 0, 20, 34, 52
10: 0, 19, 34, 52
11: 0, 19, 34, 52
12: 0, 19, 34, 52
13: 0, 17, 35, 52
14: 0, 16, 34, 52
15: 0, 17, 35, 52
16: 0, 17, 34, 52
17: 0, 18, 34, 52
18: 0, 18, 35, 52
19: 0, 19, 34, 52
20: 0, 20, 33, 52
21: 0, 22, 32, 52
22: 0, 22, 27, 28, 33, 52
23: 0, 28, 32, 33, 34, 52
24: 0, 28, 31, 32, 33, 52
25: 0, 28, 33, 52
26: 0, 28, 32, 52
27: 0, 28, 32, 33, 34, 52
28: 0, 28, 31, 32, 33, 52
29: 0, 29, 32, 33, 34, 52
30: 0, 28, 31, 32, 33, 52
31: 0, 29, 32, 33, 34, 52
32: 0, 29, 31, 32, 33, 34, 35, 52
33: 0, 30, 31, 52
34: 0, 52
35: 0, 52
36: 0, 52
37: 0, 52
38: 0, 52
