0: 0, 52
1: 0, 9, 13, 52
2: 0, 9, 10, 11, 12, 13, 14, 52
3: 0, 7, 15, 52
4: 0, 7, 9, 10, 11, 12, 13, 44, 45, 46, 47, 52
5: 0, 5, 8, 9, 12, 43, 44, 46, 47, 48, 49, 50, 51, 52
6: 0, 4, 7, 8, 11, 42, 43, 44, 46, 47, 51, 52
7: 0, 3, 6, 7, 9, 11, 14, 43, 44, 45, 47, 52
8: 0, 1, 3, 4, 5, 6, 8, 9, 10, 11, 12, 13, 15, 23, 24, 43, 46, 52
9: 0, 3, 7, 11, 15, 24, 26, 41, 42, 43, 45, 46, 47, 52
10: 0, 11, 12, 13, 16, 23, 24, 27, 28, 40, 47, 52
11: 0, 11, 16, 24, 25, 26, 29, 41, 42, 43, 45, 52
12: 0, 13, 15, 25, 27, 28, 30, 41, 43, 44, 45, 52
13: 0, 13, 15, 24, 28, 29, 31, 42, 43, 44, 46, 52
14: 0, 12, 14, 25, 27, 28, 30, 43, 44, 45, 46, 52
15: 0, 12, 13, 25, 26, 29, 30, 42, 46, 52
16: 0, 11, 13, 25, 26, 29, 30, 40, 47, 52
17: 0, 10, 14, 25, 26, 29, 30, 40, 47, 52
18: 0, 8, 15, 25, 26, 28, 29, 41, 47, 52
19: 0, 6, 16, 24, 30, 41, 47, 52
20: 0, 4, 15, 24, 31, 42, 46, 52
21: 0, 3, 15, 24, 30, 42, 46, 52
22: 0, 1, 8, 9, 14, 24, 29, 42, 46, 52
23: 6, 7, 9, 11, 14, 24, 29, 43, 47, 52
24: 0, 2, 5, 8, 13, 24, 28, 43, 47, 49
25: 0, 10, 13, 25, 28, 43
26: 0, 10, 13, 25, 27, 43, 49, 52
27: 0, 10, 14, 24, 28, 44, 47, 48, 49, 52
28: 0, 10, 13, 25, 28, 43, 47, 52
29: 0, 11, 14, 22, 29, 44, 47, 50, 51, 52
30: 0, 10, 14, 23, 29, 43, 48, 52
31: 0, 10, 13, 23, 28, 44, 47, 52
32: 0, 9, 14, 21, 25, 26, 29, 45, 46, 52
33: 0, 11, 12, 22, 23, 25, 29, 52
34: 0, 11, 12, 26, 29, 52
35: 0, 27, 28, 52
36: 0, 52
37: 0, 52
38: 0, 52
