0: 29, 43
1: 29, 42
2: 29, 42
3: 29, 41
4: 30, 41
5: 30, 41
6: 4, 5, 30, 40
7: 10, 11, 31, 40
8: 31, 40
9: 12, 13, 18, 19, 28, 29, 32, 39
10: 5, 6, 31, 40
11: 32, 40
12: 8, 9, 21, 22, 32, 40
13: 2, 3, 32, 40
14: 11, 12, 14, 15, 33, 40
15: 4, 5, 16, 17, 32, 39
16: 6, 7, 33, 40
17: 2, 3, 8, 9, 22, 23, 26, 27, 32, 39
18: 11, 12, 14, 15, 18, 19, 32, 40
19: 4, 5, 31, 40
20: 2, 3, 6, 7, 8, 9, 32, 39
21: 1, 2, 3, 4, 5, 6, 11, 12, 16, 17, 20, 21, 28, 29, 32, 39
22: 7, 8, 9, 10, 13, 14, 24, 25, 33, 39
23: 0, 7, 10, 11, 34, 39
24: 0, 10, 12, 13, 14, 15, 17, 18, 33, 39
25: 0, 12, 19, 20, 22, 23, 33, 39
26: 0, 12, 13, 14, 15, 16, 27, 28, 32, 38
27: 0, 14, 17, 18, 31, 38
28: 0, 14, 15, 16, 20, 21, 24, 25, 31, 38
29: 0, 15, 16, 17, 32, 37
30: 0, 16, 18, 19, 31, 35
31: 0, 16, 17, 18, 21, 22, 27, 28, 32, 33
32: 0, 17, 23, 24, 30, 31
33: 0, 17, 18, 19, 20, 21, 32, 33
34: 0, 17
35: 0, 17, 18, 19, 24, 25, 27, 28
36: 0, 18, 19, 20, 21, 22
37: 0, 17
38: 0, 17, 18, 19
