0: 40, 52
1: 40, 52
2: 39, 44, 45, 46, 47, 52
3: 39, 43, 48, 52
4: 40, 41, 48, 52
5: 48, 52
6: 48, 52
7: 49, 52
8: 49, 52
9: 50, 52
10: 49, 52
11: 49, 52
12: 49, 52
13: 48, 52
14: 48, 52
15: 48, 52
16: 27, 29, 47, 52
17: 27, 30, 47, 52
18: 27, 29, 47, 52
19: 27, 29, 34, 37, 47, 52
20: 25, 26, 27, 29, 33, 40, 41, 52
21: 24, 26, 27, 29, 32, 52
22: 24, 28, 29, 30, 31, 52
23: 25, 35, 37, 52
24: 26, 33, 39, 52
25: 28, 32, 40, 52
26: 41, 52
27: 42, 52
28: 46, 52
29: 46, 52
30: 46, 52
31: 46, 52
32: 45, 52
33: 37, 52
34: 37, 52
35: 36, 52
36: 37, 52
37: 38, 52
38: 39, 52
