0: 0, 8, 19, 20, 33, 52
1: 0, 8, 33, 52
2: 0, 8, 34, 52
3: 0, 8, 34, 52
4: 0, 8, 34, 52
5: 0, 8, 34, 52
6: 0, 8, 34, 52
7: 0, 9, 34, 52
8: 0, 8, 35, 52
9: 0, 8, 34, 52
10: 0, 9, 34, 52
11: 0, 8, 34, 52
12: 0, 9, 37, 52
13: 0, 8, 38, 52
14: 0, 9, 24, 25, 26, 27, 39, 52
15: 0, 8, 22, 33, 40, 52
16: 0, 9, 20, 34, 39, 52
17: 0, 8, 20, 34, 39, 52
18: 0, 9, 18, 35, 38, 52
19: 0, 7, 18, 52
20: 0, 7, 18, 52
21: 0, 5, 18, 52
22: 0, 5, 18, 52
23: 0, 5, 18, 52
24: 0, 5, 18, 52
25: 0, 4, 19, 52
26: 0, 5, 19, 52
27: 0, 5, 19, 52
28: 0, 5, 21, 52
29: 0, 5, 22, 52
30: 0, 5, 22, 52
31: 0, 5, 21, 52
32: 0, 6, 21, 52
33: 0, 6, 21, 52
34: 0, 6, 20, 52
35: 0, 7, 19, 52
36: 0, 7, 19, 52
37: 0, 8, 17, 52
38: 0, 9, 11, 12, 16, 52
