0: 
1: 
2: 
3: 
4: 
5: 
6: 
7: 0, 1
8: 0, 3
9: 0, 3
10: 0, 3
11: 0, 2
12: 0, 2
13: 0, 1
14: 0, 1, 2, 8, 9, 11
15: 0, 13
16: 0, 12, 18, 20
17: 0, 12, 19, 20
18: 0, 12, 18, 20
19: 0, 11, 18, 20
20: 0, 12, 13, 14, 15, 16, 17, 21, 22, 23, 24, 25, 26, 27, 28, 29, 30, 31, 32, 33, 34, 35, 36, 37, 38, 39, 40, 41, 42, 43
21: 0, 10, 11, 12, 13, 14, 15, 20, 21, 22, 23, 24, 25, 26, 27, 28, 29, 30, 31, 32, 33, 34, 35, 36, 37, 38, 39, 40, 41, 42
22: 0, 8, 16, 19
23: 0, 7, 15, 18
24: 0, 7, 15, 17
25: 0, 6, 13, 16
26: 0, 5, 13, 15
27: 0, 5, 11, 14
28: 0, 6, 11, 13
29: 0, 6, 10, 12
30: 0, 6, 8, 11
31: 0, 6, 8, 10
32: 0, 5, 6, 8
33: 0, 8
34: 0, 7
35: 0, 1, 4, 5
36: 0, 3, 4, 5
37: 0, 4
38: 0, 3
