0: 11, 25, 29, 52
1: 11, 24, 30, 52
2: 10, 23, 31, 52
3: 11, 22, 31, 52
4: 10, 23, 32, 52
5: 11, 22, 31, 52
6: 11, 23, 31, 52
7: 11, 24, 30, 52
8: 11, 25, 26, 27, 28, 52
9: 12, 52
10: 12, 52
11: 13, 52
12: 13, 52
13: 14, 52
14: 15, 52
15: 16, 52
16: 17, 52
17: 19, 52
18: 21, 52
19: 25, 26, 27, 28, 29, 52
20: 31, 52
21: 33, 52
22: 35, 52
23: 36, 52
24: 37, 52
25: 38, 52
26: 39, 52
27: 40, 52
28: 40, 52
29: 41, 52
30: 41, 52
31: 23, 24, 25, 26, 41, 52
32: 22, 27, 42, 52
33: 21, 28, 41, 52
34: 21, 29, 42, 52
35: 21, 28, 42, 52
36: 21, 28, 42, 52
37: 22, 28, 41, 52
38: 23, 26, 42, 52
