0: 20, 21, 27, 29
1: 19, 21, 27, 28
2: 20, 21, 27, 29
3: 19, 21, 26, 28, 47, 48
4: 20, 22, 27, 28, 46, 47
5: 20, 21, 26, 28, 45, 46
6: 20, 28, 44, 45
7: 19, 29, 43, 44
8: 19, 30, 42, 43
9: 19, 31, 41, 42
10: 19, 31, 40, 41
11: 2, 5, 6, 7, 8, 9, 20, 29, 39, 40
12: 6, 8, 20, 28, 31, 32, 33, 34, 38, 39
13: 6, 10, 20, 31, 32, 33, 37, 38
14: 6, 10, 12, 14, 15, 17, 21, 28, 36, 37
15: 7, 9, 14, 16, 17, 27, 34, 35
16: 6, 10, 19, 27, 33, 34
17: 6, 9, 17, 18, 19, 21, 22, 30, 31, 33
18: 6, 10, 15, 17, 19, 20, 22, 26, 28, 29, 30, 33
19: 5, 10, 20, 26, 30, 31
20: 6, 9, 20, 21, 22, 26, 29, 31
21: 7, 10, 20, 29
22: 7, 9, 20, 29
23: 7, 9, 21, 28
24: 7, 9, 21, 27
25: 23, 25
26: 21, 27
27: 21, 26
28: 20, 28
29: 21, 29
30: 22, 28
31: 25, 28
32: 38, 40
33: 36, 41, 43, 44
34: 36, 44
35: 26, 27, 33, 34, 35, 43
36: 35, 43
37: 36, 41
38: 38, 40
