0: 19, 34
1: 20, 33
2: 20, 33
3: 20, 33
4: 20, 32, 35, 36
5: 21, 32, 35, 37
6: 21, 32, 35, 37
7: 21, 31, 35, 37
8: 22, 31, 35, 37
9: 22, 31, 33, 36
10: 22, 31, 32, 36
11: 22, 35
12: 19, 20, 22, 34
13: 16, 20, 21, 33
14: 13, 21, 22, 32
15: 11, 12, 13, 21, 22, 33
16: 8, 17, 19, 33
17: 8, 9, 10, 13, 19, 33
18: 10, 13, 19, 33
19: 10, 14, 20, 33
20: 9, 14, 21, 32
21: 9, 14, 19, 20, 21, 34
22: 10, 15, 19, 33
23: 9, 14, 21, 31
24: 10, 13, 21, 32
25: 10, 11, 21, 31
26: 11, 12, 21, 31
27: 21, 31
28: 21, 31
29: 22, 31
30: 22, 31
31: 23, 30
32: 20, 32
33: 20, 33
34: 20, 33
35: 20, 24, 29, 33
36: 31, 32
37: 
38: 
