0: 0, 18
1: 0, 21
2: 0, 24
3: 0, 27
4: 0, 29
5: 0, 32
6: 0, 34
7: 0, 43
8: 0, 45
9: 0, 46
10: 0, 48
11: 0, 49
12: 0, 50
13: 0, 51
14: 0, 52
15: 0, 52
16: 0, 52
17: 0, 52
18: 0, 52
19: 8, 9, 10, 11, 12, 52
20: 20, 21, 22, 52
21: 26, 52
22: 26, 29, 33, 52
23: 26, 31, 37, 52
24: 24, 32, 41, 52
25: 20, 31, 44, 52
26: 17, 31, 48, 52
27: 13, 32, 51, 52
28: 12, 13, 14, 31
29: 11, 13, 15, 33
30: 11, 12, 17, 33
31: 10, 12, 16, 33
32: 10, 12, 17, 33
33: 10, 12, 18, 33
34: 10, 12, 20, 33
35: 10, 13, 21, 34
36: 10, 13, 23, 33
37: 9, 13, 24, 32
38: 9, 12, 25, 32
