0: 0, 13, 38, 44
1: 0, 10, 39, 45
2: 0, 7, 39, 45
3: 0, 4, 39, 46
4: 40, 46
5: 39, 47
6: 27, 34, 35, 36, 37, 38, 39, 47
7: 26, 48
8: 17, 18, 26, 48
9: 6, 7, 10, 11, 16, 19, 28, 49
10: 4, 13, 28, 49
11: 0, 15, 28, 50
12: 0, 16, 29, 50
13: 0, 17, 28, 49
14: 0, 18, 28, 49
15: 0, 18, 28, 49
16: 0, 18, 29, 49
17: 0, 19, 28, 49
18: 0, 20, 28, 50
19: 0, 19, 28, 46
20: 0, 20, 28, 45
21: 0, 22, 27, 46
22: 0, 22, 29, 46, 49, 51
23: 0, 21, 29, 47, 50, 51
24: 0, 20, 29, 47, 50, 51
25: 0, 19, 29, 48
26: 0, 19, 29, 48
27: 0, 19, 28, 49
28: 0, 19, 28, 45
29: 0, 19, 29, 45
30: 0, 18, 29, 45, 49, 52
31: 0, 18, 27, 46, 50, 52
32: 0, 21, 26, 47, 48, 52
33: 0, 22, 25, 52
34: 0, 23, 26, 52
35: 0, 23, 26, 52
36: 0, 23, 24, 52
37: 0, 52
38: 0, 52
