0: 0, 16, 40, 52
1: 0, 16, 40, 52
2: 0, 16, 40, 52
3: 0, 14, 40, 52
4: 0, 15, 40, 52
5: 0, 14, 40, 52
6: 0, 14, 40, 52
7: 0, 14, 40, 52
8: 0, 14, 39, 41, 43, 52
9: 0, 14, 42, 52
10: 0, 13, 42, 52
11: 0, 13, 42, 52
12: 0, 11, 43, 52
13: 0, 11, 43, 52
14: 0, 10, 44, 52
15: 0, 9, 44, 52
16: 0, 9, 45, 52
17: 0, 9, 45, 52
18: 0, 11, 12, 13, 43, 52
19: 0, 19, 38, 52
20: 0, 20, 37, 52
21: 0, 21, 36, 52
22: 0, 22, 34, 52
23: 0, 24, 25, 26, 28, 29, 30, 52
24: 0, 52
25: 0, 52
26: 0, 52
27: 0, 52
28: 0, 52
29: 0, 52
30: 0, 52
31: 0, 52
32: 0, 52
33: 0, 52
34: 0, 52
35: 0, 52
36: 0, 52
37: 0, 52
38: 0, 52
