0: 0, 26
1: 0, 26
2: 0, 26
3: 0, 26
4: 0, 26
5: 0, 26
6: 0, 26
7: 0, 23, 24, 26
8: 3, 10, 11, 15, 16, 18, 19, 20, 21, 22, 24, 26
9: 3, 10, 12, 15, 24, 26
10: 3, 10, 12, 14, 24, 26
11: 3, 10, 12, 14, 24, 26
12: 3, 10, 13, 14, 24, 25
13: 4, 8
14: 5, 8
15: 5, 8
16: 6, 7, 34, 35
17: 6, 7, 31, 33, 34, 38, 39, 40
18: 30, 33, 34, 40
19: 29, 40
20: 30, 40
21: 31, 40
22: 31, 39
23: 31, 36
24: 31, 36
25: 31, 34
26: 31, 35
27: 29, 30, 31, 36
28: 29, 34, 35, 36
29: 31, 34
30: 32, 34
31: 
32: 
33: 
34: 
35: 
36: 
37: 
38: 
