0: 0, 9, 43, 48
1: 0, 6, 44, 48
2: 0, 3, 43, 47
3: 44, 47
4: 31, 39, 40, 41, 42, 49
5: 31, 50
6: 18, 19, 20, 21, 30, 50
7: 13, 14, 15, 16, 29, 51
8: 8, 11, 12, 14, 29, 51
9: 6, 7, 8, 9, 15, 21, 30, 52
10: 0, 8, 9, 10, 11, 12, 17, 21, 30, 52
11: 0, 13, 18, 21, 31, 52
12: 0, 15, 20, 21, 31, 52
13: 0, 17, 31, 52
14: 0, 18, 31, 52
15: 0, 19, 30, 52
16: 0, 20, 31, 52
17: 0, 20, 31, 52
18: 0, 21, 31, 52
19: 0, 22, 30, 52
20: 0, 21, 31, 50
21: 0, 23, 29, 30, 31, 49
22: 0, 24, 29, 50
23: 0, 23, 31, 50
24: 0, 23, 32, 51
25: 0, 22, 32, 51
26: 0, 22, 31, 49, 51, 52
27: 0, 21, 32, 48
28: 0, 21, 31, 48
29: 0, 21, 30, 48
30: 0, 21, 31, 49
31: 0, 21, 32, 52
32: 0, 20, 30, 52
33: 0, 22, 29, 52
34: 0, 24, 28, 52
35: 0, 25, 27, 28, 29, 52
36: 0, 25, 29, 52
37: 0, 26, 27, 52
38: 0, 52
