0: 0, 52
1: 0, 52
2: 0, 52
3: 0, 52
4: 0, 52
5: 0, 52
6: 0, 52
7: 0, 52
8: 0, 52
9: 0, 52
10: 0, 52
11: 0, 52
12: 0, 52
13: 0, 52
14: 0, 52
15: 0, 52
16: 0, 17, 18, 52
17: 0, 16, 19, 52
18: 0, 15, 20, 33, 34, 52
19: 0, 16, 21, 28, 29, 30, 36, 52
20: 0, 16, 24, 25, 26, 27, 36, 52
21: 0, 17, 37, 52
22: 0, 17, 36, 52
23: 0, 17, 37, 52
24: 0, 18, 33, 34, 35, 52
25: 0, 19, 22, 24, 27, 29, 33, 52
26: 0, 52
27: 0, 52
28: 0, 52
29: 0, 52
30: 0, 52
31: 0, 52
32: 0, 52
33: 0, 52
34: 0, 52
35: 0, 52
36: 0, 52
37: 0, 52
38: 0, 52
