0: 0, 9, 16, 20, 33, 52
1: 0, 8, 17, 19, 33, 52
2: 0, 8, 17, 20, 21, 22, 35, 52
3: 0, 7, 18, 19, 20, 21, 29, 30, 35, 52
4: 0, 7, 18, 19, 20, 22, 29, 30, 35, 52
5: 0, 7, 29, 30, 35, 52
6: 0, 8, 34, 52
7: 0, 8, 34, 52
8: 0, 9, 34, 52
9: 0, 11, 20, 21, 33, 52
10: 0, 12, 34, 52
11: 0, 12, 20, 21, 34, 52
12: 0, 12, 20, 21, 34, 52
13: 0, 13, 19, 21, 33, 52
14: 0, 14, 19, 21, 33, 52
15: 0, 18, 19, 22, 33, 52
16: 0, 23, 33, 52
17: 0, 24, 32, 52
18: 0, 23, 33, 52
19: 0, 22, 33, 52
20: 0, 21, 32, 52
21: 0, 21, 32, 52
22: 0, 20, 32, 52
23: 0, 19, 32, 52
24: 0, 19, 32, 52
25: 0, 19, 31, 52
26: 0, 19, 32, 52
27: 0, 20, 32, 52
28: 0, 20, 32, 52
29: 0, 20, 32, 52
30: 0, 20, 22, 23, 31, 52
31: 0, 20, 21, 24, 30, 52
32: 0, 20, 21, 24, 27, 28, 29, 52
33: 0, 25, 27, 52
34: 0, 25, 27, 52
35: 0, 24, 27, 52
36: 0, 24, 27, 52
37: 0, 25, 28, 52
38: 0, 25, 27, 52
