0: 0, 30, 46, 51
1: 0, 30, 43, 45, 46, 51
2: 0, 30, 43, 51
3: 0, 30, 43, 51
4: 0, 30, 43, 51
5: 0, 30, 40, 42, 44, 51
6: 0, 30, 40, 43, 44, 47, 48, 52
7: 0, 30, 40, 52
8: 0, 30, 41, 51
9: 0, 30, 42, 50
10: 0, 30, 43, 49
11: 0, 30, 45, 50
12: 0, 30, 45, 51
13: 0, 30, 46, 50
14: 0, 30, 46, 50
15: 0, 30, 47, 48
16: 0, 30
17: 0, 30
18: 0, 30
19: 0, 30
20: 0, 6, 8, 30
21: 0, 5, 10, 30
22: 0, 5, 8, 30
23: 0, 4, 9, 30
24: 0, 2, 12, 30
25: 0, 2, 10, 30
26: 0, 6, 11, 30
27: 0, 6, 11, 30
28: 0, 5, 13, 30
29: 0, 3, 4, 5, 13, 30
30: 0, 3, 4, 5, 13, 30
31: 0, 3, 14, 30
32: 0, 5, 9, 12, 13, 30
33: 0, 5, 10, 30
34: 0, 5, 10, 30
35: 0, 5, 10, 30
36: 0, 5, 11, 30
37: 0, 5, 12, 30
38: 0, 5, 13, 30
