0: 0, 17, 18, 21, 29, 32, 38, 52
1: 0, 17, 18, 22, 30, 32, 38, 52
2: 0, 17, 18, 21, 29, 32, 38, 52
3: 0, 17, 18, 21, 29, 32, 37, 52
4: 0, 16, 17, 22, 30, 32, 37, 52
5: 0, 17, 18, 21, 36, 52
6: 0, 16, 18, 21, 36, 52
7: 0, 16, 17, 21, 36, 52
8: 0, 16, 17, 22, 37, 52
9: 0, 16, 17, 22, 37, 52
10: 0, 16, 17, 23, 37, 52
11: 0, 15, 16, 23, 37, 52
12: 0, 16, 17, 24, 37, 52
13: 0, 15, 17, 19, 20, 21, 38, 52
14: 0, 15, 16, 18, 38, 52
15: 0, 15, 16, 17, 26, 27, 40, 52
16: 0, 16, 20, 27, 42, 52
17: 0, 15, 19, 28, 42, 52
18: 0, 15, 19, 27, 43, 52
19: 0, 15, 19, 27, 44, 52
20: 0, 15, 18, 27, 44, 52
21: 0, 14, 18, 28, 44, 52
22: 0, 14, 17, 28, 40, 41, 43, 52
23: 0, 13, 18, 19, 26, 29, 40, 52
24: 0, 13, 26, 29, 42, 52
25: 0, 14, 25, 30, 46, 47, 48, 52
26: 0, 16, 26, 31, 32, 33, 34, 36, 38, 40, 48, 52
27: 0, 13, 26, 37, 38, 43, 47, 52
28: 0, 12, 26, 44, 47, 52
29: 0, 11, 25, 46, 49, 52
30: 0, 11, 24, 48, 50, 52
31: 0, 10, 22, 52
32: 0, 11, 21, 52
33: 0, 11, 22, 52
34: 0, 11, 21, 52
35: 0, 12, 21, 52
36: 0, 13, 20, 52
37: 0, 15, 18, 52
38: 0, 52
