0: 0, 19, 35, 52
1: 0, 17, 18, 19, 35, 52
2: 0, 16, 18, 20, 34, 52
3: 0, 16, 19, 20, 34, 52
4: 0, 17, 19, 20, 34, 52
5: 0, 17, 20, 21, 34, 52
6: 0, 17, 21, 22, 34, 52
7: 0, 17, 21, 22, 35, 52
8: 0, 17, 21, 22, 35, 52
9: 0, 17, 21, 22, 35, 52
10: 0, 17, 22, 23, 35, 52
11: 0, 18, 22, 23, 35, 52
12: 0, 17, 22, 23, 34, 52
13: 0, 18, 22, 23, 34, 52
14: 0, 17, 22, 23, 34, 52
15: 0, 18, 22, 23, 33, 52
16: 0, 17, 22, 23, 33, 52
17: 0, 18, 22, 23, 33, 52
18: 0, 18, 32, 52
19: 0, 18, 33, 52
20: 0, 18, 32, 52
21: 0, 19, 31, 52
22: 0, 19, 31, 52
23: 0, 20, 31, 52
24: 0, 21, 30, 52
25: 0, 20, 29, 52
26: 0, 20, 29, 52
27: 0, 21, 30, 52
28: 0, 21, 29, 52
29: 0, 21, 30, 52
30: 0, 21, 31, 52
31: 0, 20, 30, 52
32: 0, 19, 31, 52
33: 0, 19, 32, 52
34: 0, 18, 31, 52
35: 0, 18, 32, 52
36: 0, 20, 21, 22, 23, 26, 32, 52
37: 0, 29, 30, 52
38: 0, 52
