0: 0, 12, 13, 32, 46, 52
1: 0, 32, 45, 52
2: 0, 31, 46, 52
3: 0, 31
4: 0, 31
5: 0, 22, 27, 31
6: 0, 22, 29, 30
7: 0, 21
8: 0, 21
9: 0, 21
10: 0, 22
11: 0, 21, 26, 28
12: 0, 22, 26, 29
13: 0, 21, 26, 31
14: 0, 22, 26, 32
15: 0, 22, 26, 35
16: 0, 22, 26, 36
17: 0, 22, 26, 37
18: 0, 22, 26, 39
19: 0, 22, 26, 29, 30, 38
20: 0, 22, 26, 28, 29, 36, 37, 38
21: 0, 22, 28, 35
22: 0, 21, 27, 35
23: 0, 20, 26, 34
24: 0, 21, 26, 34
25: 0, 21, 25, 33
26: 0, 20, 22, 34
27: 0, 19, 20, 34
28: 0, 32
29: 0, 33
30: 0, 32
31: 0, 32
32: 0, 33, 51, 52
33: 0, 33, 51, 52
34: 0, 34, 51, 52
35: 0, 35, 50, 52
36: 0, 35, 49, 52
37: 0, 37, 38, 39, 48, 52
38: 0, 39, 47, 52
