0: 23, 40
1: 23, 40
2: 19, 20, 23, 39
3: 19, 21, 23, 40
4: 19, 39
5: 20, 39
6: 20, 38
7: 20, 39
8: 19, 38
9: 20, 38
10: 20, 38
11: 20, 38
12: 19, 38, 51, 52
13: 18, 37, 46, 47, 48, 52
14: 17, 38, 47, 49, 50, 52
15: 16, 38, 44, 45, 46, 47, 49, 52
16: 16, 37, 43, 44, 46, 47, 48, 52
17: 15, 38, 45, 52
18: 14, 37, 43, 52
19: 15, 37, 42, 52
20: 18, 19, 20, 22, 23, 24, 25, 37, 38, 39, 40, 52
21: 26, 37, 40, 52
22: 26, 37, 39, 52
23: 24, 37, 38, 52
24: 23, 52
25: 22, 52
26: 22, 52
27: 21, 52
28: 22, 23, 25, 51
29: 23, 51
30: 25, 51
31: 25, 52
32: 21, 22, 23, 24, 25, 52
33: 20, 21, 24, 52
34: 24, 52
35: 19, 20, 21, 52
36: 18, 20, 21, 52
37: 18, 52
38: 17, 51
