0: 8, 9, 11, 12, 15, 16, 17, 18, 19, 20, 21, 22, 23, 24, 26, 52
1: 8, 10, 11, 13, 24, 52
2: 8, 10, 11, 13, 17, 18, 19, 20, 21, 22, 23, 52
3: 6, 7, 8, 16, 23, 24, 25, 52
4: 5, 17, 18, 19, 20, 21, 22, 52
5: 2, 18, 22, 23, 24, 52
6: 2, 18, 19, 20, 21, 52
7: 2, 18, 21, 22, 23, 52
8: 3, 18, 19, 52
9: 4, 18, 19, 20, 21, 52
10: 4, 17, 18, 19, 20, 52
11: 5, 16, 17, 18, 19, 52
12: 6, 17, 18, 52
13: 6, 16, 17, 52
14: 4, 5, 7, 16, 17, 19, 20, 52
15: 4, 5, 7, 16, 17, 52
16: 4, 7, 8, 15, 16, 17, 18, 21, 22, 52
17: 2, 3, 4, 5, 6, 15, 17, 18, 19, 52
18: 2, 14, 15, 16, 17, 19, 20, 52
19: 2, 15, 17, 18, 19, 52
20: 2, 14, 17, 18, 19, 20, 21, 52
21: 2, 14, 16, 17, 19, 21, 22, 23, 24, 52
22: 3, 14, 17, 18, 19, 20, 21, 52
23: 3, 14, 19, 20, 21, 22, 23, 52
24: 4, 15, 18, 19, 21, 52
25: 4, 14, 20, 21, 22, 52
26: 4, 13, 15, 16, 19, 20, 21, 22, 23, 52
27: 4, 12, 17, 18, 20, 21, 22, 23, 24, 52
28: 4, 11, 20, 21, 22, 52
29: 4, 10, 19, 20, 21, 52
30: 4, 11, 12, 13, 21, 22, 23, 52
31: 4, 10, 17, 18, 20, 21, 22, 52
32: 3, 10, 21, 52
33: 2, 9, 11, 12, 19, 20, 21, 22, 23, 52
34: 3, 6, 7, 9, 21, 22, 23, 52
35: 1, 3, 4, 6, 9, 10, 19, 20, 21, 52
36: 21, 22, 23, 52
37: 19, 20, 21, 23, 24, 27, 28, 52
38: 21, 22, 23, 26, 27, 29, 30, 52
