0: 19, 21, 25, 27
1: 19, 21, 25, 27
2: 19, 20, 25, 26
3: 19, 21, 25, 27, 47, 48
4: 19, 21, 25, 26
5: 19, 21, 24, 26
6: 19, 21, 24, 26
7: 19, 25
8: 17, 26
9: 17, 27
10: 2, 3, 17, 27
11: 1, 2, 3, 5, 6, 7, 17, 27
12: 6, 7, 8, 9, 17, 26
13: 5, 10, 17, 25
14: 6, 9, 11, 12, 18, 25, 31, 32
15: 6, 10, 11, 17, 18, 25, 26, 31
16: 6, 9, 12, 13, 16, 25, 26, 27
17: 6, 9, 16, 24
18: 6, 10, 13, 17, 19, 26
19: 6, 10, 12, 13, 16, 18, 19, 23, 25, 29
20: 6, 9, 17, 18, 19, 23, 28, 29
21: 6, 9, 17, 18, 19, 23
22: 7, 9, 17, 23
23: 6, 9, 18, 23, 43, 45
24: 6, 8, 17, 23
25: 18, 23
26: 19, 23
27: 18, 23
28: 17, 24, 31, 32
29: 17, 25
30: 16, 25
31: 15, 16, 18, 25, 42, 44
32: 14, 15, 41, 46
33: 13, 14, 41, 47, 51, 52
34: 12, 13, 40, 47
35: 11, 12, 31, 47
36: 10, 11, 30, 47
37: 9, 10, 29, 32, 34, 46
38: 8, 9, 28, 30, 38, 39, 40, 42
