0: 21, 30, 37, 41, 45, 49
1: 20, 31, 32, 33, 34, 41, 44, 48
2: 21, 42, 44, 47
3: 20, 46
4: 21, 46
5: 20, 35, 36, 37, 38, 45
6: 20, 36, 39, 45
7: 20, 36, 39, 44
8: 20, 35, 38, 42
9: 20, 41
10: 20, 40
11: 20, 38
12: 20, 30, 31, 37
13: 19, 37
14: 19, 35
15: 19, 34
16: 19, 31
17: 19, 29
18: 16, 27
19: 16, 28
20: 15, 28
21: 12, 29
22: 0, 1, 5, 6, 7, 8, 9, 29
23: 0, 30
24: 0, 12, 15, 30
25: 2, 3, 4, 5, 6, 7, 16, 30
26: 14, 30
27: 15, 31
28: 15, 32
29: 17, 32
30: 17, 31
31: 17, 31
32: 17, 32
33: 17, 33
34: 18, 34
35: 19, 28
36: 21, 27
37: 
38: 
