0: 0, 52
1: 0, 52
2: 0, 52
3: 0, 52
4: 0, 52
5: 0, 52
6: 0, 52
7: 0, 52
8: 0, 52
9: 0, 25, 26, 27, 28, 52
10: 0, 22, 32, 52
11: 0, 19, 34, 52
12: 0, 17, 36, 52
13: 0, 16, 25, 27, 37, 52
14: 0, 14, 22, 30, 39, 52
15: 0, 12, 22, 31, 40, 52
16: 0, 10, 21, 31, 41, 52
17: 0, 8, 21, 32, 43, 52
18: 0, 6, 20, 32, 45, 46, 47, 52
19: 0, 11, 12, 13, 21, 32, 45, 52
20: 0, 15, 16, 17, 20, 32, 38, 39, 40, 52
21: 0, 20, 21, 32, 33, 52
22: 0, 52
23: 0, 52
24: 0, 52
25: 0, 52
26: 0, 52
27: 0, 52
28: 0, 52
29: 0, 52
30: 0, 52
31: 0, 52
32: 0, 52
33: 0, 52
34: 0, 52
35: 0, 52
36: 0, 52
37: 0, 52
38: 0, 52
