0: 25, 29, 33, 52
1: 26, 29, 34, 51
2: 27, 30, 35, 52
3: 27, 31, 35, 52
4: 28, 31, 34, 52
5: 28, 31, 34, 52
6: 27, 31, 33, 52
7: 28, 52
8: 27, 42, 43, 52
9: 27, 42, 43, 52
10: 28, 41, 43, 47, 48, 52
11: 27, 41, 44, 47
12: 27, 40
13: 27, 40, 47, 48, 50, 52
14: 24, 29, 30, 40, 41, 42, 43, 44, 45, 51
15: 23, 28, 30, 52
16: 23, 29, 30, 51
17: 23, 28, 30, 51
18: 23, 28, 30, 49
19: 25, 48
20: 26, 46
21: 26, 47
22: 24, 48
23: 23, 47
24: 20, 46
25: 18, 42
26: 17, 37
27: 15, 38
28: 16, 37, 43, 44
29: 15, 23, 24, 37, 41, 46
30: 16, 22, 26, 43
31: 16, 23, 27, 42
32: 19, 23, 28, 41
33: 29, 39
34: 31, 32, 33, 36
35: 
36: 
37: 
38: 
