0: 0, 26, 40, 52
1: 0, 27, 39, 52
2: 0, 27, 41, 52
3: 0, 28, 41, 52
4: 0, 25, 26, 28, 42, 52
5: 0, 23, 27, 28, 42, 52
6: 0, 23, 27, 28, 41, 51
7: 0, 23, 42, 49
8: 0, 23, 42, 48
9: 0, 23, 43, 46
10: 0, 13, 14, 23, 43, 45
11: 0, 8, 15, 18
12: 0, 9, 17, 18, 51, 52
13: 0, 11, 44, 52
14: 0, 12, 44, 52
15: 0, 13, 44, 52
16: 0, 14, 22, 23, 24, 26, 43, 52
17: 0, 15, 21, 27, 42, 52
18: 0, 15, 19, 28, 40, 52
19: 0, 16, 18, 31, 38, 52
20: 0, 32, 37, 38, 39, 52
21: 0, 28, 40, 41, 42, 52
22: 0, 27, 42, 52
23: 0, 27, 42, 52
24: 0, 28, 42, 52
25: 0, 26, 41, 52
26: 0, 25, 42, 52
27: 0, 24, 42, 52
28: 0, 24, 43, 52
29: 0, 26, 42, 44, 45, 52
30: 0, 27, 46, 52
31: 0, 27, 45, 52
32: 0, 26, 46, 52
33: 0, 27, 48, 52
34: 0, 27, 47, 52
35: 0, 28, 47, 52
36: 0, 28, 46, 52
37: 0, 30, 31, 32, 39, 42, 46, 52
38: 0, 43, 45, 52
