0: 0, 18, 30, 52
1: 0, 19, 30, 52
2: 0, 19, 30, 52
3: 0, 19, 30, 52
4: 0, 19, 30, 52
5: 0, 20, 30, 52
6: 0, 21, 29, 52
7: 0, 20, 30, 31, 33, 52
8: 0, 19, 29, 30, 33, 48, 49, 52
9: 0, 20, 33, 47
10: 2, 20, 33, 34, 37, 39, 42, 44, 45, 46
11: 3, 8, 10, 12, 15, 19, 33, 34, 51, 52
12: 4, 5, 6, 7, 17, 19, 50, 52
13: 49, 52
14: 0, 1, 34, 37, 48, 52
15: 0, 1, 12, 13, 14, 16, 17, 18, 34, 40, 47, 52
16: 0, 3, 11, 18, 33, 41, 46, 52
17: 0, 3, 10, 19, 32, 44, 45, 52
18: 0, 4, 7, 19, 32, 52
19: 0, 5, 6, 21, 22, 23, 28, 52
20: 0, 24, 27, 28, 29, 52
21: 0, 21, 31, 52
22: 0, 20, 32, 52
23: 0, 20, 31, 52
24: 0, 20, 32, 52
25: 0, 19, 33, 52
26: 0, 18, 32, 52
27: 0, 19, 34, 52
28: 0, 20, 34, 52
29: 0, 20, 36, 52
30: 0, 20, 36, 52
31: 0, 20, 35, 52
32: 0, 21, 31, 32, 34, 52
33: 0, 22, 30, 33, 34, 52
34: 0, 52
35: 0, 52
36: 0, 52
37: 0, 52
38: 0, 52
