0: 19, 33, 44, 46, 47, 49
1: 20, 33, 43, 47, 48, 49
2: 19, 32, 44, 50
3: 19, 33, 44, 51
4: 20, 32, 44, 52
5: 19, 33, 44, 52
6: 19, 33, 44, 52
7: 20, 32, 45, 52
8: 19, 33, 45, 52
9: 19, 32, 46, 52
10: 20, 33, 46, 52
11: 19, 33, 47, 52
12: 19, 32, 48, 52
13: 20, 33, 49, 52
14: 19, 33, 50, 52
15: 19, 32, 51, 52
16: 20, 33
17: 19, 33
18: 19, 32
19: 20, 25, 27, 33
20: 19, 25, 27, 33
21: 19, 24, 29, 32
22: 20, 22, 30, 33
23: 19, 23, 29, 33
24: 20, 22, 23, 24, 28, 29, 30, 31
25: 30, 31
26: 19, 25, 28, 33
27: 19, 25, 27, 32
28: 20, 25, 27, 33
29: 19, 24, 28, 32
30: 19, 24, 28, 33
31: 20, 24, 29, 33
32: 19, 23, 29, 32
33: 19, 22, 30, 33
34: 20, 22, 31, 33
35: 19, 22, 31, 32
36: 19, 22, 29, 33
37: 20, 23, 24, 25, 26, 27, 29, 32
38: 19, 23, 24, 28, 29, 33
