0: 8, 9, 42, 44, 47, 52
1: 8, 10, 41, 43, 48, 52
2: 7, 10, 18, 19, 41, 44, 47, 52
3: 7, 10, 18, 20, 41, 45, 47, 52
4: 0, 1, 7, 10, 18, 20, 41, 44, 47, 52
5: 7, 11, 17, 21, 36, 37, 40, 45, 47, 52
6: 0, 1, 6, 11, 17, 20, 28, 29, 35, 37, 40, 45, 46, 52
7: 0, 1, 6, 11, 17, 21, 27, 29, 35, 38, 40, 45, 46, 52
8: 0, 1, 6, 11, 16, 21, 27, 30, 34, 37, 40, 45, 46, 52
9: 0, 2, 6, 11, 17, 21, 27, 30, 35, 38, 39, 46, 47, 52
10: 0, 2, 5, 12, 16, 22, 27, 30, 34, 38, 40, 45, 47, 51
11: 0, 1, 5, 12, 16, 21, 26, 31, 34, 39, 40, 45, 48, 52
12: 0, 1, 6, 12, 15, 22, 26, 30, 33, 38, 40, 45, 46, 52
13: 0, 1, 6, 11, 16, 22, 26, 31, 34, 39, 41, 49, 50, 52
14: 6, 10, 16, 22, 26, 31, 33, 39, 41, 45
15: 1, 2, 7, 10, 16, 21, 25, 31, 33, 39, 40, 45
16: 0, 11, 17, 21, 25, 32, 33, 39, 40, 43
17: 0, 14, 15, 16, 17, 20, 25, 31, 33, 38, 39, 42
18: 6, 7, 8, 22, 26, 31, 34, 42
19: 13, 24, 26, 31, 35, 40, 48, 50
20: 17, 18, 19, 30, 35, 40, 48, 52
21: 21, 29, 34, 38, 47, 51
22: 24, 30, 33, 38, 47, 52
23: 26, 31, 32, 36, 47, 51
24: 28, 35, 47, 52
25: 30, 34, 46, 52
26: 32, 33, 47, 52
27: 43, 45, 46, 52
28: 44, 52
29: 45, 52
30: 46, 52
31: 48, 52
32: 49, 52
33: 49, 52
34: 50, 52
35: 50, 52
36: 50, 52
37: 50, 52
38: 50, 52
