0: 29, 34, 41, 43
1: 29, 34, 41, 43
2: 30, 34, 40, 45
3: 29, 35, 39, 45
4: 30, 34, 40, 45
5: 30, 34, 40, 44, 45, 46
6: 31, 34, 40, 44, 45, 46
7: 13, 14, 31, 34, 41, 45
8: 12, 24, 25, 26, 31, 34, 40, 44
9: 8, 27, 31, 34, 41, 45
10: 6, 28, 29, 31, 32, 34, 37, 38, 40, 45
11: 6, 29, 31, 35, 36, 39, 40, 45
12: 5, 30, 32, 36, 40, 44
13: 5, 36, 37, 38, 39, 40, 41, 43
14: 5, 35, 36, 43
15: 4, 36, 37, 38, 39, 44
16: 4, 31, 32, 35, 36, 38, 39, 43
17: 4, 34, 35, 36, 38, 44
18: 5, 34, 36, 37, 40, 43
19: 5, 36, 41, 42, 43, 45
20: 6, 33, 35, 38, 39, 40, 42, 46
21: 8, 32, 37, 38, 39, 43, 44, 49, 50, 51
22: 8, 28, 29, 33, 39, 41, 42, 44, 45, 49, 50, 51
23: 8, 28, 29, 31, 32, 34, 44, 46, 47, 49, 50, 51
24: 7, 27, 29, 31, 34, 36, 43, 46, 47, 48, 49, 50, 51, 52
25: 8, 27, 29, 32, 34, 35, 36, 38, 42, 43, 45, 47, 49, 50
26: 8, 30, 31, 32, 34, 35, 38, 40, 41, 42, 43, 45, 47, 48, 49, 50
27: 9, 30, 31, 33, 35, 36, 40, 41, 44, 45, 49, 50
28: 10, 31, 32, 35, 40, 42, 43, 44, 51, 52
29: 11, 32, 33, 35, 41, 42, 43, 44, 45, 46
30: 11, 30, 31, 32, 33, 34, 35, 36, 41, 43, 44, 45
31: 12, 32, 36, 37, 41, 42, 43, 44
32: 12, 32, 36, 38
33: 12, 32, 36, 37, 38, 40
34: 13, 31, 33, 34, 39, 40, 42, 43
35: 13, 31, 37, 38, 41, 42
36: 14, 30
37: 15, 30
38: 16, 30
