0: 40, 41, 42, 52
1: 24, 25, 42, 52
2: 18, 28, 43, 52
3: 15, 29, 43, 52
4: 11, 29, 43, 52
5: 9, 28, 43, 52
6: 0, 1, 9, 28, 43, 52
7: 0, 28, 43, 52
8: 0, 18, 19, 27, 42, 52
9: 0, 17, 22, 28, 42, 52
10: 0, 16, 24, 25, 26, 28, 43, 52
11: 0, 16, 43, 52
12: 0, 16, 42, 52
13: 0, 15, 20, 21, 43, 52
14: 0, 15, 19, 23, 43, 52
15: 0, 14, 19, 24, 43, 52
16: 0, 14, 19, 26, 41, 52
17: 0, 12, 19, 30, 38, 52
18: 0, 10, 18, 29, 38, 52
19: 0, 9, 12, 13, 16, 28, 39, 52
20: 0, 9, 10, 12, 14, 28, 40, 52
21: 0, 9, 10, 27, 41, 52
22: 0, 27, 40, 52
23: 0, 27, 41, 52
24: 0, 27, 40, 52
25: 0, 28, 40, 52
26: 0, 27, 39, 52
27: 0, 26, 39, 52
28: 0, 25, 38, 52
29: 0, 25, 39, 52
30: 0, 26, 39, 52
31: 0, 28, 40, 52
32: 0, 29, 38, 52
33: 0, 30, 35, 36, 37, 52
34: 0, 30, 33, 35, 36, 52
35: 0, 30, 37, 52
36: 0, 29, 35, 52
37: 0, 31, 32, 52
38: 0, 52
