0: 0, 7
1: 0, 7
2: 0, 7
3: 0, 7, 44, 45
4: 0, 6, 46, 47
5: 0, 7, 25, 26, 38, 39
6: 0, 7, 27, 28
7: 0, 7, 20, 21, 29, 30
8: 0, 7, 33, 34
9: 0, 7, 39, 40, 45, 46, 49, 50
10: 0, 7, 25, 26, 41, 42
11: 0, 7, 30, 31, 35, 36
12: 0, 6, 13, 14
13: 0, 7, 18, 19, 37, 38, 44, 45
14: 0, 6, 20, 21, 28, 29, 32, 33, 40, 41, 47, 48, 50, 51
15: 0, 6, 23, 24
16: 0, 6, 25, 26, 34, 35, 37, 38, 43, 44
17: 0, 6, 31, 32, 40, 41, 46, 47
18: 0, 6, 13, 14, 28, 29, 49, 50
19: 0, 6, 15, 16, 18, 19, 21, 22, 33, 34, 36, 37, 38, 39, 43, 44
20: 0, 5, 23, 24, 30, 31, 40, 41, 45, 46, 48, 49
21: 0, 5, 25, 26, 34, 35, 37, 38, 39, 40, 41, 42, 44, 45
22: 0, 5, 27, 28, 32, 33, 35, 36, 42, 43, 47, 48
23: 0, 5, 18, 19, 21, 22, 29, 30, 31, 32, 34, 35, 36, 43, 44, 45, 46, 47, 50, 51
24: 0, 4, 10, 11, 23, 24, 26, 27, 33, 34, 35, 46, 48, 49
25: 0, 4, 12, 13, 15, 16, 29, 30, 31, 48, 49, 50
26: 0, 4, 20, 21, 26, 27, 29, 30, 31, 49, 50, 51
27: 0, 2, 24, 25, 28, 29, 30, 50, 51, 52
28: 18, 19, 22, 23, 27, 28, 29, 51
29: 9, 10, 14, 15, 26, 27, 28, 52
30: 21, 22, 24, 25, 26, 27, 28, 52
31: 17, 18, 27, 52
32: 24, 25, 26, 52
33: 11, 12, 19, 20, 22, 23, 25, 26, 27, 52
34: 13, 14, 25, 26, 27, 52
35: 15, 16, 21, 22, 24, 25, 26, 52
36: 18, 19, 24, 25, 26, 52
37: 22, 23, 26, 52
38: 25, 52
