0: 0, 34, 45, 52
1: 0, 34, 45, 51
2: 0, 34, 45, 50
3: 0, 34
4: 0, 34
5: 0, 28, 29, 34
6: 0, 25
7: 0, 24
8: 0, 23, 48, 50
9: 0, 22, 48, 51
10: 0, 21, 48, 50
11: 0, 21, 28, 30, 48, 51
12: 0, 20, 28, 33, 48, 51
13: 0, 19, 27, 35, 47, 51
14: 0, 14, 26, 35, 47, 52
15: 0, 12, 25, 41, 48, 49, 50, 51
16: 0, 11, 24, 41
17: 0, 10, 23, 41
18: 0, 10, 22, 39, 40, 41
19: 0, 9, 20, 37
20: 0, 10, 17, 37
21: 0, 36
22: 0, 36
23: 0, 35
24: 0, 36
25: 0, 35
26: 0, 34
27: 0, 34
28: 0, 32
29: 0, 32
30: 0, 31
31: 0, 32
32: 0, 36
33: 0, 37
34: 0, 38
35: 0, 39
36: 0, 40
37: 0, 42
38: 0, 51
