0: 8, 11, 13, 40
1: 8, 11, 14, 39
2: 8, 12, 15, 40
3: 7, 12, 16, 39
4: 7, 11, 18, 39
5: 7, 11, 20, 40
6: 6, 11, 22, 39
7: 5, 10, 24, 38
8: 5, 10, 26, 38
9: 5, 9, 28, 37
10: 4, 9, 29, 37
11: 4, 9, 29, 37
12: 4, 8, 28, 36
13: 4, 9, 28, 36
14: 3, 8, 26, 36, 37, 39
15: 4, 9, 25, 28, 29, 42
16: 3, 8, 25, 28, 29, 44
17: 3, 8, 26, 38, 39, 46
18: 3, 9, 26, 37, 42, 47
19: 3, 8, 27, 37, 44, 48, 50, 52
20: 3, 9, 27, 37, 43, 52
21: 3, 9, 24, 25, 27, 36, 38, 39, 40, 48
22: 3, 9, 23, 40
23: 4, 9, 23, 36
24: 3, 9, 23, 35
25: 4, 10, 20, 32
26: 4, 10, 17, 20, 21, 32
27: 4, 11, 13, 17, 18, 33
28: 4, 14, 20, 33
29: 5, 11, 21, 33
30: 4, 8, 22, 33
31: 23, 34
32: 24, 33
33: 26, 32
34: 29, 30
35: 
36: 
37: 
38: 
