0: 19, 34
1: 20, 34
2: 20, 33
3: 20, 33
4: 21, 33
5: 21, 32
6: 21, 32
7: 22, 31
8: 22, 31, 38, 42
9: 22, 31, 37, 42
10: 16, 17, 21, 31, 35, 40
11: 18, 30, 32, 41
12: 17, 37
13: 16, 34
14: 14, 32
15: 11, 33
16: 8, 16, 17, 32
17: 10, 11, 12, 13, 16, 17, 18, 33
18: 10, 13, 17, 18, 19, 33
19: 10, 14, 17, 32
20: 9, 15, 18, 32
21: 9, 14, 19, 31
22: 9, 14, 20, 31
23: 10, 13, 14, 15, 20, 30
24: 9, 14, 21, 29
25: 10, 13, 21, 30
26: 10, 11, 13, 15, 21, 30
27: 12, 13, 21, 32
28: 22, 32
29: 22, 32
30: 22, 32
31: 23, 32
32: 22, 32
33: 21, 32
34: 21, 28, 29, 33
35: 22, 26
36: 23, 24
37: 
38: 
