0: 0, 6, 30, 52
1: 0, 5, 30, 52
2: 0, 6, 30, 51
3: 0, 5, 31, 51
4: 0, 5, 31, 50
5: 0, 5, 32, 49
6: 0, 5, 32, 48
7: 0, 5, 32, 48
8: 0, 5, 32, 46
9: 0, 5, 33, 47
10: 0, 5, 33, 46
11: 0, 4, 33, 46
12: 0, 5, 32, 48
13: 0, 4, 32, 50
14: 0, 5, 33, 51
15: 0, 4, 30, 43, 46, 51
16: 0, 5, 28, 43, 47, 51
17: 0, 8, 24, 25, 26, 32, 33, 43, 47, 51
18: 0, 10, 20, 21, 22, 29, 33, 44, 46, 51
19: 0, 3, 4, 5, 6, 26, 33, 44, 46, 50
20: 9, 22, 33, 50
21: 16, 17, 33, 50
22: 32, 50
23: 33, 49
24: 33, 49
25: 34, 48
26: 34, 49
27: 34, 49
28: 34, 49
29: 35, 47
30: 35, 47
31: 35, 48
32: 36, 48
33: 36, 47
34: 36, 48
35: 34, 52
36: 36, 51
37: 37, 52
38: 37, 52
