0: 0, 10, 22, 30, 40, 52
1: 0, 10, 22, 30, 39, 52
2: 0, 10, 22, 28, 30, 31, 39, 52
3: 0, 10, 22, 28, 30, 31, 39, 52
4: 0, 10, 22, 27, 38, 41, 42, 52
5: 0, 10, 21, 27, 38, 41, 43, 52
6: 0, 11, 21, 28, 38, 39, 43, 52
7: 0, 11, 22, 28, 31, 32, 38, 39, 42, 52
8: 0, 11, 23, 28, 31, 33, 43, 52
9: 0, 11, 23, 28, 31, 33, 42, 52
10: 0, 12, 19, 20, 24, 29, 31, 32, 39, 52
11: 0, 12, 19, 20, 24, 30, 39, 52
12: 0, 13, 18, 21, 24, 30, 38, 52
13: 0, 13, 19, 21, 25, 30, 38, 52
14: 0, 13, 19, 22, 26, 31, 38, 52
15: 0, 13, 19, 22, 26, 31, 38, 52
16: 0, 13, 20, 22, 26, 31, 37, 52
17: 0, 12, 26, 31, 38, 39, 40, 52
18: 0, 12, 25, 31, 42, 52
19: 0, 12, 24, 30, 43, 52
20: 0, 13, 24, 28, 42, 52
21: 0, 13, 23, 27, 41, 52
22: 0, 15, 23, 27, 39, 52
23: 0, 15, 22, 29, 38, 52
24: 0, 15, 20, 33, 39, 52
25: 0, 14, 22, 33, 39, 52
26: 0, 12, 23, 33, 39, 52
27: 0, 13, 24, 34, 36, 52
28: 0, 13, 24, 52
29: 0, 13, 24, 52
30: 0, 13, 23, 52
31: 0, 13, 23, 52
32: 0, 13, 22, 52
33: 0, 14, 21, 52
34: 0, 14, 20, 52
35: 0, 52
36: 0, 52
37: 0, 52
38: 0, 52
