0: 32, 52
1: 31, 52
2: 32, 51
3: 31, 51
4: 31, 50
5: 31, 49
6: 32, 50
7: 31, 50, 51, 52
8: 31, 52
9: 27, 52
10: 25, 52
11: 24, 33, 34, 52
12: 24, 32, 34, 52
13: 23, 33, 34, 52
14: 24, 32, 33, 52
15: 24, 52
16: 25, 52
17: 26, 52
18: 27, 52
19: 27, 52
20: 24, 26, 27, 52
21: 23, 52
22: 23, 52
23: 21, 52
24: 18, 52
25: 16, 52
26: 14, 52
27: 12, 13, 14, 48, 49, 50
28: 11, 45
29: 9, 45
30: 10, 45, 51, 52
31: 9, 15, 16, 45, 50, 52
32: 11, 12, 16, 21, 24, 25, 26, 45, 48, 52
33: 15, 22, 27, 52
34: 15, 22, 28, 52
35: 14, 23, 28, 50
36: 14, 24, 29, 49
37: 13, 25, 30, 48
38: 14, 24, 31, 47
