0: 12, 24
1: 9, 23
2: 7, 24
3: 5, 23, 46, 48
4: 5, 23, 49, 50
5: 5, 24
6: 6, 23, 29, 30
7: 7, 23
8: 9, 23
9: 11, 23
10: 13, 23
11: 15, 23
12: 16, 23
13: 17, 22, 45, 46
14: 17, 23, 29, 30
15: 17, 23
16: 4, 5, 16, 24, 25, 26, 35, 36
17: 16, 26, 27, 28
18: 6, 7, 16, 25, 27, 28
19: 5, 8, 16, 23, 26, 27, 36, 37
20: 5, 9, 17, 23
21: 5, 10, 17, 22
22: 5, 11, 17, 22, 47, 48
23: 5, 11, 17, 21
24: 5, 13, 15, 19
25: 5, 14, 15, 21, 44, 45
26: 5, 21
27: 6, 22
28: 6, 23
29: 7, 22, 29, 30
30: 7, 21
31: 8, 20
32: 8, 20
33: 8, 9, 10, 22
34: 11, 22
35: 13, 23, 28, 29
36: 15, 23
37: 
38: 
