0: 12, 25, 30, 42, 47, 52
1: 5, 7, 8, 9, 12, 25, 30, 43, 47, 52
2: 6, 8, 12, 25, 29, 43, 46, 52
3: 2, 5, 11, 25, 28, 43, 47, 52
4: 0, 7, 12, 25, 28, 31, 33, 43, 47, 52
5: 0, 7, 12, 25, 31, 42, 47, 52
6: 0, 8, 11, 25, 31, 42, 47, 49, 50, 52
7: 0, 8, 11, 25, 30, 42, 51, 52
8: 0, 7, 12, 25, 29, 42
9: 0, 7, 12, 26, 29, 42, 45, 47, 48, 52
10: 0, 7, 11, 25, 29, 42, 46, 52
11: 0, 8, 11, 26, 30, 41, 46, 52
12: 0, 9, 10, 26, 29, 42, 45, 52
13: 0, 27, 28, 42, 43, 52
14: 0, 52
15: 0, 52
16: 0, 52
17: 0, 52
18: 0, 52
19: 0, 52
20: 0, 52
21: 0, 52
22: 0, 52
23: 0, 52
24: 0, 52
25: 0, 52
26: 0, 52
27: 0, 52
28: 0, 52
29: 0, 52
30: 0, 52
31: 0, 52
32: 0, 52
33: 0, 52
34: 0, 52
35: 0, 52
36: 0, 52
37: 0, 52
38: 0, 52
