0: 19, 26, 33, 52
1: 19, 26, 33, 52
2: 19, 26, 32, 52
3: 20, 26, 32, 52
4: 20, 26, 32, 52
5: 17, 19, 20, 26, 35, 52
6: 18, 26, 33, 52
7: 21, 26, 30, 52
8: 22, 26, 29, 52
9: 24, 25, 26, 52
10: 26, 52
11: 26, 52
12: 26, 52
13: 26, 52
14: 26, 52
15: 26, 52
16: 26, 52
17: 26, 52
18: 26, 52
19: 26, 52
20: 26, 52
21: 26, 52
22: 26, 52
23: 26, 52
24: 26, 52
25: 26, 52
26: 26, 52
27: 26, 52
28: 26, 52
29: 26, 52
30: 26, 52
31: 26, 52
32: 26, 52
33: 26, 52
34: 26, 52
35: 26, 52
36: 26, 52
37: 26, 52
38: 26, 52
