0: 0, 26
1: 0, 25
2: 0, 24, 34, 36, 37, 38, 39, 40
3: 0, 23, 33, 42
4: 0, 23, 33, 44
5: 0, 22, 32, 45
6: 0, 21, 31, 46
7: 0, 20, 30, 48
8: 0, 20, 29, 48
9: 0, 20, 28, 48
10: 0, 20, 28, 48
11: 0, 19, 29, 48
12: 0, 19, 29, 48
13: 0, 19, 30, 48
14: 0, 19, 29, 48
15: 0, 18, 30, 48
16: 0, 18, 30, 48
17: 0, 18, 30, 47
18: 0, 19, 29, 48
19: 0, 21, 29, 47
20: 0, 24, 25, 27, 29, 47
21: 0, 26, 29, 47
22: 0, 27, 30, 47
23: 0, 27, 30, 43
24: 0, 27, 30, 43
25: 0, 28, 31, 42
26: 0, 27, 30, 40
27: 0, 28, 31, 37, 38, 39
28: 0, 29, 30, 37
29: 0, 37
30: 0, 37
31: 0, 37
32: 0, 38
33: 0, 39, 40, 41
34: 0, 42
35: 0, 43
36: 0, 45
37: 0, 46
38: 0, 45
