0: 15, 36
1: 17, 36
2: 18, 35
3: 18, 35
4: 18, 35
5: 19, 35
6: 18, 34
7: 18, 34
8: 6, 10, 19, 34
9: 6, 12, 13, 14, 19, 34
10: 6, 15, 16, 17, 20, 34
11: 0, 3, 4, 18, 20, 34
12: 0, 9, 10, 34
13: 0, 1, 2, 9, 11, 34
14: 4, 10, 11, 12, 13, 33
15: 4, 12, 13, 32
16: 4, 8, 10, 14, 15, 32
17: 3, 7, 11, 15, 21, 32
18: 3, 7, 13, 16, 21, 32
19: 2, 7, 14, 17, 22, 32
20: 1, 6, 15, 18, 21, 32
21: 0, 6, 16, 19, 21, 32
22: 0, 5, 17, 19, 20, 32
23: 0, 3, 17, 31
24: 1, 3, 18, 31
25: 1, 4, 18, 31
26: 16, 31
27: 16, 33
28: 17, 33
29: 18, 33
30: 17, 35
31: 21, 31
32: 22, 31
33: 28, 29, 30, 31
34: 
35: 
36: 
37: 
38: 
