0: 0, 18, 30, 52
1: 0, 19, 29, 52
2: 0, 19, 30, 52
3: 0, 19, 31, 52
4: 0, 19, 32, 52
5: 0, 17, 31, 52
6: 0, 16, 32, 46, 47, 52
7: 0, 16, 32, 40, 42, 44, 49, 50
8: 0, 16, 33, 38
9: 0, 16, 33, 37
10: 0, 15
11: 0, 14
12: 0, 12, 35, 36, 39, 40, 41, 42
13: 0, 7, 8, 12, 34, 45
14: 0, 4, 5, 6, 35, 47
15: 0, 5, 16, 18, 34, 49, 50, 51
16: 0, 6, 15, 19, 33, 51
17: 0, 7, 15, 20, 31, 52
18: 0, 9, 14, 23, 24, 25, 29, 52
19: 0, 9, 13, 25, 32, 52
20: 0, 10, 12, 22, 34, 52
21: 0, 11, 12, 21, 34, 52
22: 0, 21, 34, 52
23: 0, 22, 34, 52
24: 0, 20, 34, 52
25: 0, 19, 34, 52
26: 0, 18, 34, 36, 38, 52
27: 0, 18, 39, 52
28: 0, 20, 39, 52
29: 0, 21, 41, 52
30: 0, 21, 41, 52
31: 0, 21, 40, 52
32: 0, 21, 40, 52
33: 0, 22, 33, 35, 40, 52
34: 0, 23, 32, 37, 39, 52
35: 0, 52
36: 0, 52
37: 0, 52
38: 0, 52
