0: 0, 16, 17, 21, 36, 52
1: 0, 17, 18, 21, 37, 52
2: 0, 17, 18, 21, 38, 52
3: 0, 16, 17, 22, 29, 30, 33, 34, 38, 52
4: 0, 17, 18, 21, 29, 30, 33, 35, 39, 52
5: 0, 17, 18, 22, 29, 30, 33, 35, 39, 52
6: 0, 16, 17, 21, 29, 30, 38, 52
7: 0, 17, 18, 21, 38, 52
8: 0, 16, 17, 21, 37, 52
9: 0, 17, 18, 21, 36, 52
10: 0, 16, 17, 21, 35, 52
11: 0, 16, 20, 21, 34, 52
12: 0, 16, 34, 52
13: 0, 16, 35, 52
14: 0, 15, 18, 20, 35, 52
15: 0, 15, 18, 23, 35, 52
16: 0, 15, 18, 24, 35, 52
17: 0, 15, 18, 25, 35, 52
18: 0, 13, 18, 25, 36, 52
19: 0, 14, 18, 20, 21, 25, 36, 52
20: 0, 15, 23, 25, 38, 52
21: 0, 12, 13, 14, 39, 52
22: 0, 11, 39, 52
23: 0, 9, 40, 52
24: 0, 9, 25, 26, 40, 52
25: 0, 9, 40, 52
26: 0, 8, 24, 26, 40, 52
27: 0, 9, 24, 26, 36, 38, 39, 52
28: 0, 9, 20, 27, 37, 52
29: 0, 9, 19, 32, 33, 35, 39, 52
30: 0, 10, 19, 36, 42, 52
31: 0, 11, 18, 38, 42, 52
32: 0, 12, 16, 39, 42, 52
33: 0, 40, 42, 52
34: 0, 41, 43, 52
35: 0, 42, 44, 52
36: 0, 44, 45, 52
37: 0, 52
38: 0, 52
