0: 21, 28
1: 21, 28
2: 21, 29
3: 20, 29
4: 20, 29
5: 21, 25, 26, 27
6: 21, 25
7: 23, 24
8: 22, 25
9: 22, 24
10: 22, 24
11: 22, 25
12: 23, 25
13: 23, 24
14: 
15: 25, 26
16: 
17: 
18: 
19: 0, 10, 37, 52
20: 0, 13, 36, 52
21: 0, 15, 32, 52
22: 0, 14, 15, 17, 33, 52
23: 0, 14, 15, 16, 19, 20, 31, 52
24: 0, 15, 16, 17, 19, 20, 27, 28, 29, 33, 34, 52
25: 0, 21, 27, 28, 29, 52
26: 0, 21, 27, 52
27: 0, 22, 26, 52
28: 0, 21, 26, 52
29: 0, 22, 26, 52
30: 0, 22, 26, 52
31: 0, 22, 26, 52
32: 0, 22, 26, 52
33: 0, 22, 25, 52
34: 0, 22, 26, 52
35: 0, 22, 25, 52
36: 0, 22, 26, 52
37: 0, 22, 25, 52
38: 0, 22, 25, 52
