0: 18, 34
1: 18, 36
2: 15, 37
3: 14, 37
4: 14, 38
5: 14, 37
6: 13, 38
7: 13, 38
8: 12, 38
9: 12, 39
10: 12, 18, 19, 39
11: 11, 18, 19, 33, 34, 39
12: 12, 17, 19, 32, 33, 39
13: 11, 17, 19, 32, 33, 40
14: 10, 17, 19, 33, 34, 41
15: 9, 16, 17, 18, 20, 32, 33, 42
16: 9, 17, 18, 32, 34, 43
17: 8, 19, 20, 44
18: 6, 32, 33, 42
19: 5, 6, 7, 43
20: 5, 6, 7, 44
21: 7, 43, 44, 45
22: 4, 5, 6, 43, 44, 45
23: 1, 2, 3, 4, 5, 6, 7, 44, 45, 46
24: 2, 3, 4, 5, 6, 46
25: 1, 2, 3, 4, 5, 46, 49, 50
26: 0, 1, 3, 4, 5, 6, 7, 23, 28, 46, 47, 48
27: 2, 3, 5, 24, 25, 26, 28, 46, 47, 48, 49, 50
28: 4, 5, 6, 23, 28, 29, 30, 45, 46, 47, 48, 49
29: 6, 24, 26, 27, 28, 47, 48, 49, 50, 51
30: 5, 8, 9, 23, 24, 25, 27, 28, 29, 46, 48, 49
31: 6, 8, 9, 24, 26, 27, 28, 31, 33, 45, 46, 48, 50, 51
32: 5, 7, 8, 9, 10, 23, 26, 27, 28, 31, 32, 44, 45, 46
33: 5, 6, 7, 9, 10, 22, 23, 24, 26, 27, 28, 31, 32, 45, 47, 48
34: 4, 7, 8, 18, 19, 23, 24, 25, 27, 28, 29, 30, 32, 33, 34, 44, 47, 48
35: 5, 6, 7, 9, 10, 15, 16, 17, 18, 21, 22, 24, 26, 27, 28, 29, 30, 31, 32, 40, 41, 44, 46, 47
36: 5, 17, 18, 22, 23, 24, 25, 26, 28, 29, 33, 44
37: 6, 15, 16, 17, 18, 19, 20, 21, 22, 23, 24, 25, 27, 28, 32, 33, 34, 40, 41, 44
38: 5, 14, 15, 18, 19, 20, 21, 22, 23, 25, 33, 39, 40, 43
