0: 0, 41
1: 0, 43
2: 0, 45
3: 0, 46
4: 0, 48
5: 0, 49
6: 0, 50
7: 0, 51
8: 0, 52
9: 0, 52
10: 0, 52
11: 0, 52
12: 0, 52
13: 0, 52
14: 0, 52
15: 0, 1, 2, 52
16: 11, 12, 13, 14, 15, 52
17: 21, 22, 23, 52
18: 25, 30, 31, 52
19: 26, 33, 34, 52
20: 24, 25, 26, 34, 37, 52
21: 18, 34, 41, 52
22: 14, 33, 45, 52
23: 15, 34, 48, 52
24: 11, 13, 18, 33, 51, 52
25: 10, 11, 19, 34
26: 9, 11, 17, 35
27: 9, 11, 18, 35
28: 9, 11, 20, 34
29: 9, 11, 21, 34
30: 9, 11, 22, 34
31: 9, 12, 23, 34
32: 9, 12, 23, 33
33: 9, 12, 24, 32
34: 8, 11, 25, 32
35: 7, 11, 25, 32
36: 7, 11, 24, 31
37: 7, 11, 23, 30
38: 7, 10, 23, 25, 26, 31
