0: 23, 32, 45, 46
1: 23, 32
2: 23, 31
3: 24, 31
4: 23, 31
5: 24, 31, 48, 49
6: 24, 31
7: 23, 31
8: 23, 31, 40, 41
9: 24, 31
10: 23, 31, 43, 44
11: 24, 31, 47, 48
12: 24, 31, 49, 50
13: 24, 31, 39, 40
14: 24, 31
15: 24, 30, 44, 45
16: 23, 31, 34, 35, 41, 42, 46, 47
17: 24, 30, 48, 49
18: 24, 30, 50, 51
19: 24, 30, 36, 37, 44, 45
20: 24, 30, 38, 39, 46, 47, 49, 50
21: 25, 30, 40, 41
22: 24, 30, 42, 43, 45, 46, 48, 49, 50, 51
23: 23, 29, 34, 35, 51, 52
24: 22, 29, 37, 38, 45, 46, 47, 48, 49, 52
25: 22, 29, 39, 40, 42, 43, 46, 47, 48, 52
26: 23, 28, 30, 31, 44, 45, 47, 52
27: 24, 27, 36, 37, 42, 43, 45, 52
28: 32, 33, 40, 41, 44, 52
29: 38, 39, 42, 43, 44, 52
30: 27, 28, 34, 35, 41, 42, 43, 52
31: 39, 40, 43, 52
32: 36, 37, 42, 52
33: 29, 30, 40, 41, 42, 52
34: 31, 32, 38, 39, 41, 52
35: 33, 34, 40, 41, 42, 52
36: 36, 37, 40, 41, 42, 52
37: 39, 40, 42, 52
38: 41, 52
