0: 0, 16, 18, 21, 29, 31, 36, 52
1: 0, 21, 29, 31, 38, 52
2: 0, 16, 18, 21, 29, 31, 38, 52
3: 0, 21, 28, 31, 39, 52
4: 0, 16, 18, 21, 29, 31, 39, 52
5: 0, 21, 29, 31, 39, 52
6: 0, 16, 18, 20, 29, 30, 38, 52
7: 0, 21, 30, 31, 37, 52
8: 0, 16, 18, 21, 36, 52
9: 0, 21, 35, 52
10: 0, 16, 17, 18, 19, 21, 35, 52
11: 0, 16, 35, 52
12: 0, 16, 36, 52
13: 0, 16, 35, 52
14: 0, 16, 19, 22, 36, 52
15: 0, 16, 18, 25, 36, 52
16: 0, 15, 19, 25, 37, 52
17: 0, 15, 19, 25, 36, 52
18: 0, 14, 15, 16, 18, 26, 39, 52
19: 0, 14, 19, 26, 40, 52
20: 0, 14, 19, 20, 24, 25, 40, 52
21: 0, 16, 41, 52
22: 0, 15, 16, 17, 41, 52
23: 0, 12, 42, 52
24: 0, 11, 26, 27, 41, 52
25: 0, 10, 26, 27, 37, 39, 40, 52
26: 0, 10, 25, 27, 38, 52
27: 0, 10, 24, 28, 39, 52
28: 0, 10, 21, 36, 43, 52
29: 0, 10, 21, 38, 44, 52
30: 0, 11, 20, 40, 44, 52
31: 0, 12, 20, 41, 44, 52
32: 0, 12, 19, 43, 45, 52
33: 0, 14, 16, 17, 18, 44, 46, 52
34: 0, 46, 47, 52
35: 0, 52
36: 0, 52
37: 0, 52
38: 0, 52
