0: 30, 52
1: 16, 17, 29, 52
2: 29, 52
3: 28, 52
4: 17, 18, 28, 34, 35, 52
5: 17, 18, 28, 33, 35, 52
6: 17, 18, 28, 32, 34, 52
7: 16, 17, 18, 19, 27, 30, 33, 52
8: 18, 19, 26, 29, 32, 52
9: 18, 19, 27, 29, 31, 52
10: 16, 17, 19, 20, 30, 52
11: 17, 18, 19, 20, 29, 52
12: 17, 18, 20, 21, 29, 52
13: 17, 19, 28, 52
14: 17, 20, 30, 52
15: 17, 20, 29, 52
16: 17, 20, 32, 33, 34, 52
17: 17, 20, 35, 52
18: 17, 20, 28, 29, 34, 52
19: 17, 20, 26, 30, 33, 52
20: 17, 20, 25, 27, 29, 31, 32, 52
21: 17, 18, 27, 28, 29, 52
22: 17, 18, 27, 29, 30, 52
23: 27, 52
24: 26, 28, 30, 52
25: 28, 52
26: 16, 17, 25, 52
27: 17, 18, 25, 52
28: 17, 18, 19, 20, 24, 52
29: 17, 22, 23, 52
30: 17, 52
31: 17, 52
32: 17, 52
33: 17, 52
34: 17, 52
35: 17, 52
36: 17, 52
37: 17, 52
38: 17, 52
