0: 0, 52
1: 0, 52
2: 0, 52
3: 0, 52
4: 0, 52
5: 0, 39, 41, 42, 44, 45, 46, 52
6: 0, 36, 48, 52
7: 0, 34, 50, 52
8: 0, 10, 14, 33
9: 0, 9, 15, 31
10: 0, 8, 16, 30
11: 0, 8, 16, 29
12: 0, 7, 17, 29
13: 0, 8, 16, 28
14: 0, 8, 16, 27
15: 0, 9, 15, 27
16: 0, 10, 14, 27
17: 0, 26
18: 0, 26
19: 0, 26
20: 0, 26
21: 0, 25
22: 0, 25
23: 0, 25, 39, 41
24: 0, 24, 37, 43
25: 0, 24, 37, 43
26: 0, 23, 36, 44
27: 0, 22, 36, 44
28: 0, 21, 37, 44
29: 0, 20, 37, 43
30: 1, 19, 38, 41
31: 2, 17
32: 5, 15
33: 9, 10
34: 
35: 
36: 
37: 
38: 
