0: 20, 26, 32, 52
1: 20, 26, 32, 52
2: 20, 26, 32, 52
3: 21, 26, 31, 52
4: 21, 26, 31, 52
5: 21, 26, 31, 52
6: 22, 26, 31, 52
7: 21, 26, 31, 52
8: 21, 26, 31, 52
9: 21, 26, 31, 52
10: 20, 26, 32, 52
11: 21, 26, 32, 52
12: 20, 26, 32, 52
13: 20, 26, 32, 52
14: 20, 26, 32, 52
15: 21, 26, 31, 52
16: 22, 26, 30, 52
17: 21, 26, 31, 52
18: 20, 26, 31, 52
19: 20, 26, 32, 52
20: 18, 26, 34, 52
21: 18, 19, 21, 26, 31, 33, 34, 52
22: 19, 26, 33, 52
23: 21, 26, 31, 52
24: 23, 26, 29, 52
25: 25, 26, 27, 52
26: 26, 52
27: 26, 52
28: 26, 52
29: 26, 52
30: 26, 52
31: 26, 52
32: 26, 52
33: 26, 52
34: 26, 52
35: 26, 52
36: 26, 52
37: 26, 52
38: 26, 52
