0: 31, 45
1: 32, 45
2: 31, 44
3: 7, 8, 32, 44
4: 16, 17, 32, 43
5: 32, 43
6: 32, 42
7: 33, 42
8: 10, 11, 24, 25, 33, 41
9: 3, 4, 33, 41
10: 5, 6, 17, 18, 28, 29, 33, 41
11: 12, 13, 33, 40, 42, 44
12: 34, 40, 41, 44
13: 3, 4, 7, 8, 31, 32, 33, 39, 41, 44
14: 9, 10, 15, 16, 20, 21, 34, 38, 41, 44
15: 34, 38, 40, 43
16: 4, 5, 12, 13, 34, 38, 40, 43
17: 1, 2, 7, 8, 17, 18, 22, 23, 34, 38, 39, 42
18: 9, 10, 24, 25, 33, 38, 39, 43
19: 4, 5, 14, 15, 33, 42
20: 2, 3, 6, 7, 11, 12, 33, 42
21: 1, 2, 3, 4, 5, 6, 8, 9, 16, 17, 19, 20, 26, 27, 34, 42
22: 7, 8, 9, 10, 13, 14, 21, 22, 34, 41
23: 0, 7, 10, 11, 29, 30, 35, 41
24: 0, 10, 12, 13, 14, 15, 17, 18, 34, 40
25: 0, 12, 20, 21, 24, 25, 34, 40
26: 0, 12, 13, 14, 15, 16, 32, 40
27: 0, 14, 17, 18, 26, 27, 32, 39
28: 0, 14, 15, 16, 19, 20, 23, 24, 32, 39
29: 0, 15, 16, 17, 32, 38
30: 0, 16, 18, 19, 32, 36
31: 0, 16, 17, 18, 21, 22, 27, 28
32: 0, 17, 23, 24, 30, 31
33: 0, 17, 18, 19, 20, 21, 32, 33
34: 0, 17
35: 0, 17, 18, 19, 24, 25, 27, 28
36: 0, 18, 19, 20, 21, 22
37: 0, 17
38: 0, 17, 18, 19
