0: 0, 32, 47, 52
1: 0, 32, 48, 49, 50, 51
2: 0, 32
3: 0, 32
4: 0, 22, 28, 32
5: 0, 22
6: 0, 21
7: 0, 22
8: 0, 22
9: 0, 21
10: 0, 22, 26, 28
11: 0, 22, 27, 30
12: 0, 22, 26, 31
13: 0, 22, 26, 32
14: 0, 22, 26, 36
15: 0, 22, 26, 37
16: 0, 22, 26, 38
17: 0, 22, 26, 39
18: 0, 22, 26, 30, 31, 40
19: 0, 22, 26, 28, 30, 39
20: 0, 22, 27, 28, 29, 36
21: 0, 22, 28, 36
22: 0, 21, 27, 35
23: 0, 21, 27, 35
24: 0, 21, 26, 34
25: 0, 22, 26, 34
26: 0, 21, 23, 35
27: 0, 20, 21, 34
28: 0, 20, 21, 33
29: 0, 33
30: 0, 33
31: 0, 33
32: 0, 33
33: 0, 34
34: 0, 34
35: 0, 35
36: 0, 36, 51, 52
37: 0, 38, 50, 52
38: 0, 40, 48, 52
