0: 19, 21, 27, 29
1: 20, 21, 27, 29
2: 20, 21, 27, 28
3: 19, 21, 26, 28, 50, 51
4: 20, 21, 27, 28, 48, 50
5: 20, 28, 48, 49
6: 19, 30, 46, 48
7: 19, 31, 45, 46
8: 18, 32, 43, 45
9: 19, 33, 42, 43
10: 20, 32, 42, 43
11: 2, 5, 6, 7, 8, 9, 20, 34, 40, 42
12: 6, 7, 8, 9, 21, 31, 39, 40
13: 6, 10, 17, 18, 21, 29, 37, 39
14: 6, 9, 14, 15, 16, 19, 21, 28, 36, 37
15: 7, 10, 13, 14, 15, 17, 18, 28, 35, 36
16: 6, 10, 15, 16, 19, 32, 33, 36
17: 6, 9, 18, 21, 23, 27, 32, 34
18: 6, 10, 17, 18, 20, 21, 23, 27, 31, 33
19: 6, 10, 16, 17, 20, 22, 23, 27, 30, 32
20: 6, 10, 21, 27, 29, 31
21: 6, 9, 21, 30, 35, 36
22: 7, 9, 22, 30
23: 7, 9, 22, 29, 33, 34
24: 7, 9, 23, 27
25: 24, 28
26: 23, 28
27: 22, 29
28: 22, 30
29: 23, 30
30: 24, 25, 26, 29
31: 
32: 41, 42, 45, 46
33: 39, 44
34: 38, 44
35: 31, 35, 36, 37, 38, 44
36: 30, 32, 33, 44
37: 29, 30, 38, 44
38: 40, 42
