0: 0, 36, 45, 52
1: 0, 36, 45, 52
2: 0, 36, 45, 52
3: 0, 36, 46, 52
4: 0, 36, 46, 52
5: 0, 36, 47, 52
6: 0, 36, 47, 52
7: 0, 36, 47, 52
8: 0, 36, 47, 52
9: 0, 36, 47, 52
10: 0, 36, 47, 52
11: 0, 36, 47, 52
12: 0, 36, 46, 47, 48, 49, 50, 51
13: 0, 36
14: 0, 36
15: 0, 36
16: 0, 36
17: 0, 36
18: 0, 11, 12, 36
19: 0, 9, 13, 36
20: 0, 8, 14, 36
21: 0, 8, 13, 36
22: 0, 5, 12, 36
23: 0, 4, 14, 36
24: 0, 4, 16, 36
25: 0, 5, 6, 7, 16, 36
26: 0, 5, 6, 9, 14, 36
27: 0, 4, 6, 9, 14, 36
28: 0, 4, 5, 7, 15, 36
29: 0, 4, 15, 36
30: 0, 3, 15, 36
31: 0, 4, 6, 7, 15, 36
32: 0, 7, 15, 36
33: 0, 7, 15, 36
34: 0, 7, 14, 36
35: 0, 7, 14, 36
36: 0, 7, 13, 36
37: 0, 6, 13, 36
38: 0, 6, 14, 36
