0: 20, 34
1: 19, 33
2: 20, 33
3: 20, 33
4: 20, 32
5: 21, 32
6: 21, 32
7: 21, 31
8: 22, 31
9: 20, 30
10: 19, 31, 36, 37, 38, 42
11: 19, 30, 33, 34, 35, 43
12: 18, 30, 31, 41
13: 16, 36, 37, 38, 41, 42
14: 14, 33
15: 11, 12, 13, 33
16: 8, 16, 19, 33
17: 11, 13, 19, 33
18: 10, 14, 19, 33
19: 10, 14, 19, 33
20: 9, 15, 20, 32
21: 11, 14, 21, 31
22: 10, 16, 21, 31
23: 9, 14, 21, 30
24: 10, 11, 12, 15, 21, 29
25: 9, 10, 11, 12, 13, 14, 21, 30
26: 11, 12, 14, 15, 22, 30
27: 13, 14, 21, 32
28: 11, 12, 22, 32
29: 22, 32
30: 11, 12, 22, 32
31: 23, 32
32: 22, 32
33: 21, 32
34: 22, 28, 29, 33
35: 22, 26
36: 23, 24
37: 
38: 
