0: 0, 30, 39, 50
1: 0, 30, 39, 49
2: 0, 30, 38, 49
3: 0, 26, 38, 48
4: 0, 26, 39, 47
5: 0, 25, 39, 46
6: 0, 24, 39, 46
7: 0, 24, 39, 44
8: 0, 23, 50, 52
9: 0, 22, 47, 52
10: 0, 22, 28, 29, 47, 52
11: 0, 18, 20, 21, 27, 30, 48, 52
12: 0, 16, 26, 30, 43, 44, 48, 52
13: 0, 15, 25, 31, 42, 45, 50, 52
14: 0, 14, 24, 31, 42, 46, 50, 51
15: 0, 14, 24, 32, 42, 46
16: 0, 15, 16, 17, 19, 20, 21, 34, 41, 47
17: 0, 35, 41, 47
18: 0, 36, 41, 47, 51, 52
19: 0, 35, 36, 37, 44, 48, 50, 52
20: 0, 33, 44, 47, 49, 52
21: 0, 32, 46, 48, 49, 52
22: 0, 31, 47, 52
23: 0, 32, 46, 47, 48, 52
24: 0, 30, 48, 52
25: 0, 29, 47, 52
26: 0, 26, 46, 52
27: 0, 26, 46, 52
28: 0, 27, 46, 52
29: 0, 29, 47, 52
30: 0, 30, 46, 52
31: 0, 30, 47, 52
32: 0, 30, 48, 52
33: 0, 31, 47, 52
34: 0, 31, 45, 52
35: 0, 32, 46, 52
36: 0, 34, 47, 52
37: 0, 38, 47, 52
38: 0, 39, 46, 52
