0: 2, 25, 27, 30
1: 2, 25, 27, 30
2: 3, 24, 27, 30
3: 2, 25, 27, 30
4: 3, 25, 28, 31
5: 3, 24, 27, 31
6: 4, 24, 28, 31
7: 3, 25, 28, 31
8: 4, 23, 28, 32
9: 4, 23, 28, 32
10: 5, 23, 29, 32
11: 5, 23, 28, 32
12: 5, 22, 29, 30
13: 6, 22, 23, 24
14: 8, 23, 43, 44
15: 2, 3, 4, 24
16: 3, 23
17: 4, 23
18: 5, 23
19: 5, 23
20: 5, 23
21: 6, 23
22: 6, 24
23: 5, 24
24: 3, 24
25: 4, 23
26: 4, 5, 6, 24
27: 7, 23
28: 6, 23
29: 6, 23
30: 7, 23
31: 7, 22
32: 8, 21
33: 9, 20
34: 11, 15, 16, 19
35: 16, 19
36: 18, 19
37: 
38: 
