0: 
1: 
2: 50, 52
3: 11, 14, 48, 49
4: 10, 14, 44, 52
5: 9, 15, 16, 18, 38, 39, 40, 51
6: 2, 4, 5, 20, 32, 51
7: 0, 21, 27, 28, 29, 52
8: 0, 21, 24, 52
9: 0, 52
10: 0, 52
11: 0, 52
12: 0, 52
13: 0, 52
14: 0, 52
15: 0, 52
16: 0, 52
17: 0, 52
18: 0, 52
19: 0, 51
20: 0, 20, 23, 52
21: 0, 17, 26, 27, 28, 52
22: 0, 18, 19, 20, 21, 25, 31, 49
23: 0, 18, 20, 25, 36, 37, 38, 44, 45, 46, 47, 49
24: 0, 19, 20, 25, 26, 27
25: 0, 15, 22, 24
26: 0, 15, 23, 26
27: 0, 15
28: 0, 15
29: 0, 4, 5, 15
30: 0, 2, 5, 14
31: 0, 1, 6, 14
32: 6, 14
33: 7, 13
34: 8, 13
35: 9, 13
36: 
37: 
38: 
