0: 0, 18, 36, 38, 46, 52
1: 0, 19, 36, 38, 45, 52
2: 0, 19, 35, 38, 45, 52
3: 0, 19, 35, 38, 45, 52
4: 0, 20, 35, 38, 44, 52
5: 0, 20, 35, 37, 44, 52
6: 0, 21, 35, 37, 44, 52
7: 0, 21, 34, 37, 43, 52
8: 0, 21, 35, 37, 43, 52
9: 0, 21, 42, 52
10: 0, 20, 41, 52
11: 0, 20, 40, 52
12: 0, 20, 41, 52
13: 0, 21, 40, 52
14: 0, 21, 38, 52
15: 0, 21, 37, 52
16: 0, 21, 37, 52
17: 0, 21, 36, 52
18: 0, 21, 22, 23, 35, 52
19: 0, 21, 22, 23, 35, 52
20: 0, 21, 22, 23, 35, 52
21: 0, 21, 36, 52
22: 0, 21, 35, 52
23: 0, 22, 36, 52
24: 0, 22, 36, 52
25: 0, 22, 36, 52
26: 0, 22, 38, 52
27: 0, 22, 37, 52
28: 0, 21, 37, 52
29: 0, 21, 36, 37, 38, 52
30: 0, 21, 39, 52
31: 0, 21, 39, 52
32: 0, 20, 40, 52
33: 0, 20, 39, 52
34: 0, 19, 40, 52
35: 0, 19, 40, 52
36: 0, 19, 27, 28, 30, 31, 39, 52
37: 0, 20, 25, 26, 27, 34, 36, 37, 38, 52
38: 0, 52
