0: 8, 9, 11, 13, 16, 17, 19, 20, 21, 22, 23, 52
1: 8, 10, 11, 12, 18, 19, 21, 22, 23, 52
2: 8, 13, 16, 17, 20, 21, 22, 52
3: 6, 16, 19, 20, 21, 22, 23, 24, 25, 52
4: 3, 18, 19, 20, 21, 22, 23, 52
5: 3, 18, 19, 20, 21, 52
6: 3, 18, 19, 23, 24, 52
7: 4, 18, 19, 52
8: 4, 19, 20, 52
9: 4, 17, 18, 52
10: 5, 18, 19, 52
11: 6, 17, 18, 52
12: 6, 17, 18, 52
13: 7, 16, 17, 52
14: 3, 5, 7, 15, 16, 17, 18, 52
15: 1, 2, 4, 6, 8, 16, 17, 18, 19, 52
16: 0, 2, 4, 7, 8, 15, 17, 52
17: 0, 6, 8, 14, 16, 17, 18, 52
18: 0, 6, 7, 15, 17, 52
19: 1, 14, 17, 52
20: 1, 9, 10, 14, 16, 17, 19, 52
21: 1, 14, 17, 52
22: 2, 14, 17, 18, 19, 52
23: 3, 14, 16, 17, 19, 52
24: 3, 14, 17, 18, 19, 20, 21, 52
25: 3, 14, 15, 16, 18, 19, 20, 52
26: 4, 12, 18, 19, 20, 21, 22, 52
27: 4, 12, 15, 16, 17, 18, 20, 22, 23, 52
28: 4, 10, 12, 13, 19, 20, 21, 52
29: 3, 9, 10, 11, 13, 14, 16, 17, 18, 19, 20, 21, 22, 52
30: 3, 10, 12, 13, 19, 20, 21, 22, 23, 52
31: 1, 9, 10, 11, 15, 16, 17, 18, 19, 20, 21, 52
32: 2, 9, 11, 12, 13, 14, 19, 20, 21, 22, 23, 52
33: 1, 8, 10, 11, 16, 17, 18, 19, 20, 21, 22, 52
34: 3, 4, 7, 8, 9, 10, 12, 13, 15, 16, 18, 19, 20, 52
35: 5, 6, 8, 9, 11, 12, 17, 18, 19, 21, 22, 52
36: 7, 8, 10, 11, 15, 16, 17, 18, 19, 20, 21, 52
37: 6, 7, 8, 9, 10, 11, 13, 14, 16, 17, 18, 19, 20, 52
38: 16, 17, 18, 52
