0: 0, 14, 34, 35, 36, 39
1: 0, 14
2: 0, 14
3: 0, 15
4: 0, 14
5: 0, 16
6: 0, 17
7: 0, 17
8: 0, 17
9: 0, 16
10: 0, 16, 43, 44
11: 0, 16, 45, 46
12: 0, 16
13: 0, 16, 38, 39, 48, 49
14: 0, 13
15: 0, 14, 32, 33, 43, 44
16: 0, 15
17: 0, 14, 45, 46, 48, 49
18: 0, 15, 38, 39, 50, 51
19: 0, 14, 40, 41
20: 0, 13, 34, 35, 43, 44, 47, 48
21: 0, 13, 49, 50
22: 1, 10, 29, 30, 36, 37, 40, 41, 45, 46
23: 4, 5, 43, 44, 47, 48, 50, 51
24: 38, 39
25: 31, 32, 42, 43, 45, 46, 47, 48, 50, 51
26: 33, 34, 40, 41
27: 35, 36, 44, 45, 47, 48, 49, 50
28: 25, 26, 37, 38, 41, 42, 51, 52
29: 28, 29, 32, 33, 39, 40, 44, 45, 47, 48, 49, 50
30: 34, 35, 42, 43, 46, 47, 51, 52
31: 37, 38, 45, 46, 49, 50
32: 31, 32, 39, 40, 41, 42, 43, 44, 48, 49, 50, 51
33: 26, 27, 34, 35, 37, 38, 46, 47, 51, 52
34: 41, 42, 44, 45, 47, 48, 50, 51
35: 28, 29, 33, 34, 36, 37, 39, 40, 42, 43, 46, 47, 49, 50
36: 30, 31, 44, 45, 48, 49, 51, 52
37: 34, 35, 37, 38, 39, 40, 41, 42, 43, 44, 46, 47, 49, 50
38: 45, 46, 48, 49, 51, 52
