0: 0, 28, 40, 52
1: 0, 28, 41, 52
2: 0, 29, 43, 52
3: 0, 29, 44, 52
4: 0, 25, 27, 29, 43, 52
5: 0, 24, 28, 29, 43, 52
6: 0, 23, 44, 52
7: 0, 24, 43, 51
8: 0, 24, 44, 49
9: 0, 23, 45, 48
10: 0, 13, 15, 20, 21, 23, 44, 45
11: 0, 9, 16, 20
12: 0, 11, 47, 48, 51, 52
13: 0, 12, 46, 52
14: 0, 13, 45, 52
15: 0, 14, 25, 26, 45, 52
16: 0, 15, 23, 27, 45, 52
17: 0, 16, 22, 28, 44, 52
18: 0, 16, 21, 29, 42, 52
19: 0, 17, 19, 32, 33, 34, 39, 52
20: 0, 33, 38, 39, 40, 52
21: 0, 29, 41, 42, 43, 52
22: 0, 28, 43, 52
23: 0, 28, 44, 52
24: 0, 29, 43, 52
25: 0, 28, 43, 52
26: 0, 26, 43, 52
27: 0, 25, 44, 52
28: 0, 25, 44, 52
29: 0, 27, 44, 52
30: 0, 27, 43, 44, 47, 52
31: 0, 28, 47, 52
32: 0, 27, 47, 52
33: 0, 28, 48, 52
34: 0, 28, 50, 52
35: 0, 28, 49, 52
36: 0, 29, 48, 52
37: 0, 30, 41, 42, 48, 52
38: 0, 33, 34, 35, 40, 44, 47, 52
