0: 0, 26, 34, 52
1: 0, 26, 33, 52
2: 0, 25, 33, 52
3: 0, 25, 32, 52
4: 0, 25, 32, 52
5: 0, 24, 31, 52
6: 0, 24, 31, 52
7: 0, 23, 31, 52
8: 0, 23, 30, 52
9: 0, 23, 31, 52
10: 0, 22, 31, 50
11: 0, 22, 31, 49
12: 0, 22, 31, 48
13: 0, 21, 32, 48
14: 0, 20, 33, 47
15: 0, 21, 34, 47
16: 0, 21, 30, 32, 34, 46
17: 0, 23, 30, 32, 34, 46
18: 0, 23, 30, 31, 32, 46
19: 0, 24, 25, 26, 29, 30, 31, 46
20: 0, 27, 31, 46
21: 0, 26, 30, 47
22: 0, 25, 29, 47
23: 0, 24, 29, 48
24: 0, 23, 27, 49
25: 0, 21, 24, 26, 27, 49
26: 0, 20, 23, 50
27: 0, 18, 21, 51
28: 0, 17, 20, 52
29: 0, 15, 19, 52
30: 0, 14, 18, 52
31: 0, 12, 16, 51
32: 0, 11, 14, 51
33: 0, 10, 12, 52
34: 0, 9, 10, 52
35: 0, 52
36: 0, 52
37: 0, 52
38: 0, 52
