0: 0, 52
1: 0, 31, 32, 52
2: 0, 29, 30, 32, 33, 34, 36, 52
3: 0, 29, 30, 31, 32, 34, 36, 52
4: 0, 31, 36, 52
5: 0, 33, 35, 36, 37, 52
6: 0, 27, 30, 33, 35, 36, 37, 38, 39, 52
7: 0, 24, 34, 38, 39, 52
8: 0, 23, 34, 52
9: 0, 24, 35, 52
10: 0, 23, 36, 52
11: 0, 24, 36, 52
12: 0, 24, 36, 52
13: 0, 24, 36, 52
14: 0, 24, 35, 52
15: 0, 24, 34, 52
16: 0, 24, 32, 52
17: 0, 24, 30, 52
18: 0, 22, 30, 52
19: 0, 21, 29, 52
20: 0, 21, 29, 52
21: 0, 20, 28, 52
22: 0, 21, 27, 52
23: 0, 21, 27, 52
24: 0, 19, 20, 21, 26, 52
25: 0, 19, 24, 25, 26, 52
26: 0, 18, 25, 52
27: 0, 19, 25, 52
28: 0, 19, 25, 52
29: 0, 19, 24, 52
30: 0, 21, 22, 52
31: 0, 52
32: 0, 52
33: 0, 52
34: 0, 52
35: 0, 52
36: 0, 52
37: 0, 52
38: 0, 52
