0: 14, 15, 36, 37, 40, 41
1: 11, 12, 13, 14, 38, 39
2: 9, 10, 40, 41
3: 10, 11, 41, 42, 43, 44
4: 9, 10, 42, 43
5: 7, 8, 9, 10, 21, 30, 43, 44
6: 8, 9, 19, 33, 42, 43, 44, 45
7: 7, 8, 9, 10, 18, 34, 43, 44
8: 8, 9, 17, 26, 27, 34, 42, 43
9: 8, 9, 18, 20, 22, 24, 25, 27, 28, 29, 31, 32, 33, 34, 43, 44
10: 9, 10, 17, 19, 21, 22, 23, 25, 26, 29, 30, 31, 33, 35, 41, 43
11: 10, 11, 16, 20, 25, 26, 31, 36, 40, 41
12: 12, 13, 16, 23, 24, 25, 26, 27, 28, 36, 39, 40
13: 14, 15, 16, 36, 37, 38
14: 16, 17, 18, 34, 35, 36
15: 17, 18, 20, 32, 33, 34
16: 16, 19, 20, 25, 27, 31, 34, 36
17: 13, 15, 17, 18, 24, 25, 27, 28, 31, 32, 33, 36, 38, 39
18: 12, 15, 35, 36, 37, 40
19: 12, 14, 38, 40
20: 12, 14, 38, 41
21: 12, 14, 15, 16, 37, 39
22: 15, 17, 19, 20, 34, 36, 38, 39
23: 18, 20, 22, 24, 27, 28, 31, 33, 35, 36
24: 23, 24, 27, 28, 31, 32
25: 
26: 
27: 
28: 
29: 
30: 
31: 
32: 
33: 
34: 
35: 
36: 
37: 
38: 
