0: 28, 42
1: 28, 43
2: 27, 42, 44, 45
3: 27, 46
4: 26, 46
5: 25, 47
6: 25, 47
7: 26, 27, 28, 29, 32, 46
8: 33, 46
9: 32, 44
10: 32, 45
11: 32, 44
12: 32, 45
13: 32, 47
14: 32, 48
15: 31, 48
16: 32, 49
17: 31, 44, 45, 50
18: 31, 44, 45, 50
19: 31, 43, 46, 52
20: 32, 43, 47, 52
21: 31, 40, 47, 52
22: 32, 40, 48, 52
23: 32, 41, 42, 43, 48, 52
24: 31, 43, 49, 52
25: 29, 43, 48, 52
26: 28, 44, 48, 52
27: 28, 43, 48, 52
28: 28, 43, 48, 51
29: 28, 43, 48, 51
30: 28, 43, 47, 49
31: 29, 43, 48, 50
32: 27, 42, 47, 49
33: 28, 41, 47, 48
34: 29, 41, 47, 48
35: 28, 39, 47, 48
36: 30, 31, 32, 36, 46, 47
37: 46, 47
38: 
