0: 0, 26, 32, 38
1: 0, 25, 32, 40
2: 0, 25, 32, 41
3: 0, 25, 31, 41
4: 0, 25, 31, 43, 44, 45
5: 0, 24, 31, 36, 37, 48
6: 0, 25, 30, 35, 37, 49
7: 0, 24, 30, 35, 36, 52
8: 0, 25, 31, 35, 36, 52
9: 0, 25, 32, 34, 36, 51
10: 0, 25, 33, 34, 36, 50
11: 0, 25, 35, 49
12: 0, 25, 35, 48
13: 0, 26, 34, 46
14: 0, 27, 35, 46
15: 0, 27, 35, 46
16: 0, 26, 35, 46
17: 0, 27, 34, 43, 44, 45, 46, 47
18: 0, 28, 33, 42
19: 0, 31, 33, 42
20: 0, 30, 32, 41
21: 0, 30, 32, 41
22: 0, 30, 31, 40
23: 0, 30, 31, 41
24: 0, 30, 31, 40
25: 0, 29, 30, 40
26: 0, 40
27: 0, 41
28: 0, 41
29: 0, 41
30: 0, 42
31: 0, 43
32: 0, 44
33: 0, 44
34: 0, 45
35: 0, 46
36: 0, 46
37: 0, 45
38: 0, 45
