0: 0, 25, 38, 45
1: 0, 24, 38, 45
2: 0, 24, 37, 44
3: 0, 25, 36, 44
4: 0, 25, 37, 43
5: 0, 24, 35, 42
6: 0, 23, 35, 36, 37, 42
7: 0, 22, 34, 35, 36, 42
8: 0, 22, 36, 42
9: 0, 21, 36, 41
10: 0, 19, 36, 37, 38, 41
11: 0, 17, 39, 41
12: 0, 16, 24, 26
13: 0, 16, 24, 26
14: 0, 16, 24, 26
15: 0, 16, 19, 20, 23, 26
16: 0, 15, 23, 27
17: 0, 15, 22, 27
18: 0, 14, 24, 28, 49, 52
19: 0, 14, 17, 19, 20, 25, 26, 30, 35, 38, 48, 52
20: 0, 13, 16, 30, 36, 38, 46, 52
21: 0, 28, 30, 31, 37, 39, 45, 52
22: 0, 28, 38, 40, 44, 52
23: 0, 26, 38, 41, 43, 52
24: 0, 27, 39, 42, 43, 52
25: 0, 25, 39, 52
26: 0, 24, 38, 52
27: 0, 24, 38, 52
28: 0, 23, 38, 52
29: 0, 24, 37, 52
30: 0, 24, 37, 52
31: 0, 24, 36, 52
32: 0, 25, 36, 52
33: 0, 26, 35, 52
34: 0, 26, 34, 52
35: 0, 26, 31, 52
36: 0, 27, 31, 52
37: 0, 52
38: 0, 52
