0: 33, 34, 35, 42, 43, 44, 45, 49
1: 32, 50
2: 31, 50
3: 32, 51
4: 32, 52
5: 13, 15, 16, 20, 33, 52
6: 9, 22, 32, 52
7: 6, 7, 8, 10, 15, 21, 32, 52
8: 5, 8, 19, 22, 32, 52
9: 0, 12, 32, 52
10: 0, 15, 16, 17, 32, 52
11: 0, 19, 32, 52
12: 0, 20, 32, 52
13: 0, 20, 31, 52
14: 0, 21, 32, 52
15: 0, 22, 32, 52
16: 0, 22, 30, 51
17: 0, 24, 29, 51
18: 0, 24, 31, 50
19: 0, 23, 32, 51
20: 0, 22, 32, 51
21: 0, 22, 32, 52
22: 0, 22, 32, 52
23: 0, 21, 32, 52
24: 0, 21, 32, 52
25: 0, 21, 32, 52
26: 0, 22, 32, 52
27: 0, 21, 32, 52
28: 0, 21, 32, 52
29: 0, 21, 30, 52
30: 0, 24, 29, 52
31: 0, 25, 28, 29, 30, 52
32: 0, 26, 31, 52
33: 0, 26, 30, 52
34: 0, 27, 28, 52
35: 0, 52
36: 0, 52
37: 0, 52
38: 0, 52
