0: 0, 24, 36, 52
1: 0, 24, 36, 52
2: 0, 24, 36, 52
3: 0, 24, 36, 52
4: 0, 25, 36, 52
5: 0, 24, 37, 52
6: 0, 25, 37, 52
7: 0, 24, 37, 52
8: 0, 25, 37, 52
9: 0, 25, 38, 52
10: 0, 24, 37, 52
11: 0, 25, 37, 52
12: 0, 25, 38, 52
13: 0, 25, 38, 52
14: 0, 25, 38, 52
15: 0, 25, 38, 52
16: 0, 24, 38, 52
17: 0, 13, 15, 24, 38, 52
18: 0, 12, 18, 24, 37, 52
19: 0, 12, 23, 24, 38, 52
20: 0, 12, 39, 52
21: 0, 10, 39, 52
22: 0, 12, 15, 16, 17, 18, 19, 20, 39, 52
23: 0, 23, 38, 52
24: 0, 25, 27, 28, 36, 52
25: 0, 26, 27, 28, 36, 52
26: 0, 26, 36, 52
27: 0, 26, 36, 52
28: 0, 25, 36, 52
29: 0, 24, 36, 52
30: 0, 23, 36, 52
31: 0, 23, 35, 52
32: 0, 24, 36, 52
33: 0, 26, 36, 52
34: 0, 26, 35, 52
35: 0, 26, 34, 52
36: 0, 28, 33, 52
37: 0, 30, 32, 52
38: 0, 52
