0: 0, 31, 32, 52
1: 0, 31, 32, 52
2: 0, 32, 34, 35, 36, 52
3: 0, 32, 33, 52
4: 0, 26, 29, 34, 36, 52
5: 0, 26, 32, 34, 38, 52
6: 0, 25, 36, 37, 39, 52
7: 0, 26, 36, 37, 38, 52
8: 0, 26, 35, 37, 38, 39, 41, 52
9: 0, 26, 36, 39, 40, 52
10: 0, 25, 37, 52
11: 0, 25, 37, 52
12: 0, 25, 38, 52
13: 0, 21, 37, 52
14: 0, 21, 31, 32, 34, 35, 36, 52
15: 0, 21, 28, 52
16: 0, 21, 27, 52
17: 0, 20, 26, 52
18: 0, 19, 30, 52
19: 0, 19, 27, 29, 30, 52
20: 0, 19, 23, 52
21: 0, 18, 24, 52
22: 0, 19, 24, 52
23: 0, 20, 22, 52
24: 0, 52
25: 0, 52
26: 0, 52
27: 0, 52
28: 0, 52
29: 0, 52
30: 0, 52
31: 0, 52
32: 0, 52
33: 0, 52
34: 0, 52
35: 0, 52
36: 0, 52
37: 0, 52
38: 0, 52
