0: 17, 40
1: 16, 40
2: 17, 40
3: 16, 40
4: 16, 40
5: 16, 40
6: 16, 40
7: 15, 39
8: 15, 40
9: 16, 39
10: 15, 39
11: 16, 39
12: 16, 38
13: 17, 38
14: 18, 37
15: 19, 36
16: 20, 35
17: 20, 35
18: 21, 35
19: 21, 26, 27, 28, 31, 35
20: 21, 26, 32, 36
21: 21, 25, 32, 36
22: 20, 26, 32, 36
23: 21, 26, 32, 36
24: 20, 25, 32, 37
25: 20, 26, 32, 37
26: 20, 25, 33, 38
27: 20, 26, 33, 40
28: 20, 25, 33, 44, 45, 46
29: 19, 26, 34, 48
30: 19, 25, 35, 50
31: 19, 25, 35, 51
32: 19, 26, 37, 52
33: 18, 25, 38, 52
34: 18, 25, 40, 52
35: 18, 25, 43, 52
36: 18, 25, 47, 48, 49, 50
37: 17, 25
38: 17, 25
