0: 0, 14, 24, 27, 31, 52
1: 0, 14, 23, 26, 35, 52
2: 0, 15, 24, 26, 35, 52
3: 0, 15, 24, 26, 36, 52
4: 0, 15, 24, 25, 36, 52
5: 0, 15, 24, 25, 36, 52
6: 0, 16, 24, 26, 36, 52
7: 0, 15, 24, 25, 37, 52
8: 0, 16, 24, 25, 36, 52
9: 0, 16, 24, 25, 37, 52
10: 0, 16, 24, 25, 37, 52
11: 0, 16, 36, 52
12: 0, 16, 36, 52
13: 0, 16, 38, 52
14: 0, 16, 27, 30, 39, 52
15: 0, 16, 25, 35, 39, 52
16: 0, 15, 25, 35, 40, 52
17: 0, 15, 23, 35, 40, 52
18: 0, 13, 14, 15, 22, 36, 38, 52
19: 0, 13, 22, 52
20: 0, 12, 23, 52
21: 0, 13, 22, 52
22: 0, 12, 23, 52
23: 0, 13, 24, 52
24: 0, 12, 24, 52
25: 0, 13, 25, 52
26: 0, 13, 26, 52
27: 0, 13, 26, 52
28: 0, 13, 26, 52
29: 0, 14, 25, 52
30: 0, 14, 24, 52
31: 0, 14, 23, 52
32: 0, 15, 23, 52
33: 0, 17, 18, 19, 22, 52
34: 0, 52
35: 0, 52
36: 0, 52
37: 0, 52
38: 0, 52
