0: 20, 29
1: 20, 29
2: 21, 25
3: 21, 22, 23, 25
4: 23, 25
5: 22, 24
6: 22, 24
7: 22, 24
8: 22, 25
9: 23, 25
10: 
11: 
12: 
13: 24, 25
14: 25, 26
15: 23, 24
16: 
17: 25, 26
18: 
19: 
20: 
21: 
22: 0, 8, 39, 52
23: 0, 12, 37, 52
24: 0, 14, 34, 52
25: 0, 14, 34, 52
26: 0, 14, 15, 16, 30, 31, 32, 33, 34, 52
27: 0, 14, 15, 16, 18, 19, 30, 31, 32, 34, 35, 52
28: 0, 16, 18, 20, 28, 29, 30, 35, 36, 52
29: 0, 21, 27, 29, 30, 52
30: 0, 21, 28, 52
31: 0, 21, 26, 27, 28, 52
32: 0, 21, 26, 52
33: 0, 21, 26, 52
34: 0, 21, 26, 52
35: 0, 21, 26, 52
36: 0, 22, 26, 52
37: 0, 21, 26, 52
38: 0, 22, 26, 52
