0: 16, 35
1: 16, 18, 19, 34
2: 16, 18, 20, 34
3: 17, 19, 20, 32, 33, 34
4: 17, 19, 20, 34
5: 18, 20, 21, 31, 32, 34
6: 18, 20, 21, 33
7: 18, 20, 22, 30, 31, 33
8: 18, 33
9: 19, 21, 22, 33
10: 19, 32
11: 19, 32
12: 0, 1, 11, 12, 20, 33
13: 0, 1, 11, 14, 18, 32, 48, 49, 50, 52
14: 0, 2, 11, 15, 19, 33, 37, 39, 48, 52
15: 0, 2, 3, 5, 8, 9, 11, 17, 19, 32, 34, 39, 45, 48, 49, 52
16: 0, 1, 3, 5, 7, 9, 11, 13, 15, 17, 20, 32, 34, 39, 40, 41, 43, 44, 46, 50
17: 0, 2, 3, 6, 7, 10, 12, 17, 18, 39, 40, 45, 46, 49
18: 1, 5, 7, 10, 12, 14, 16, 19, 20, 32, 33, 34, 38, 42, 43, 47
19: 3, 5, 8, 12, 21, 31, 40, 43, 45, 46
20: 4, 6, 7, 9, 21, 30, 42, 45
21: 5, 7, 22, 29, 34, 36, 44, 45
22: 24, 27, 29, 30, 33, 36
23: 23, 28, 29, 30, 32, 36
24: 22, 30, 33, 36
25: 21, 31, 32, 35
26: 20, 31, 32, 35
27: 19, 31, 32, 35
28: 20, 35
29: 21, 35
30: 21, 35
31: 20, 34
32: 21, 33
33: 21, 31
34: 22, 30
35: 
36: 
37: 
38: 
