0: 12, 25
1: 10, 26
2: 7, 25
3: 7, 25, 30, 31
4: 8, 25
5: 8, 25, 50, 51
6: 10, 25
7: 12, 25
8: 0, 1, 14, 25
9: 1, 3, 15, 25
10: 3, 4, 16, 24
11: 17, 25
12: 17, 24
13: 18, 24, 37, 38
14: 19, 24, 40, 41
15: 18, 24, 25, 26
16: 16, 17, 18, 26, 28, 29
17: 8, 10, 18, 28, 29, 30
18: 8, 10, 18, 24, 25, 27, 29, 30
19: 7, 12, 18, 26, 29, 30
20: 7, 12, 18, 24, 27, 28
21: 7, 14, 15, 16, 18, 24
22: 7, 15, 18, 23
23: 7, 16, 18, 22
24: 7, 21, 44, 45
25: 7, 22
26: 8, 23, 47, 48
27: 8, 23
28: 8, 24, 26, 27
29: 9, 23
30: 10, 22
31: 10, 22
32: 9, 10, 11, 23
33: 12, 23
34: 14, 24
35: 15, 24
36: 18, 24
37: 
38: 
