0: 0, 18, 32, 52
1: 0, 18, 32, 52
2: 0, 18, 31, 52
3: 0, 19, 31, 52
4: 0, 19, 31, 52
5: 0, 19, 30, 52
6: 0, 19, 30, 52
7: 0, 19, 30, 52
8: 0, 20, 29, 52
9: 0, 20, 29, 52
10: 0, 20, 28, 52
11: 0, 19, 28, 52
12: 0, 20, 29, 52
13: 0, 20, 29, 52
14: 0, 21, 29, 52
15: 0, 15, 16, 20, 30, 37, 38, 52
16: 0, 14, 17, 21, 30, 35, 39, 52
17: 0, 14, 19, 20, 30, 33, 41, 52
18: 0, 14, 30, 32, 43, 52
19: 0, 15, 36, 37, 44, 47, 49, 52
20: 0, 16, 35, 39, 49, 52
21: 0, 17, 39, 40, 47, 48, 49, 52
22: 0, 18, 46, 52
23: 0, 19, 37, 38, 39, 43, 44, 52
24: 0, 20, 31, 32, 33, 52
25: 0, 21, 29, 30, 32, 52
26: 0, 20, 29, 32, 33, 52
27: 0, 20, 30, 33, 35, 52
28: 0, 20, 31, 35, 36, 52
29: 0, 20, 30, 36, 37, 52
30: 0, 20, 31, 52
31: 0, 20, 30, 52
32: 0, 19, 30, 52
33: 0, 19, 30, 52
34: 0, 20, 31, 52
35: 0, 21, 31, 52
36: 0, 23, 28, 52
37: 0, 23, 25, 52
38: 0, 24, 25, 52
