0: 
1: 
2: 
3: 
4: 
5: 
6: 32, 33, 34, 35, 36, 38, 39, 45, 46, 47, 48, 52
7: 18, 19, 20, 21, 22, 23, 24, 52
8: 2, 3, 5, 6, 8, 9, 10, 11, 12, 52
9: 0, 52
10: 0, 52
11: 0, 51
12: 3, 4, 5, 47
13: 13, 41
14: 14, 22, 24, 25, 27, 28, 29, 30, 32, 33, 39, 42
15: 15, 21, 40, 43
16: 15, 22, 40, 44
17: 15, 22, 42, 45
18: 16, 23, 42, 47
19: 16, 23, 42, 48
20: 17, 27, 43, 48
21: 17, 27, 43, 49
22: 18, 28, 44, 49
23: 19, 28, 43, 49
24: 19, 29, 38, 40, 44, 50
25: 17, 29, 38, 40, 43, 49
26: 18, 30, 39, 50
27: 18, 30, 39, 50
28: 19, 31, 40, 50, 51, 52
29: 20, 31, 41, 52
30: 21, 32, 42, 52
31: 22, 33, 43, 52
32: 23, 33, 43, 52
33: 24, 34, 42, 52
34: 25, 35, 43, 52
35: 26, 36, 44, 52
36: 26, 36, 44, 52
37: 27, 37, 45, 52
38: 28, 38, 46, 52
