0: 0, 13
1: 0, 13
2: 0, 13
3: 0, 13
4: 0, 13
5: 0, 13
6: 0, 13
7: 0, 13
8: 0, 13, 46, 48
9: 0, 13, 37, 38, 44, 50
10: 0, 13, 37, 39, 41, 50
11: 0, 13, 36, 49
12: 0, 13, 33, 48
13: 0, 13, 28, 29, 33, 40, 41, 44, 45, 46
14: 0, 13, 27, 28, 31, 42
15: 0, 13, 26, 27, 28, 31, 33, 35, 36, 40
16: 0, 13, 24, 28, 34, 35, 36, 40
17: 1, 13, 22, 25, 35, 40
18: 1, 13, 34, 39
19: 2, 13, 35, 39
20: 1, 13, 35, 38, 40, 41
21: 1, 13, 35, 38, 39, 40
22: 0, 13, 34, 39
23: 0, 13, 34, 38
24: 0, 13, 33, 35
25: 0, 13
26: 0, 13
27: 0, 13
28: 0, 13
29: 0, 13
30: 0, 13
31: 0, 13
32: 0, 13
33: 0, 13
34: 0, 13
35: 0, 13
36: 0, 13
37: 0, 13
38: 0, 13
