0: 2, 5, 9, 10, 17, 23, 27, 36
1: 2, 5, 9, 10, 18, 24, 28, 36
2: 0, 4, 10, 11, 19, 21, 27, 35, 51, 52
3: 0, 5, 9, 13, 18, 21, 27, 35, 51, 52
4: 0, 5, 9, 21, 22, 23, 27, 37, 50, 52
5: 0, 5, 9, 21, 22, 23, 27, 40, 50, 52
6: 0, 6, 8, 20, 21, 24, 27, 40, 45, 47, 49, 52
7: 0, 6, 8, 25, 26, 41, 43, 52
8: 0, 19, 21, 52
9: 0, 52
10: 0, 52
11: 0, 46
12: 0, 3, 5, 45
13: 0, 1, 5, 46
14: 6, 45
15: 6, 46
16: 7, 8, 9, 46
17: 10, 46
18: 10, 46
19: 10, 46
20: 10, 46
21: 11, 46
22: 13, 45
23: 12, 45
24: 11, 44
25: 10, 44
26: 11, 43
27: 11, 40
28: 9, 39, 43, 48
29: 7, 8, 9, 37, 40, 50
30: 5, 36, 40, 52
31: 5, 35, 38, 52
32: 1, 4, 5, 35, 38, 52
33: 0, 4, 6, 35, 37, 52
34: 0, 52
35: 0, 52
36: 0, 52
37: 0, 52
38: 0, 52
