0: 0, 18, 30, 52
1: 0, 19, 30, 52
2: 0, 19, 30, 52
3: 0, 19, 30, 52
4: 0, 19, 29, 52
5: 0, 20, 29, 52
6: 0, 20, 29, 30, 31, 52
7: 0, 19, 29, 30, 33, 52
8: 0, 19, 29, 30, 32, 46, 47, 49
9: 0, 19, 32, 45, 51, 52
10: 0, 11, 12, 19, 32, 33, 35, 38, 40, 44, 50, 52
11: 0, 6, 8, 10, 14, 18, 49, 52
12: 1, 2, 3, 5, 15, 19, 47, 52
13: 47, 52
14: 34, 35, 46, 52
15: 10, 18, 32, 37, 45, 52
16: 9, 18, 32, 39, 44, 52
17: 0, 1, 8, 18, 31, 42, 44, 52
18: 0, 2, 6, 19, 30, 52
19: 0, 3, 4, 23, 27, 52
20: 0, 22, 27, 28, 29, 52
21: 0, 21, 30, 52
22: 0, 19, 31, 52
23: 0, 19, 31, 52
24: 0, 20, 32, 52
25: 0, 19, 32, 52
26: 0, 18, 34, 52
27: 0, 18, 33, 52
28: 0, 19, 35, 52
29: 0, 20, 35, 52
30: 0, 20, 35, 52
31: 0, 20, 34, 52
32: 0, 21, 31, 33, 34, 52
33: 0, 21, 29, 52
34: 0, 24, 25, 52
35: 0, 52
36: 0, 52
37: 0, 52
38: 0, 52
