0: 
1: 
2: 
3: 
4: 
5: 
6: 
7: 50, 51
8: 32, 33, 34, 36, 47, 51
9: 32, 36, 42, 52
10: 26, 28, 29, 30, 31, 35, 39, 52
11: 18, 19, 26, 52
12: 11, 12, 13, 14, 15, 20, 21, 22, 23, 52
13: 8, 9, 10, 52
14: 7, 15, 16, 17, 18, 19, 24, 26, 28, 51
15: 8, 9, 25, 27, 29, 41, 42, 51
16: 26, 27, 29, 41
17: 27, 28, 29, 40, 41, 42
18: 26, 28, 29, 36
19: 26, 37
20: 26, 32, 34, 37
21: 26, 32
22: 24, 26, 27, 37
23: 24, 26, 28, 37
24: 25, 36
25: 26, 35
26: 24, 34
27: 23, 31
28: 22, 31, 34, 35
29: 21, 22, 23, 25, 26, 34
30: 23, 26, 27, 32
31: 23, 25
32: 
33: 
34: 
35: 
36: 
37: 
38: 
