0: 0, 44
1: 0, 43
2: 0, 44
3: 0, 44
4: 0, 43
5: 0, 44
6: 0, 44
7: 0, 43
8: 0, 44
9: 0, 44
10: 0, 35, 41, 42, 43, 44
11: 0, 15, 16, 17, 19, 34
12: 0, 14, 19, 32
13: 0, 15, 20, 30
14: 0, 13, 20, 30
15: 0, 13, 21, 28
16: 0, 12, 22, 27
17: 0, 12, 15, 16, 22, 26, 37, 40
18: 0, 15, 23, 24, 36, 42
19: 0, 14, 35, 43, 44, 45
20: 0, 12, 33, 45
21: 0, 10, 32, 46, 48, 49
22: 0, 9, 30, 49
23: 0, 9, 29, 52
24: 0, 8, 27, 52
25: 0, 9, 26, 51
26: 0, 15, 23, 47, 48, 49
27: 0, 15, 20, 48
28: 0, 15, 17, 47
29: 0, 47
30: 0, 47
31: 0, 46
32: 0, 46
33: 0, 47
34: 0, 45
35: 0, 45
36: 0, 44
37: 0, 42
38: 0, 41
