0: 19, 33
1: 19, 33
2: 20, 32
3: 20, 32, 42, 43
4: 6, 12, 20, 32, 40, 45
5: 9, 15, 21, 31, 38, 42
6: 10, 16, 21, 31, 36, 41
7: 14, 18, 21, 30, 34, 40
8: 15, 19, 22, 31, 32, 37
9: 16, 20, 21, 30, 31, 35
10: 2, 3, 18, 21, 22, 30, 31, 34, 49, 50
11: 1, 2, 13, 14, 16, 17, 19, 33, 35, 36, 38, 39, 48, 50
12: 1, 2, 13, 14, 16, 18, 19, 33, 35, 36, 38, 39, 45, 46, 49, 51
13: 0, 2, 5, 6, 9, 10, 12, 14, 16, 17, 19, 32, 34, 36, 38, 40, 41, 43, 45, 46, 49, 52
14: 0, 3, 5, 6, 9, 10, 12, 14, 16, 18, 20, 33, 34, 36, 38, 40, 42, 43, 45, 47, 49, 52
15: 0, 2, 4, 6, 9, 10, 11, 14, 15, 18, 19, 33, 34, 37, 38, 40, 42, 44, 45, 48, 50, 52
16: 0, 2, 4, 6, 8, 10, 12, 14, 16, 18, 20, 33, 35, 36, 38, 40, 42, 44, 46, 48, 50, 52
17: 0, 1, 3, 6, 7, 10, 12, 14, 15, 18, 19, 40, 42, 45, 46, 48, 49, 51
18: 0, 3, 4, 6, 8, 10, 12, 14, 15, 16, 17, 32, 34, 35, 40, 42, 43, 44, 47, 50
19: 2, 5, 8, 12, 21, 31, 42, 45, 47, 48
20: 3, 5, 7, 10, 22, 31, 44, 48
21: 4, 8, 23, 29, 33, 35
22: 5, 6, 24, 28, 33, 36
23: 23, 24, 25, 28, 29, 30, 33, 36
24: 22, 30, 33, 36
25: 21, 31, 32, 36
26: 21, 32, 33, 36
27: 19, 32, 33, 35
28: 19, 35
29: 20, 36
30: 21, 36
31: 20, 36
32: 20, 35
33: 21, 34
34: 21, 32
35: 22, 30
36: 
37: 
38: 
