0: 32, 46
1: 33, 46
2: 32, 45
3: 7, 8, 33, 45
4: 33, 44
5: 33, 44
6: 33, 43
7: 29, 30, 34, 43
8: 10, 11, 22, 23, 31, 32, 34, 42
9: 3, 4, 13, 14, 34, 42
10: 5, 6, 15, 16, 34, 42
11: 35, 43
12: 34, 44
13: 3, 4, 7, 8, 10, 11, 18, 19, 35, 44
14: 35, 39, 41, 44
15: 12, 13, 35, 39, 40, 43
16: 2, 3, 6, 7, 14, 15, 22, 23, 35, 39, 41, 44
17: 9, 10, 18, 19, 24, 25, 35, 39, 40, 43
18: 3, 4, 26, 27, 34, 44
19: 6, 7, 11, 12, 34, 43
20: 2, 3, 8, 9, 13, 14, 16, 17, 34, 43
21: 1, 2, 3, 5, 6, 7, 19, 20, 29, 30, 35, 42
22: 7, 8, 9, 10, 12, 13, 21, 22, 35, 42
23: 0, 7, 10, 11, 16, 17, 23, 24, 36, 42
24: 0, 10, 12, 13, 14, 15, 35, 42
25: 0, 12, 18, 19, 25, 26, 34, 41
26: 0, 12, 13, 14, 15, 16, 20, 21, 33, 40
27: 0, 14, 17, 18, 29, 30, 33, 40
28: 0, 14, 15, 16, 21, 22, 33, 40
29: 0, 15, 16, 17, 24, 25, 33, 39
30: 0, 16, 18, 19, 32, 34, 35, 36, 37, 38
31: 0, 16, 17, 18, 20, 21, 26, 27
32: 0, 17, 23, 24, 30, 31
33: 0, 17, 18, 19, 20, 21, 32, 33
34: 0, 17
35: 0, 17, 18, 19, 24, 25, 27, 28
36: 0, 18, 19, 20, 21, 22
37: 0, 17
38: 0, 17, 18, 19
