0: 25, 37, 45, 46, 47, 52
1: 25, 36, 44, 45, 46, 52
2: 25, 26, 27, 36, 46, 52
3: 26, 36, 45, 52
4: 25, 26, 27, 36, 39, 40, 45, 46, 47, 52
5: 27, 35, 37, 40, 46, 52
6: 26, 39, 45, 46, 47, 52
7: 26, 27, 28, 37, 46, 47, 48, 52
8: 27, 37, 46, 52
9: 27, 38, 46, 47, 48, 52
10: 24, 25, 26, 27, 28, 36, 37, 38, 48, 52
11: 27, 41, 47, 52
12: 22, 23, 25, 41, 47, 48, 49, 52
13: 20, 21, 22, 44, 47, 48, 49, 52
14: 20, 44, 46, 47, 48, 52
15: 19, 46, 47, 52
16: 18, 19, 20, 52
17: 17, 47, 48, 49, 50, 52
18: 18, 52
19: 16, 52
20: 16, 17, 18, 52
21: 17, 52
22: 17, 18, 19, 52
23: 17, 52
24: 17, 52
25: 15, 16, 17, 52
26: 16, 52
27: 16, 52
28: 15, 52
29: 17, 47, 48, 51
30: 18, 50
31: 18, 50
32: 17, 45, 46, 50
33: 17, 44, 45, 48, 49, 52
34: 17, 48, 50, 52
35: 17, 48, 51, 52
36: 17, 48, 50, 51
37: 16, 49
38: 17, 51
