0: 27, 28
1: 
2: 
3: 10, 11, 20, 21
4: 12, 13
5: 29, 30, 39, 40
6: 23, 24, 31, 32
7: 14, 15, 33, 34
8: 
9: 18, 19
10: 5, 6, 20, 21, 25, 26
11: 7, 8, 15, 16, 27, 28, 43, 44
12: 9, 10, 29, 30, 35, 36
13: 11, 12, 19, 20, 23, 24, 31, 32, 37, 38
14: 
15: 3, 4, 7, 8, 15, 16, 25, 26
16: 11, 12, 17, 18, 21, 22, 27, 28, 35, 36, 40, 41
17: 29, 30, 32, 33, 45, 46
18: 4, 5, 8, 9, 13, 14, 18, 19, 22, 23, 47, 48
19: 15, 16, 24, 25, 26, 27
20: 10, 11, 19, 20, 22, 23, 28, 29, 31, 32, 34, 35, 37, 38
21: 5, 6, 12, 13, 25, 26, 27, 28, 29, 30, 39, 40, 43, 44
22: 2, 3, 7, 8, 15, 16, 17, 18, 20, 21, 22, 23, 24, 25, 31, 32, 33, 34, 49, 50
23: 10, 11, 13, 14, 19, 20, 23, 24, 25, 31, 34, 35, 36, 37
24: 5, 6, 16, 17, 18, 19, 21, 34, 38, 39
25: 8, 9, 14, 15, 19, 35, 36, 37, 41, 42, 45, 46
26: 2, 3, 10, 11, 12, 13, 16, 17, 18, 37, 38, 39
27: 4, 5, 7, 8, 15, 16, 17, 37, 39, 40
28: 11, 12, 14, 15, 16, 39, 43, 44
29: 2, 3, 6, 7, 9, 10, 14, 15, 16, 39, 40, 41, 48, 49
30: 12, 13, 14, 15, 16, 40, 41, 42
31: 5, 6, 8, 9, 11, 12, 13, 14, 15, 40, 44, 45
32: 2, 3, 14, 40, 41, 42, 50, 51
33: 6, 7, 9, 10, 11, 12, 13, 41, 42, 43
34: 3, 4, 12, 13, 14, 41, 46, 47
35: 6, 7, 9, 10, 12, 13, 14, 42, 43, 44
36: 2, 3, 11, 12, 13, 41
37: 5, 6, 8, 9, 10, 11, 13, 42, 43, 44
38: 12, 13, 14, 41
