0: 0, 8, 20, 52
1: 0, 9, 19, 52
2: 0, 8, 19, 52
3: 0, 9, 19, 52
4: 0, 9, 19, 52
5: 0, 9, 19, 52
6: 0, 9, 19, 52
7: 0, 9, 19, 52
8: 0, 9, 18, 52
9: 0, 9, 19, 52
10: 0, 10, 18, 52
11: 0, 10, 18, 52
12: 0, 10, 18, 52
13: 0, 10, 18, 52
14: 0, 7, 9, 10, 18, 52
15: 0, 7, 10, 11, 18, 52
16: 0, 7, 18, 52
17: 0, 7, 11, 12, 18, 52
18: 0, 8, 17, 52
19: 0, 8, 17, 52
20: 0, 9, 17, 18, 19, 52
21: 0, 9, 20, 52
22: 0, 9, 19, 52
23: 0, 10, 19, 52
24: 0, 9, 19, 52
25: 0, 10, 20, 52
26: 0, 10, 18, 52
27: 0, 11, 17, 52
28: 0, 11, 17, 52
29: 0, 10, 17, 52
30: 0, 9, 17, 52
31: 0, 9, 18, 52
32: 0, 8, 17, 52
33: 0, 11, 16, 52
34: 0, 12, 16, 52
35: 0, 52
36: 0, 52
37: 0, 52
38: 0, 52
