0: 10, 21, 32, 48
1: 10, 21, 31, 47
2: 10, 21, 32, 47
3: 11, 20, 32, 46
4: 11, 21, 32, 45
5: 12, 20, 31, 44
6: 11, 20, 32, 41
7: 12, 21, 26, 27, 31, 41
8: 11, 22, 24, 25, 30, 41
9: 12, 23, 24, 25, 27, 28, 29, 41
10: 11, 24, 27, 41
11: 11, 25, 27, 41
12: 12, 25, 27, 40
13: 11, 41
14: 12, 40
15: 12, 29, 30, 40
16: 12, 23, 24, 28, 29, 40
17: 12, 23, 24, 27, 28, 40
18: 13, 23, 25, 27, 29, 39
19: 13, 23, 25, 27, 29, 39
20: 13, 23, 29, 39
21: 13, 23, 29, 39
22: 13, 23, 29, 39
23: 13, 23, 29, 39
24: 13, 23, 29, 39
25: 13, 24, 29, 39
26: 13, 24, 28, 38
27: 14, 24, 28, 39
28: 14, 23, 29, 38
29: 14, 22, 30, 38
30: 16, 21, 29, 37, 38, 39
31: 15, 21, 29, 30, 33, 34, 38, 39
32: 14, 22, 28, 30, 37, 40
33: 14, 15, 16, 22, 29, 30, 37, 42
34: 16, 19, 28, 30, 39, 40
35: 14, 20, 39, 40
36: 14, 15, 16, 17, 18, 22, 29, 30
37: 15, 17, 18, 19
38: 15, 16, 18, 20
