0: 11, 15, 37, 40
1: 11, 15, 37, 40
2: 0, 1, 12, 15, 36, 39, 50, 52
3: 0, 3, 13, 15, 37, 38, 48, 52
4: 0, 5, 13, 16, 36, 38, 47, 52
5: 0, 7, 13, 15, 37, 38, 44, 52
6: 0, 8, 14, 15, 36, 37, 43, 52
7: 0, 8, 14, 15, 43, 52
8: 0, 9, 14, 15, 43, 52
9: 0, 8, 43, 52
10: 0, 9, 43, 52
11: 0, 9, 42, 52
12: 0, 9, 42, 52
13: 0, 10, 41, 52
14: 0, 9, 42, 52
15: 0, 26, 27, 29, 30, 32, 33, 35, 36, 38, 39, 42, 43, 52
16: 0, 52
17: 0, 52
18: 0, 1, 3, 52
19: 0, 1, 3, 8, 22, 23, 25, 26, 28, 29, 30, 31, 32, 33, 35, 36, 37, 38, 39, 40, 41, 42, 43, 49, 51, 52
20: 4, 8, 44, 49
21: 4, 8, 44, 48
22: 4, 7, 44, 48
23: 4, 8, 45, 48
24: 5, 7, 44, 48
25: 5, 8, 45, 47
26: 5, 8, 12, 14, 38, 40, 45, 47
27: 4, 8, 12, 13, 39, 40, 46, 48
28: 0, 1, 4, 10, 15, 16, 35, 36, 39, 40, 46, 48
29: 0, 1, 15, 17, 34, 37, 47, 48, 51, 52
30: 0, 1, 6, 7, 8, 9, 14, 19, 32, 38, 51, 52
31: 3, 22, 29, 42
32: 1, 22, 31, 32, 33, 42, 48, 50
33: 0, 22, 29, 30, 31, 32, 34, 41, 48, 52
34: 0, 20, 36, 41, 48, 52
35: 0, 18, 19, 20, 38, 41, 49, 52
36: 0, 18, 37, 41, 48, 52
37: 0, 17, 39, 41, 49, 52
38: 0, 17, 25, 26, 38, 41, 48, 52
