0: 0, 42
1: 0, 43
2: 0, 43
3: 0, 44
4: 0, 44
5: 0, 45
6: 0, 45
7: 0, 46
8: 0, 47
9: 0, 48
10: 0, 25, 26, 27, 28, 48
11: 0, 25, 27, 48
12: 0, 25, 26, 27, 28, 49
13: 0, 24, 28, 30, 31, 32, 35, 36, 40, 41, 42, 50
14: 0, 24, 28, 31, 32, 41, 43, 50
15: 0, 24, 28, 36, 37, 38, 45, 52
16: 0, 24, 28, 32, 42, 43, 47, 52
17: 0, 25, 28, 32, 35, 39, 42, 45, 47, 52
18: 0, 24, 28, 40, 42, 45, 48, 52
19: 0, 25, 27, 40, 42, 46, 48, 52
20: 0, 25, 27, 40, 43, 46, 49, 52
21: 0, 25, 27, 40, 42, 47, 50, 52
22: 0, 25, 27, 41, 43, 48
23: 0, 26, 27, 41, 43, 48
24: 0, 25, 28, 41, 44, 49
25: 0, 25, 27, 42, 44, 48
26: 0, 42, 45, 49
27: 0, 43, 45, 49
28: 0, 43, 46, 48
29: 0, 44, 46, 48
30: 0, 44, 46, 47
31: 0, 44
32: 0, 45
33: 0, 45
34: 0, 45
35: 0, 46
36: 0, 46
37: 0, 46
38: 0, 45
