0: 0, 4, 5, 10, 14, 24, 28, 39, 40, 41, 46, 48, 51, 52
1: 0, 11, 14, 23, 28, 41, 45, 50
2: 0, 23, 28, 42, 43, 50, 51, 52
3: 0, 23, 27, 52
4: 0, 24, 28, 52
5: 0, 23, 28, 52
6: 0, 24, 28, 52
7: 0, 22, 23, 24, 28, 52
8: 0, 2, 3, 22, 28, 52
9: 0, 2, 3, 21, 27, 52
10: 4, 21, 22, 23, 28, 52
11: 5, 21, 22, 24, 27, 52
12: 8, 20, 21, 23, 27, 52
13: 8, 19, 20, 24, 27, 52
14: 8, 52
15: 8, 51
16: 8, 50
17: 9, 43, 44, 48
18: 9, 37
19: 9, 37, 43, 44, 45, 46
20: 8, 37, 40, 48
21: 7, 50
22: 5, 50
23: 6, 51
24: 7, 52
25: 4, 6, 8, 52
26: 4, 52
27: 3, 52
28: 2, 52
29: 0, 52
30: 0, 52
31: 0, 52
32: 0, 52
33: 0, 52
34: 0, 52
35: 0, 52
36: 0, 52
37: 0, 52
38: 0, 52
