0: 3, 49
1: 3, 49
2: 3, 49
3: 3, 49
4: 3, 49
5: 3, 49
6: 3, 49
7: 3, 49
8: 3, 49
9: 3, 49
10: 3, 49
11: 3, 49
12: 3, 49
13: 3, 49
14: 3, 28, 32, 49
15: 3, 27, 32, 49
16: 3, 26, 33, 49
17: 3, 21, 33, 49
18: 3, 20, 32, 49
19: 3, 21, 31, 49
20: 3, 22, 33, 49
21: 3, 24, 35, 49
22: 3, 24, 36, 49
23: 3, 21, 35, 49
24: 3, 20, 33, 49
25: 3, 21, 22, 25, 33, 49
26: 3, 25, 34, 49
27: 3, 24, 36, 49
28: 3, 24, 35, 49
29: 3, 23, 36, 49
30: 3, 22, 37, 49
31: 3, 24, 28, 29, 37, 49
32: 3, 24, 28, 30, 38, 49
33: 3, 24, 28, 30, 32, 33, 37, 49
34: 3, 24, 29, 32, 33, 34, 36, 49
35: 3, 24, 30, 49
36: 3, 24, 30, 49
37: 3, 24, 31, 49
38: 3, 23, 31, 49
