0: 23, 41
1: 23, 41
2: 23, 41
3: 19, 21, 23, 40
4: 19, 22, 24, 40
5: 20, 40
6: 21, 39
7: 21, 39
8: 20, 39
9: 20, 39
10: 21, 39
11: 21, 38, 51, 52
12: 20, 38
13: 19, 38, 50, 52
14: 18, 38, 45, 46, 47, 48, 49, 52
15: 17, 38, 43, 44, 48, 52
16: 16, 37, 47, 52
17: 15, 38, 42, 43, 46, 52
18: 14, 37, 45, 52
19: 15, 37, 42, 52
20: 18, 37, 38, 39, 40, 52
21: 22, 23, 25, 37, 40, 52
22: 25, 37, 39, 52
23: 23, 36, 38, 52
24: 22, 52
25: 22, 52
26: 22, 52
27: 21, 23, 24, 52
28: 22, 23, 24, 52
29: 23, 51
30: 25, 51
31: 25, 51
32: 22, 23, 24, 52
33: 20, 21, 24, 52
34: 19, 20, 24, 52
35: 20, 21, 22, 52
36: 18, 20, 21, 52
37: 18, 20, 21, 52
38: 17, 51
