0: 28, 30, 31, 44
1: 28, 45
2: 28, 45
3: 28, 48
4: 28, 41, 42, 49
5: 28, 40, 43, 51
6: 28, 40, 42, 51
7: 27, 40, 42, 51
8: 27, 50
9: 26, 45, 46, 49
10: 21, 22, 25, 44, 46, 48
11: 19, 43
12: 17, 43
13: 15, 42
14: 10, 41
15: 2, 3, 4, 6, 7, 25, 26, 27, 28, 38
16: 0, 16, 17, 18, 19, 23, 28, 38
17: 0, 9, 10, 11, 27, 37
18: 0, 1, 2, 3, 5, 6, 25, 33
19: 25, 33
20: 23, 35, 36, 37
21: 21, 38
22: 21, 39
23: 21, 39
24: 21, 40
25: 21, 36, 37, 38
26: 21, 36
27: 22, 35
28: 22, 34
29: 21, 34
30: 23, 24, 26, 32
31: 29, 30
32: 
33: 
34: 
35: 
36: 
37: 
38: 
