0: 0, 20, 40, 52
1: 0, 20, 40, 52
2: 0, 22, 37, 52
3: 0, 22, 37, 52
4: 0, 23, 37, 52
5: 0, 24, 36, 52
6: 0, 25, 36, 52
7: 0, 25, 35, 52
8: 0, 25, 35, 52
9: 0, 26, 35, 52
10: 0, 26, 34, 52
11: 0, 19, 23, 24, 25, 26, 34, 35, 36, 52
12: 0, 18, 38, 52
13: 0, 18, 39, 52
14: 0, 19, 21, 22, 39, 52
15: 0, 22, 39, 52
16: 0, 21, 39, 52
17: 0, 19, 38, 52
18: 0, 19, 38, 52
19: 0, 20, 21, 24, 37, 52
20: 0, 24, 36, 52
21: 0, 24, 36, 52
22: 0, 26, 35, 52
23: 0, 25, 34, 52
24: 0, 24, 33, 52
25: 0, 23, 32, 52
26: 0, 22, 33, 52
27: 0, 22, 33, 52
28: 0, 21, 32, 52
29: 0, 21, 31, 52
30: 0, 22, 30, 52
31: 0, 22, 29, 52
32: 0, 23, 28, 52
33: 0, 52
34: 0, 52
35: 0, 52
36: 0, 52
37: 0, 52
38: 0, 52
