0: 6, 8, 16, 37
1: 5, 9, 17, 36
2: 6, 9, 18, 36
3: 6, 9, 18, 36
4: 5, 9, 20, 36
5: 5, 9, 20, 36
6: 4, 8, 22, 36
7: 4, 8, 23, 35
8: 3, 8, 24, 35
9: 3, 7, 25, 34
10: 2, 7, 25, 34
11: 2, 7, 26, 33
12: 2, 7, 26, 33
13: 2, 6, 25, 33
14: 1, 6, 24, 32
15: 2, 6, 23, 35
16: 1, 6, 23, 25, 26, 38
17: 1, 6, 23, 25, 26, 40
18: 1, 6, 23, 34, 36, 42
19: 1, 6, 24, 34, 39, 43, 48, 52
20: 1, 6, 24, 33, 40, 52
21: 1, 6, 22, 23, 24, 32, 37, 45
22: 1, 7, 22, 38, 39, 40, 41, 42
23: 2, 7, 21, 33
24: 1, 7, 20, 31
25: 2, 7, 18, 19, 20, 29
26: 2, 8, 14, 29
27: 2, 8, 11, 15, 18, 30
28: 2, 11, 19, 30
29: 3, 9, 19, 30
30: 2, 6, 20, 30
31: 21, 30
32: 21, 30
33: 24, 29
34: 
35: 
36: 
37: 
38: 
