0: 
1: 
2: 
3: 
4: 33, 35
5: 30, 37
6: 25, 26, 27, 39
7: 22, 40
8: 20, 41
9: 0, 2, 12, 13, 18, 43
10: 0, 5, 6, 43
11: 0, 45
12: 0, 46
13: 0, 47
14: 0, 48
15: 0, 48
16: 0, 49
17: 0, 50
18: 0, 10, 11, 12, 13, 14, 15, 51
19: 0, 1, 2, 3, 22, 23, 24, 52
20: 29, 52
21: 29, 52
22: 24, 25, 26, 35, 38, 52
23: 23, 35, 42, 52
24: 25, 35, 45, 52
25: 21, 22, 24, 36, 49, 50, 51, 52
26: 20, 21, 25, 36
27: 21, 22, 26, 35
28: 20, 22, 27, 35
29: 21, 22, 28, 35
30: 21, 22, 28, 35
31: 20, 22, 29, 34
32: 20, 22, 30, 34
33: 20, 22, 29, 33
34: 20, 22, 29, 33
35: 20, 22, 30, 33
36: 20, 22, 29, 34
37: 20, 22, 30, 35, 38, 39, 40, 42
38: 20, 22, 29, 33, 34, 42
