0: 0, 16, 30, 52
1: 0, 16, 30, 52
2: 0, 16, 29, 52
3: 0, 17, 29, 52
4: 0, 16, 29, 52
5: 0, 17, 28, 52
6: 0, 17, 28, 52
7: 0, 17, 27, 52
8: 0, 18, 27, 52
9: 0, 18, 26, 52
10: 0, 18, 26, 52
11: 0, 17, 26, 52
12: 0, 18, 27, 52
13: 0, 18, 27, 52
14: 0, 18, 27, 52
15: 0, 13, 15, 18, 28, 52
16: 0, 13, 16, 18, 27, 33, 36, 52
17: 0, 13, 17, 18, 28, 32, 39, 52
18: 0, 13, 27, 30, 42, 46, 48, 52
19: 0, 14, 34, 35, 48, 52
20: 0, 15, 46, 52
21: 0, 15, 45, 52
22: 0, 16, 38, 39, 40, 41, 43, 52
23: 0, 17, 32, 33, 34, 52
24: 0, 18, 29, 52
25: 0, 18, 26, 28, 31, 52
26: 0, 17, 27, 30, 32, 52
27: 0, 18, 27, 32, 34, 52
28: 0, 17, 27, 34, 36, 52
29: 0, 17, 28, 36, 38, 52
30: 0, 18, 28, 52
31: 0, 16, 27, 52
32: 0, 16, 27, 52
33: 0, 17, 28, 52
34: 0, 17, 28, 52
35: 0, 19, 27, 52
36: 0, 20, 23, 24, 25, 52
37: 0, 20, 22, 52
38: 0, 21, 22, 52
