0: 2, 28
1: 1, 27
2: 1, 25
3: 0, 26
4: 0, 24
5: 0, 25
6: 0, 24
7: 0, 23
8: 0, 24, 35, 36, 37, 39
9: 0, 23, 35, 41
10: 0, 24, 35, 41
11: 0, 23, 34, 42
12: 0, 23, 34, 41
13: 0, 24, 35, 41
14: 0, 23, 36, 40
15: 0, 24
16: 0, 24
17: 0, 25
18: 0, 25
19: 0, 26
20: 0, 26
21: 0, 27
22: 0, 27
23: 0, 13, 14, 28
24: 0, 12, 16, 28
25: 0, 11, 18, 28
26: 0, 10, 18, 28
27: 0, 10, 18, 28
28: 0, 10, 18, 28
29: 0, 11, 18, 28
30: 0, 11, 16, 17, 18, 28
31: 0, 13, 15, 16, 17, 28
32: 0, 27
33: 0, 27
34: 0, 27
35: 0, 26
36: 0, 26, 51, 52
37: 0, 24, 50, 52
38: 0, 23, 24, 25, 50, 52
