0: 24, 25, 26, 47
1: 26, 27, 29, 44
2: 26, 27, 32, 43
3: 33, 43
4: 31, 32, 33, 46
5: 31, 49
6: 30, 33, 35, 43, 45, 52
7: 27, 30, 36, 43, 48, 52
8: 25, 28, 36, 43, 51, 52
9: 25, 26, 36, 43
10: 36, 43
11: 36, 42
12: 36, 42
13: 36, 42
14: 36, 42
15: 35, 43
16: 35, 43
17: 35, 43
18: 35, 42
19: 32, 42
20: 5, 7, 8, 9, 10, 11, 13, 14, 26, 27, 29, 42
21: 6, 42
22: 15, 16, 18, 19, 21, 22, 25, 26, 28, 29, 30, 31, 34, 42
23: 35, 41
24: 37, 41
25: 40, 41
26: 
27: 
28: 
29: 46, 52
30: 44, 52
31: 43, 46, 47, 48, 50, 52
32: 43, 44
33: 43, 44, 51, 52
34: 42, 43, 51, 52
35: 42, 43, 51, 52
36: 42, 43
37: 
38: 
