0: 0, 7, 24, 52
1: 0, 8, 24, 52
2: 0, 8, 24, 52
3: 2, 9, 23, 52
4: 4, 10, 24, 52
5: 5, 11, 23, 52
6: 5, 11, 23, 52
7: 4, 12, 23, 52
8: 3, 12, 23, 52
9: 2, 13, 23, 52
10: 1, 13, 23, 52
11: 1, 14, 22, 52
12: 1, 15, 22, 52
13: 0, 15, 22, 52
14: 0, 15, 22, 52
15: 0, 15, 23, 52
16: 0, 6, 7, 14, 22, 52
17: 0, 4, 9, 14, 22, 52
18: 0, 3, 10, 13, 22, 52
19: 0, 2, 12, 13, 22, 52
20: 6, 7, 21, 52
21: 5, 8, 22, 52
22: 6, 9, 21, 52
23: 4, 5, 7, 10, 22, 52
24: 3, 7, 9, 10, 21, 52
25: 1, 9, 12, 13, 20, 52
26: 1, 12, 21, 52
27: 2, 13, 21, 52
28: 3, 13, 22, 52
29: 3, 12, 21, 52
30: 2, 12, 23, 52
31: 0, 1, 2, 12, 21, 23, 26, 52
32: 0, 12, 22, 25, 26, 52
33: 0, 12, 21, 52
34: 0, 11, 20, 52
35: 0, 12, 19, 52
36: 0, 15, 18, 52
37: 0, 17, 18, 52
38: 0, 18, 19, 52
