0: 15, 29
1: 14, 28
2: 12, 28
3: 11, 28
4: 9, 28
5: 8, 28
6: 9, 28
7: 10, 27
8: 11, 28
9: 14, 27
10: 17, 27
11: 18, 27
12: 20, 27
13: 21, 27, 29, 30, 51, 52
14: 22, 27, 28, 29, 30, 31
15: 22, 29, 31, 32
16: 21, 29
17: 22, 26, 27, 29
18: 21, 27, 29, 30
19: 21, 27
20: 21, 30
21: 20, 30
22: 20, 26, 28, 29
23: 21, 24, 29, 30
24: 19, 24
25: 19, 25, 29, 30, 37, 38
26: 19, 25, 30, 32, 34, 36, 38, 39
27: 20, 41
28: 20, 42
29: 20, 43
30: 18, 42
31: 19, 41
32: 19, 41
33: 20, 40
34: 21, 38
35: 23, 37
36: 12, 13, 24, 35, 36, 37
37: 29, 30
38: 
