0: 0, 28
1: 0, 27
2: 0, 28
3: 0, 27
4: 0, 28
5: 0, 27
6: 0, 28
7: 0, 27
8: 0, 28
9: 0, 27
10: 0, 28
11: 0, 27
12: 0, 28
13: 0, 27
14: 0, 28
15: 0, 9, 11, 12, 13, 27
16: 0, 8, 14, 28
17: 0, 7, 15, 27
18: 0, 6, 16, 28
19: 0, 6, 16, 27
20: 0, 6, 16, 28
21: 0, 6, 16, 27
22: 0, 7, 15, 28
23: 0, 7, 14, 27
24: 0, 9, 12, 28
25: 0, 27
26: 0, 28
27: 0, 27
28: 0, 28
29: 0, 27, 49, 50
30: 0, 28, 48, 50, 51, 52
31: 0, 27, 48, 52
32: 0, 28, 45, 52
33: 0, 27, 44, 52
34: 0, 28, 40, 41, 42, 43, 44, 52
35: 0, 27, 37, 52
36: 0, 28, 35, 41, 45, 52
37: 0, 27, 34, 37, 46, 52
38: 0, 28, 34, 35, 46, 52
