0: 25, 40
1: 25, 40
2: 26, 41
3: 25, 40
4: 25, 41
5: 25, 40
6: 20, 21, 24, 26, 27, 40, 42, 43
7: 20, 21, 24, 40, 41, 42, 47, 48
8: 20, 22, 24, 40, 41, 43, 47, 48
9: 19, 21, 23, 40, 41, 43, 46, 48, 51, 52
10: 16, 17, 19, 22, 23, 40, 41, 43, 46, 48, 51, 52
11: 5, 6, 16, 17, 19, 22, 23, 43, 45, 48, 51, 52
12: 4, 6, 11, 12, 15, 17, 18, 22, 24, 26, 27, 43, 45, 49, 50, 52
13: 3, 6, 10, 12, 15, 17, 18, 21, 24, 40, 41, 43, 45, 48, 50, 52
14: 3, 6, 10, 12, 14, 17, 19, 25, 26, 42, 46, 48, 50, 52
15: 2, 6, 9, 12, 14, 17, 19, 22, 26, 48, 50, 52
16: 2, 6, 9, 12, 14, 17, 19, 20, 27, 40, 45, 46, 47, 48, 49, 52
17: 2, 5, 8, 12, 14, 17, 18, 20, 28, 39, 50, 52
18: 2, 4, 8, 12, 14, 18, 28, 39
19: 0, 5, 8, 11, 15, 18, 29, 39
20: 1, 8, 9, 10, 14, 17, 31, 36
21: 5, 10, 13, 15, 31, 36
22: 8, 15, 29, 37, 38, 39
23: 10, 13, 28, 38
24: 28, 40
25: 26, 40
26: 25, 42
27: 22, 41
28: 23, 40
29: 25, 40
30: 25, 40
31: 25, 40
32: 25, 40
33: 26, 40
34: 27, 39
35: 28, 38
36: 29, 37
37: 
38: 
