0: 
1: 
2: 
3: 
4: 
5: 
6: 
7: 24, 25, 26, 27, 28, 44, 45, 46
8: 14, 15, 16, 52
9: 3, 4, 6, 7, 8, 52
10: 0, 52
11: 0, 52
12: 2, 3, 4, 52
13: 11, 12, 13, 48, 49, 50
14: 18, 19, 20, 43
15: 18, 19, 20, 21
16: 18, 23
17: 18, 23
18: 17, 22
19: 18, 25, 42, 45
20: 18, 23, 24, 25, 42, 46
21: 18, 24, 43, 47
22: 18, 25, 44, 48
23: 19, 25, 45, 49
24: 19, 26, 46, 50
25: 20, 26, 46, 51
26: 20, 26, 47, 51
27: 21, 31, 47, 51
28: 22, 31, 47, 52
29: 22, 32, 47, 52
30: 23, 32, 42, 43, 47, 52
31: 23, 33, 42, 44, 47, 52
32: 22, 33, 42, 52
33: 21, 34, 43, 52
34: 22, 34, 44, 52
35: 23, 35, 45, 52
36: 24, 36, 46, 52
37: 25, 36, 46, 52
38: 26, 37, 45, 52
