0: 23, 32
1: 23, 32
2: 24, 32
3: 23, 32
4: 22, 32, 45, 46
5: 23, 32
6: 23, 32
7: 23, 32
8: 24, 32
9: 24, 32, 50, 51
10: 24, 32
11: 24, 32
12: 24, 32, 43, 44
13: 23, 32, 38, 39, 45, 46
14: 24, 32
15: 23, 32, 47, 48
16: 23, 32
17: 23, 31, 42, 43
18: 24, 32, 38, 39, 48, 49
19: 24, 31, 44, 45, 50, 51
20: 25, 31
21: 25, 31, 41, 42, 48, 49
22: 24, 31, 45, 46
23: 24, 31, 35, 36
24: 23, 31, 37, 38, 42, 43, 48, 49
25: 22, 30, 45, 46, 50, 51
26: 22, 30, 39, 40
27: 23, 30, 43, 44, 48, 49
28: 24, 29, 33, 34, 46, 47, 50, 51
29: 25, 26, 27, 28, 35, 36, 40, 41
30: 43, 44, 48, 49, 50, 51
31: 37, 38, 45, 46, 51, 52
32: 31, 32, 42, 43, 48, 49, 50, 51
33: 39, 40, 46, 47, 49, 50, 51, 52
34: 33, 34, 43, 44, 48, 49, 50, 52
35: 35, 36, 45, 46, 48, 49, 50, 52
36: 38, 39, 41, 42, 47, 48, 49, 52
37: 44, 45, 46, 47, 49, 52
38: 47, 52
