0: 0, 1, 3, 6, 11, 23, 28, 36
1: 0, 1, 2, 7, 12, 24, 27, 37, 50, 51
2: 0, 7, 11, 24, 28, 38, 48, 52
3: 0, 8, 11, 23, 28, 38, 43, 44, 48, 52
4: 0, 8, 11, 23, 28, 39, 40, 44, 47, 52
5: 0, 10, 11, 21, 28, 52
6: 0, 21, 27, 52
7: 0, 21, 22, 24, 28, 52
8: 0, 21, 22, 23, 27, 52
9: 0, 20, 21, 24, 27, 50
10: 1, 25, 26, 51
11: 2, 19, 20, 50
12: 3, 6, 7, 50
13: 7, 50
14: 7, 50
15: 8, 50
16: 8, 9, 10, 49
17: 11, 49
18: 10, 48
19: 10, 48
20: 9, 47
21: 10, 46
22: 11, 42, 43, 44
23: 10, 40
24: 9, 37, 42, 43, 44, 47
25: 8, 36, 40, 49
26: 6, 35, 39, 50
27: 5, 36, 38, 51
28: 6, 52
29: 3, 5, 7, 52
30: 2, 6, 7, 52
31: 0, 52
32: 0, 52
33: 0, 52
34: 0, 52
35: 0, 52
36: 0, 52
37: 0, 52
38: 0, 52
