0: 0, 14, 15, 16, 22, 38, 39, 52
1: 0, 14, 23, 36, 37, 38, 39, 52
2: 0, 15, 23, 35, 37, 38, 39, 52
3: 0, 13, 14, 15, 23, 34, 37, 38, 39, 52
4: 0, 14, 24, 34, 36, 37, 39, 52
5: 0, 14, 24, 33, 38, 52
6: 0, 15, 24, 32, 38, 52
7: 0, 14, 25, 32, 38, 52
8: 0, 14, 25, 30, 38, 52
9: 0, 15, 25, 30, 38, 52
10: 0, 15, 26, 29, 38, 52
11: 0, 13, 14, 16, 26, 28, 38, 52
12: 0, 14, 27, 28, 37, 52
13: 0, 13, 27, 29, 38, 52
14: 0, 14, 28, 29, 37, 52
15: 0, 14, 38, 52
16: 0, 13, 37, 52
17: 0, 13, 37, 52
18: 0, 12, 37, 52
19: 0, 12, 37, 52
20: 0, 12, 37, 52
21: 0, 13, 37, 52
22: 0, 9, 10, 12, 37, 52
23: 0, 9, 12, 13, 37, 52
24: 0, 8, 37, 52
25: 0, 8, 36, 52
26: 0, 9, 37, 52
27: 0, 10, 36, 52
28: 0, 10, 36, 52
29: 0, 10, 36, 52
30: 0, 10, 35, 52
31: 0, 10, 35, 52
32: 0, 11, 34, 52
33: 0, 2, 3, 11, 33, 52
34: 3, 11, 32, 52
35: 4, 12, 31, 52
36: 3, 13, 31, 52
37: 3, 14, 30, 52
38: 3, 14, 29, 52
