0: 0, 27, 38, 48
1: 0, 26, 38, 50
2: 0, 25, 37, 51
3: 0, 24, 36, 52
4: 0, 23, 35, 52
5: 0, 23, 34, 52
6: 0, 22, 33, 52
7: 0, 22, 33, 52
8: 0, 22, 32, 52
9: 0, 22, 31, 52
10: 0, 21, 32, 52
11: 0, 22, 32, 52
12: 0, 21, 33, 52
13: 0, 22, 33, 52
14: 0, 21, 33, 52
15: 0, 21, 34, 52
16: 0, 20, 33, 52
17: 0, 20, 34, 52
18: 0, 20, 34, 52
19: 0, 21, 33, 52
20: 0, 22, 33, 52
21: 0, 24, 29, 30, 34, 52
22: 0, 26, 28, 31, 34, 52
23: 0, 31, 35, 52
24: 0, 32, 35, 52
25: 0, 33, 35, 52
26: 0, 33, 36, 52
27: 0, 33, 36, 49
28: 0, 34, 37, 49
29: 0, 35, 37, 48
30: 0, 45
31: 0, 46
32: 0, 46
33: 0, 42
34: 0, 43
35: 0, 42
36: 0, 42
37: 0, 42
38: 0, 43
