0: 0, 22, 33, 52
1: 0, 21, 32, 52
2: 0, 22, 33, 52
3: 0, 22, 32, 52
4: 0, 23, 32, 52
5: 0, 23, 33, 52
6: 0, 20, 34, 52
7: 0, 20, 34, 52
8: 0, 21, 34, 52
9: 0, 21, 34, 52
10: 0, 6, 7, 17, 19, 20, 34, 40, 41, 51
11: 1, 2, 3, 4, 7, 12, 15, 16, 34, 38, 42, 43, 46, 48, 49, 50
12: 0, 1, 8, 9, 10, 11, 35, 36
13: 0, 3
14: 0, 5, 17, 20, 35, 36
15: 0, 6, 16, 21, 34, 42
16: 0, 8, 15, 21, 34, 44, 51, 52
17: 0, 8, 13, 23, 33, 46, 50, 52
18: 0, 10, 12, 26, 29, 48, 50, 52
19: 0, 10, 11, 23, 29, 30, 31, 52
20: 0, 21, 32, 52
21: 0, 22, 33, 52
22: 0, 22, 33, 52
23: 0, 20, 33, 52
24: 0, 19, 34, 52
25: 0, 20, 34, 52
26: 0, 21, 33, 34, 35, 52
27: 0, 21, 36, 52
28: 0, 21, 36, 52
29: 0, 21, 38, 52
30: 0, 21, 37, 52
31: 0, 22, 32, 33, 36, 52
32: 0, 23, 31, 33, 36, 52
33: 0, 35, 36, 52
34: 0, 52
35: 0, 52
36: 0, 52
37: 0, 52
38: 0, 52
