0: 17, 41
1: 18, 20, 21, 41
2: 18, 20, 22, 41
3: 18, 20, 21, 41
4: 18, 41
5: 18, 41
6: 19, 41
7: 18, 42
8: 19, 41
9: 19, 41
10: 17, 42
11: 16, 41
12: 16, 41
13: 15, 41
14: 16, 41
15: 16, 41
16: 16, 40
17: 16, 40
18: 17, 39
19: 18, 39
20: 19, 37
21: 19, 36
22: 20, 35
23: 21, 35
24: 22, 29, 30, 34
25: 22, 26, 30, 35
26: 22, 26, 30, 35
27: 21, 26, 30, 35
28: 21, 26, 30, 35
29: 21, 26, 30, 36
30: 21, 26, 30, 36
31: 20, 25, 30, 36
32: 20, 25, 31, 36
33: 19, 25, 30, 37
34: 19, 25, 31, 37, 38, 39
35: 18, 24, 31, 39, 41, 42
36: 18, 24, 31, 41, 43, 44
37: 17, 24, 32, 43, 45, 46
38: 16, 24, 32, 45
