0: 32, 47
1: 33, 46
2: 33, 46, 50, 52
3: 34, 46, 49, 51
4: 11, 12, 34, 45, 49, 52
5: 35, 44, 48, 51
6: 35, 44, 47, 51
7: 36, 43, 46, 50
8: 34, 43, 44, 49
9: 34, 48
10: 34, 46
11: 35, 45
12: 11, 14, 34, 44
13: 13, 15, 34, 44
14: 15, 16, 33, 44
15: 6, 8, 15, 16, 33, 44
16: 0, 1, 2, 7, 11, 12, 14, 16, 32, 44, 51, 52
17: 0, 14, 32, 43
18: 0, 15, 16, 17, 18, 19, 21, 22, 23, 24, 25, 42
19: 5, 41
20: 10, 40
21: 13, 22, 23, 25, 26, 27, 28, 29, 30, 31, 34, 39, 41, 42
22: 33, 40
23: 32, 39
24: 32, 40
25: 31, 41
26: 30, 40
27: 29, 40
28: 29, 40
29: 29, 40
30: 30, 39
31: 30, 38
32: 32, 38
33: 
34: 
35: 
36: 
37: 
38: 
