0: 12, 24, 43, 44
1: 11, 25
2: 9, 24
3: 6, 24
4: 5, 24
5: 1, 2, 6, 24
6: 6, 24
7: 7, 24
8: 10, 24, 43, 44
9: 12, 24, 44, 45
10: 14, 24
11: 15, 24
12: 16, 23
13: 17, 24
14: 18, 23
15: 14, 15, 17, 24
16: 17, 26, 27, 28, 38, 39
17: 16, 27, 28, 29
18: 7, 8, 17, 23, 24, 26, 28, 29
19: 6, 10, 17, 24, 26, 29
20: 6, 10, 17, 24
21: 6, 12, 18, 23
22: 6, 13, 17, 22, 30, 31, 47, 48
23: 6, 13, 18, 21
24: 6, 15, 16, 20
25: 6, 21
26: 6, 22, 36, 37
27: 7, 23
28: 7, 23
29: 8, 23
30: 8, 22
31: 9, 20
32: 9, 22
33: 8, 9, 11, 22
34: 12, 23
35: 14, 24
36: 16, 23
37: 23, 24
38: 
