0: 0, 25
1: 0, 25
2: 0, 24
3: 0, 25
4: 0, 25
5: 0, 24
6: 0, 25
7: 0, 25
8: 0, 25
9: 0, 24
10: 0, 25
11: 0, 25
12: 0, 24
13: 0, 25
14: 0, 25
15: 0, 7, 9, 10, 11, 25
16: 0, 5, 11, 24
17: 0, 4, 13, 25
18: 0, 3, 13, 25
19: 0, 4, 13, 25
20: 0, 3, 13, 24
21: 0, 4, 13, 25
22: 0, 4, 13, 25
23: 0, 5, 11, 25
24: 0, 8, 9, 24
25: 0, 25
26: 0, 25, 46, 47, 51, 52
27: 0, 25, 46, 48, 49, 50, 51, 52
28: 0, 24, 46, 52
29: 0, 25, 43, 52
30: 0, 25, 42, 52
31: 0, 25, 37, 39, 40, 52
32: 0, 24, 34, 35, 36, 50
33: 0, 25, 33, 38, 42, 49
34: 0, 25, 32, 35, 43, 49
35: 0, 25, 32, 33, 44, 50
36: 0, 24, 44, 49
37: 0, 25, 45, 49
38: 0, 25, 44, 49
