0: 0, 15, 24, 26, 39, 52
1: 0, 15, 24, 26, 39, 52
2: 0, 16, 24, 26, 38, 52
3: 0, 16, 23, 27, 37, 52
4: 0, 16, 23, 27, 37, 52
5: 0, 17, 23, 27, 36, 52
6: 0, 16, 23, 27, 36, 52
7: 0, 16, 22, 25, 35, 52
8: 0, 15, 22, 23, 35, 52
9: 0, 15, 35, 52
10: 0, 15, 35, 52
11: 0, 15, 35, 52
12: 0, 15, 23, 27, 35, 52
13: 0, 15, 20, 27, 35, 52
14: 0, 16, 20, 26, 35, 52
15: 0, 16, 20, 26, 36, 52
16: 0, 16, 20, 26, 36, 52
17: 0, 16, 21, 27, 38, 52
18: 0, 16, 21, 27, 37, 52
19: 0, 17, 20, 27, 37, 52
20: 0, 28, 37, 52
21: 0, 28, 37, 52
22: 0, 30, 40, 52
23: 0, 31, 41, 52
24: 0, 31, 41, 52
25: 0, 31, 41, 52
26: 0, 30, 40, 52
27: 0, 29, 40, 52
28: 0, 29, 41, 52
29: 0, 29, 41, 52
30: 0, 30, 41, 52
31: 0, 29, 41, 52
32: 0, 29, 41, 52
33: 0, 29, 41, 52
34: 0, 29, 41, 52
35: 0, 30, 40, 52
36: 0, 31, 39, 52
37: 0, 33, 37, 52
38: 0, 52
