0: 0, 38, 46, 52
1: 0, 39, 45, 52
2: 0, 38, 45, 52
3: 0, 39, 44, 52
4: 0, 38, 45, 52
5: 0, 38, 44, 45, 47, 52
6: 0, 36, 47, 52
7: 0, 36, 46, 52
8: 0, 35, 46, 52
9: 0, 36, 45, 52
10: 0, 36, 45, 52
11: 0, 36, 44, 52
12: 0, 21, 23, 28, 31, 37, 43, 44, 45, 52
13: 0, 21, 31, 37, 39, 40, 42, 43, 44, 52
14: 0, 21, 31, 37, 38, 39, 40, 52
15: 0, 20, 31, 38, 39, 52
16: 0, 20, 32, 52
17: 0, 20, 32, 52
18: 0, 20, 32, 52
19: 0, 19, 33, 52
20: 0, 19, 34, 52
21: 0, 18, 35, 52
22: 0, 18, 36, 52
23: 0, 17, 38, 39, 40, 52
24: 0, 17, 42, 52
25: 0, 16, 41, 52
26: 0, 15, 41, 52
27: 0, 14, 39, 52
28: 0, 14, 39, 52
29: 0, 13, 38, 52
30: 0, 12, 36, 52
31: 0, 12, 35, 52
32: 0, 13, 29, 30, 31, 52
33: 0, 15, 26, 52
34: 0, 17, 25, 52
35: 0, 19, 20, 21, 22, 52
36: 0, 52
37: 0, 52
38: 0, 52
