0: 0, 15
1: 0, 15
2: 0, 15
3: 0, 15
4: 0, 15
5: 0, 15
6: 0, 15
7: 0, 15
8: 0, 15
9: 0, 15
10: 0, 15
11: 0, 15
12: 0, 15
13: 0, 15
14: 0, 15, 36, 37
15: 1, 15, 32, 39, 43, 44, 45, 46
16: 2, 15, 31, 39, 40, 47
17: 3, 15, 20, 21, 22, 23, 25, 26, 29, 49
18: 3, 15, 18, 26, 27, 48
19: 4, 15, 27, 47
20: 4, 15, 26, 38, 44, 46
21: 3, 15, 27, 37
22: 3, 15, 26, 37
23: 2, 15, 27, 36
24: 0, 15, 28, 35
25: 0, 15
26: 0, 15
27: 0, 15
28: 0, 15
29: 0, 15
30: 0, 15
31: 0, 15
32: 0, 15
33: 0, 15
34: 0, 15
35: 0, 15
36: 0, 15
37: 0, 15
38: 0, 15
