0: 0, 13, 50, 52
1: 0, 13, 49, 52
2: 0, 13, 48, 52
3: 0, 13, 20, 21, 47, 52
4: 0, 13, 20, 25, 26, 27, 47, 52
5: 0, 14, 19, 27, 47, 52
6: 0, 16, 18, 28, 45, 46, 48, 52
7: 0, 28, 44, 47, 48, 52
8: 0, 27, 44, 52
9: 0, 28, 43, 52
10: 0, 28, 43, 52
11: 0, 28, 44, 52
12: 0, 29, 44, 45, 46, 52
13: 0, 29, 46, 52
14: 0, 29, 45, 46, 47, 52
15: 0, 30, 47, 52
16: 0, 30, 47, 52
17: 0, 30, 47, 52
18: 0, 30, 32, 33, 47, 52
19: 0, 30, 32, 33, 47, 52
20: 0, 30, 47, 52
21: 0, 29, 47, 52
22: 0, 29, 47, 52
23: 0, 28, 47, 52
24: 0, 28, 47, 52
25: 0, 29, 47, 52
26: 0, 27, 47, 52
27: 0, 27, 46, 52
28: 0, 27, 46, 52
29: 0, 26, 46, 52
30: 0, 27, 45, 52
31: 0, 27, 45, 52
32: 0, 28, 45, 52
33: 0, 28, 45, 52
34: 0, 30, 44, 52
35: 0, 30, 44, 52
36: 0, 32, 36, 37, 44, 52
37: 0, 38, 43, 52
38: 0, 38, 43, 52
