0: 0, 22, 46, 52
1: 0, 23, 44, 52
2: 0, 23, 42, 52
3: 0, 23, 41, 52
4: 0, 23, 39, 52
5: 0, 23, 40, 52
6: 0, 23, 42, 52
7: 0, 23, 44, 52
8: 0, 24, 45, 52
9: 0, 24, 45, 52
10: 0, 24, 42, 52
11: 0, 24, 41, 43, 45, 50
12: 0, 24
13: 0, 25
14: 0, 25
15: 0, 25
16: 0, 25
17: 0, 25
18: 0, 26
19: 0, 26
20: 0, 26
21: 0, 26
22: 0, 27
23: 0, 27
24: 0, 27
25: 0, 27
26: 0, 28
27: 0, 5, 6, 28
28: 0, 4, 13, 15, 17, 28
29: 0, 2, 12, 13, 16, 28
30: 0, 1, 15, 29
31: 13, 28
32: 9, 10, 11, 29
33: 7, 29
34: 4, 29
35: 2, 29
36: 1, 29
37: 0, 29
38: 0, 29
