0: 4, 8, 19, 36
1: 5, 8, 20, 36
2: 4, 8, 21, 35
3: 4, 8, 22, 36
4: 4, 8, 22, 36
5: 3, 7, 23, 35
6: 3, 7, 24, 34
7: 2, 7, 25, 34
8: 2, 6, 25, 33
9: 2, 6, 26, 33
10: 1, 6, 26, 32
11: 1, 6, 25, 32
12: 1, 6, 24, 33, 34, 35
13: 1, 6, 23, 38
14: 1, 5, 22, 25, 26, 40
15: 1, 6, 23, 34, 36, 42, 51, 52
16: 1, 5, 23, 34, 39, 43, 47, 52
17: 0, 6, 24, 33, 40, 50
18: 1, 6, 24, 33, 38, 45
19: 1, 6, 24, 32, 34, 40, 41, 42
20: 1, 6, 24, 35
21: 1, 6, 22, 32
22: 1, 7, 21, 30
23: 1, 7, 19, 20, 21, 29
24: 1, 7, 16, 21, 22, 30
25: 2, 8, 13, 16, 20, 30
26: 2, 8, 10, 14, 20, 31
27: 2, 10, 21, 31
28: 3, 9, 21, 32
29: 2, 6, 22, 32
30: 3, 4, 23, 31
31: 24, 30
32: 
33: 
34: 
35: 
36: 
37: 
38: 
