0: 19, 27
1: 19, 27, 39, 40, 46, 47
2: 19, 27
3: 19, 27, 49, 50
4: 19, 27
5: 20, 27
6: 19, 27
7: 19, 27
8: 19, 27, 40, 41, 45, 46
9: 19, 27, 50, 51
10: 20, 27
11: 19, 27, 42, 43
12: 20, 27, 47, 48
13: 20, 26, 32, 33
14: 20, 27, 34, 35, 50, 51
15: 19, 26, 36, 37, 40, 41, 44, 45
16: 19, 26, 47, 48
17: 20, 26
18: 19, 26, 41, 42, 45, 46, 49, 50
19: 20, 26, 31, 32, 37, 38
20: 20, 25, 33, 34, 43, 44, 47, 48, 50, 51
21: 20, 25, 39, 40
22: 20, 25, 46, 47, 48, 49, 50, 51
23: 18, 25, 36, 37, 41, 42, 43, 44, 45, 46, 49, 50, 51, 52
24: 18, 25, 29, 30, 47, 52
25: 18, 24, 32, 33, 38, 39, 43, 44, 45, 52
26: 18, 24, 34, 35, 40, 41, 43, 44, 45, 52
27: 20, 23, 38, 39, 42, 43, 44, 52
28: 30, 31, 41, 42, 43, 52
29: 36, 37, 40, 41, 42, 52
30: 25, 26, 32, 33, 38, 39, 41, 52
31: 40, 41, 42, 52
32: 34, 35, 37, 38, 39, 40, 41, 52
33: 27, 28, 40, 52
34: 29, 30, 36, 37, 38, 39, 40, 52
35: 31, 32, 39, 52
36: 34, 35, 38, 39, 40, 52
37: 37, 38, 40, 52
38: 39, 52
