0: 10, 13, 26, 52
1: 2, 3, 8, 13, 26, 52
2: 1, 4, 6, 11, 15, 16, 17, 18, 19, 52
3: 1, 52
4: 0, 52
5: 0, 15, 16, 17, 18, 19, 23, 26, 27, 52
6: 0, 5, 6, 7, 24, 27, 29, 52
7: 25, 27, 30, 45, 48, 52
8: 26, 28, 31, 42, 45, 52
9: 26, 29, 32, 52
10: 27, 29, 32, 45, 46, 47
11: 28, 30, 31, 44
12: 27, 30, 31, 44
13: 26, 44
14: 27, 37, 38, 44
15: 26, 37, 38, 44
16: 27, 36, 37, 38, 39, 40
17: 26, 40, 44, 45
18: 24, 28, 29, 44
19: 23, 27, 29, 44
20: 23, 27, 29, 44
21: 24, 27, 28, 41, 42, 43
22: 26, 41
23: 26, 41
24: 24, 40
25: 23, 38
26: 21, 35
27: 19, 34
28: 18, 34, 37, 40
29: 19, 20, 21, 24, 25, 35, 36, 38
30: 21, 24, 27, 37
31: 20, 24, 27, 36
32: 29, 33
33: 
34: 
35: 
36: 
37: 
38: 
