0: 1, 5, 29, 47, 49, 51
1: 0, 6, 29, 46, 48, 50
2: 0, 5, 30, 46, 48, 50
3: 0, 5, 30, 45, 47, 50
4: 0, 5, 31, 45, 47, 49
5: 0, 5, 31, 45, 46, 49
6: 0, 5, 31, 44, 45, 48
7: 0, 5, 32, 47
8: 0, 5, 32, 46
9: 0, 5, 33, 46
10: 0, 5, 33, 47
11: 0, 5, 33, 49
12: 0, 5, 32, 51
13: 0, 5, 31, 52
14: 0, 5, 32, 42, 47, 51
15: 0, 5, 32, 43, 47, 51
16: 0, 5, 31, 44, 46, 50
17: 0, 5, 29, 44, 45, 50
18: 0, 5, 26, 50
19: 0, 8, 24, 30, 33, 49
20: 0, 11, 19, 20, 21, 28, 32, 50
21: 0, 25, 33, 49
22: 0, 4, 5, 6, 9, 22, 33, 48
23: 15, 16, 34, 48
24: 34, 49
25: 35, 49
26: 34, 48
27: 35, 47
28: 35, 47
29: 36, 48
30: 36, 48
31: 36, 48
32: 36, 50
33: 35, 51
34: 37, 50
35: 38, 52
36: 38, 51
37: 39, 46, 48, 51
38: 
