0: 0, 20, 40, 52
1: 0, 21, 39, 52
2: 0, 22, 38, 52
3: 0, 23, 38, 52
4: 0, 25, 38, 52
5: 0, 25, 38, 52
6: 0, 26, 37, 52
7: 0, 26, 37, 52
8: 0, 27, 37, 52
9: 0, 27, 36, 52
10: 0, 26, 27, 28, 35, 52
11: 0, 24, 39, 52
12: 0, 24, 25, 26, 40, 52
13: 0, 24, 25, 27, 40, 52
14: 0, 23, 25, 27, 41, 52
15: 0, 22, 40, 52
16: 0, 21, 40, 52
17: 0, 18, 39, 52
18: 0, 19, 23, 24, 39, 52
19: 0, 19, 20, 21, 22, 25, 38, 52
20: 0, 25, 37, 52
21: 0, 26, 37, 52
22: 0, 27, 36, 52
23: 0, 25, 36, 52
24: 0, 25, 34, 52
25: 0, 24, 33, 52
26: 0, 23, 33, 52
27: 0, 22, 33, 52
28: 0, 22, 32, 52
29: 0, 23, 31, 52
30: 0, 23, 31, 52
31: 0, 23, 31, 52
32: 0, 25, 29, 52
33: 0, 52
34: 0, 52
35: 0, 52
36: 0, 52
37: 0, 52
38: 0, 52
