0: 0, 8, 9, 10, 14, 26, 28, 30, 32, 52
1: 0, 6, 7, 8, 11, 12, 13, 14, 15, 26, 28, 30, 32, 52
2: 0, 6, 8, 9, 10, 11, 15, 26, 28, 30, 32, 52
3: 0, 6, 16, 26, 28, 29, 32, 52
4: 0, 6, 9, 11, 12, 13, 15, 26, 28, 30, 32, 52
5: 0, 7, 8, 13, 14, 26, 32, 52
6: 0, 7, 9, 13, 15, 25, 34, 52
7: 0, 7, 9, 13, 14, 23, 34, 52
8: 0, 7, 9, 13, 15, 23, 35, 52
9: 0, 7, 9, 13, 15, 22, 34, 52
10: 0, 8, 9, 12, 14, 23, 34, 52
11: 0, 7, 15, 23, 33, 52
12: 0, 6, 15, 24, 33, 52
13: 0, 6, 16, 25, 33, 52
14: 0, 6, 16, 25, 33, 52
15: 0, 7, 16, 26, 32, 52
16: 0, 8, 16, 26, 32, 52
17: 0, 8, 16, 20, 22, 27, 32, 52
18: 0, 8, 16, 21, 32, 52
19: 0, 9, 15, 21, 32, 52
20: 0, 9, 15, 22, 32, 52
21: 0, 10, 14, 21, 32, 52
22: 0, 10, 15, 20, 32, 52
23: 0, 10, 14, 19, 32, 52
24: 0, 9, 15, 16, 22, 23, 31, 32, 33, 34, 35, 52
25: 0, 8, 14, 17, 21, 26, 32, 52
26: 0, 7, 14, 15, 17, 18, 19, 27, 32, 52
27: 0, 7, 17, 26, 33, 52
28: 0, 7, 16, 26, 33, 52
29: 0, 8, 16, 26, 32, 52
30: 0, 7, 17, 26, 33, 52
31: 0, 8, 17, 26, 32, 52
32: 0, 7, 13, 14, 17, 27, 31, 52
33: 0, 6, 13, 29, 30, 52
34: 0, 7, 13, 29, 31, 52
35: 0, 8, 11, 52
36: 0, 8, 10, 52
37: 0, 52
38: 0, 52
