0: 16, 17, 30, 52
1: 16, 17, 29, 52
2: 16, 17, 29, 52
3: 28, 52
4: 28, 52
5: 28, 52
6: 17, 18, 27, 32, 34, 52
7: 17, 18, 27, 31, 33, 52
8: 26, 30, 32, 52
9: 16, 17, 27, 29, 31, 52
10: 26, 28, 31, 52
11: 17, 18, 19, 20, 29, 52
12: 16, 18, 20, 21, 29, 52
13: 17, 19, 28, 52
14: 17, 19, 28, 52
15: 16, 20, 29, 52
16: 17, 20, 28, 52
17: 17, 19, 29, 30, 31, 32, 33, 52
18: 16, 19, 35, 52
19: 17, 19, 36, 52
20: 17, 19, 25, 28, 29, 30, 31, 52
21: 16, 19, 25, 27, 28, 52
22: 26, 27, 29, 52
23: 16, 17, 26, 29, 30, 52
24: 16, 17, 26, 29, 30, 52
25: 16, 17, 26, 27, 29, 52
26: 16, 17, 25, 26, 27, 52
27: 24, 52
28: 24, 52
29: 17, 19, 23, 52
30: 17, 21, 22, 52
31: 17, 52
32: 16, 52
33: 17, 52
34: 17, 52
35: 16, 52
36: 17, 52
37: 17, 52
38: 17, 52
