0: 6, 8, 17, 36
1: 5, 8, 18, 36
2: 5, 9, 19, 36
3: 5, 9, 20, 36
4: 5, 9, 21, 35
5: 4, 8, 22, 36
6: 4, 8, 22, 36
7: 3, 8, 24, 35
8: 3, 7, 24, 34
9: 2, 7, 25, 34
10: 2, 7, 26, 33
11: 2, 6, 26, 33
12: 2, 6, 26, 33
13: 1, 6, 25, 32
14: 1, 6, 23, 33, 34, 35
15: 1, 6, 22, 25, 26, 37
16: 1, 6, 23, 25, 26, 40
17: 1, 6, 23, 34, 35, 42
18: 1, 6, 24, 34, 38, 43, 49, 52
19: 1, 6, 24, 33, 40, 43, 44, 52
20: 1, 6, 24, 33, 38, 39, 40, 46, 47, 48
21: 1, 6, 22, 32, 34, 43
22: 1, 6, 22, 35
23: 1, 7, 21, 32
24: 2, 7, 19, 20, 21, 30
25: 1, 7, 16, 28
26: 2, 8, 13, 17, 19, 30
27: 2, 8, 9, 13, 19, 30
28: 3, 10, 20, 30
29: 2, 8, 20, 30
30: 2, 5, 20, 30
31: 21, 30
32: 22, 29
33: 25, 28
34: 
35: 
36: 
37: 
38: 
