0: 0, 34, 44, 52
1: 0, 34, 45, 52
2: 0, 34, 45, 50
3: 0, 34, 46, 47, 48, 49
4: 0, 34
5: 0, 34
6: 0, 26, 32, 33
7: 0, 24
8: 0, 24, 49, 50
9: 0, 22, 48, 50
10: 0, 22, 48, 51
11: 0, 21, 48, 51
12: 0, 20, 28, 32, 48, 51
13: 0, 19, 27, 33, 34, 35, 48, 51
14: 0, 14, 26, 35, 47, 51
15: 0, 11, 12, 13, 25, 37, 38, 40, 47, 48, 49, 52
16: 0, 11, 24, 41
17: 0, 11, 23, 41
18: 0, 10, 22, 41
19: 0, 9, 21, 37
20: 0, 9, 18, 37
21: 0, 13, 14, 37
22: 0, 36
23: 0, 35
24: 0, 36
25: 0, 36
26: 0, 35
27: 0, 34
28: 0, 32
29: 0, 32
30: 0, 31
31: 0, 32
32: 0, 32, 33, 35
33: 0, 37
34: 0, 38
35: 0, 39
36: 0, 40
37: 0, 42
38: 0, 46, 47, 50
