0: 19, 33
1: 19, 33
2: 19, 33
3: 20, 32
4: 20, 32
5: 20, 32
6: 21, 31
7: 21, 31
8: 21, 30
9: 21, 30
10: 21, 30
11: 19, 30, 35, 38, 39, 41, 42, 44
12: 20, 30, 31, 43
13: 17, 30, 31, 39, 40, 42
14: 14, 33, 34, 35, 41, 42
15: 13, 33, 39, 43
16: 9, 17, 18, 33, 39, 43
17: 8, 12, 13, 14, 18, 33, 40, 43
18: 11, 13, 18, 33, 41, 42
19: 10, 14, 19, 33
20: 9, 13, 19, 32
21: 10, 14, 20, 31
22: 8, 13, 20, 30
23: 9, 14, 20, 30
24: 8, 9, 10, 13, 21, 29
25: 10, 13, 21, 30
26: 10, 11, 12, 13, 21, 30
27: 9, 10, 11, 13, 21, 31
28: 21, 32
29: 11, 12, 22, 32
30: 22, 32
31: 23, 32
32: 22, 32
33: 21, 32
34: 21, 28, 29, 33
35: 22, 26
36: 22, 24
37: 
38: 
