0: 0, 21, 39, 52
1: 0, 20, 40, 52
2: 0, 20, 39, 52
3: 0, 20, 40, 52
4: 0, 18, 39, 52
5: 0, 18, 39, 52
6: 0, 18, 40, 52
7: 0, 17, 40, 52
8: 0, 17, 39, 52
9: 0, 17, 33, 34, 39, 52
10: 0, 17, 38, 52
11: 0, 18, 38, 52
12: 0, 18, 32, 33, 38, 52
13: 0, 18, 37, 52
14: 0, 19, 32, 33, 37, 52
15: 0, 19, 32, 33, 36, 52
16: 0, 19, 36, 52
17: 0, 20, 36, 52
18: 0, 20, 36, 52
19: 0, 21, 35, 52
20: 0, 22, 35, 52
21: 0, 22, 34, 52
22: 0, 22, 34, 52
23: 0, 22, 34, 52
24: 0, 23, 33, 52
25: 0, 22, 34, 52
26: 0, 22, 33, 52
27: 0, 22, 33, 52
28: 0, 23, 33, 52
29: 0, 22, 33, 52
30: 0, 22, 33, 52
31: 0, 22, 34, 52
32: 0, 21, 33, 52
33: 0, 20, 33, 52
34: 0, 20, 35, 52
35: 0, 19, 35, 52
36: 0, 19, 35, 52
37: 0, 19, 35, 52
38: 0, 23, 24, 28, 35, 52
