0: 0, 17, 18, 20, 37, 38, 39, 52
1: 0, 16, 17, 21, 30, 32, 36, 37, 38, 52
2: 0, 17, 18, 21, 30, 33, 39, 52
3: 0, 16, 17, 22, 29, 33, 38, 52
4: 0, 17, 18, 22, 30, 33, 38, 52
5: 0, 17, 18, 21, 29, 32, 38, 52
6: 0, 17, 18, 22, 29, 32, 38, 52
7: 0, 16, 17, 21, 29, 32, 37, 52
8: 0, 17, 18, 21, 30, 31, 37, 52
9: 0, 17, 18, 21, 37, 52
10: 0, 16, 17, 21, 36, 52
11: 0, 16, 20, 21, 36, 52
12: 0, 16, 36, 52
13: 0, 15, 35, 52
14: 0, 15, 18, 20, 36, 52
15: 0, 15, 18, 23, 35, 52
16: 0, 15, 18, 24, 35, 52
17: 0, 14, 18, 24, 35, 52
18: 0, 13, 17, 25, 36, 52
19: 0, 14, 18, 20, 21, 25, 35, 52
20: 0, 15, 23, 25, 36, 52
21: 0, 11, 38, 52
22: 0, 9, 38, 52
23: 0, 9, 39, 52
24: 0, 8, 24, 25, 39, 52
25: 0, 8, 39, 52
26: 0, 8, 24, 25, 39, 52
27: 0, 8, 23, 25, 35, 36, 39, 52
28: 0, 8, 19, 26, 36, 52
29: 0, 9, 18, 29, 32, 33, 37, 52
30: 0, 9, 18, 34, 38, 52
31: 0, 11, 17, 36, 41, 52
32: 0, 13, 14, 37, 41, 52
33: 0, 38, 41, 52
34: 0, 39, 41, 52
35: 0, 40, 42, 52
36: 0, 41, 43, 52
37: 0, 52
38: 0, 52
