0: 0, 52
1: 0, 52
2: 0, 52
3: 0, 52
4: 0, 52
5: 0, 52
6: 0, 52
7: 0, 52
8: 0, 52
9: 0, 52
10: 0, 38, 40, 52
11: 0, 36, 44, 52
12: 0, 34, 43, 52
13: 0, 31, 43, 52
14: 0, 29, 44, 52
15: 0, 29, 44, 52
16: 0, 28, 44, 52
17: 0, 27, 44, 52
18: 0, 26, 44, 52
19: 0, 24, 44, 52
20: 0, 23, 33, 36, 44, 52
21: 0, 22, 33, 40, 41, 52
22: 0, 21, 33, 52
23: 0, 21, 32, 52
24: 0, 21, 27, 30, 32, 52
25: 0, 21, 26, 31, 33, 52
26: 0, 21, 26, 52
27: 0, 22, 26, 52
28: 0, 23, 25, 52
29: 0, 52
30: 0, 52
31: 0, 52
32: 0, 52
33: 0, 52
34: 0, 52
35: 0, 52
36: 0, 52
37: 0, 52
38: 0, 52
