0: 10, 18, 34, 41
1: 2, 3, 12, 18, 34, 39, 49, 50
2: 1, 4, 14, 18, 34, 37, 48, 51
3: 0, 6, 15, 18, 34, 37, 46, 52
4: 0, 7, 15, 18, 34, 36, 44, 52
5: 0, 9, 16, 18, 34, 35, 42, 52
6: 0, 11, 16, 18, 34, 35, 40, 52
7: 0, 12, 17, 18, 34, 35, 39, 52
8: 0, 12, 17, 18, 39, 52
9: 0, 12, 17, 18, 39, 52
10: 0, 13, 39, 52
11: 0, 13, 38, 52
12: 0, 14, 38, 52
13: 0, 13, 38, 52
14: 0, 19, 20, 21, 22, 23, 24, 25, 39, 52
15: 0, 52
16: 0, 52
17: 0, 7, 8, 52
18: 0, 2, 3, 6, 9, 12, 20, 21, 22, 23, 24, 52
19: 0, 2, 4, 6, 9, 12, 40, 43, 45, 48, 50, 52
20: 0, 2, 4, 6, 9, 12, 40, 43, 46, 49, 50, 52
21: 0, 1, 4, 5, 9, 11, 40, 43, 47, 48, 50, 52
22: 0, 1, 4, 5, 10, 12, 15, 17, 41, 43, 47, 48, 51, 52
23: 4, 5, 9, 12, 15, 16, 35, 37, 41, 43, 47, 48
24: 4, 6, 8, 13, 14, 15, 18, 19, 33, 34, 36, 37, 42, 43, 46, 48
25: 4, 6, 9, 10, 17, 19, 32, 35, 42, 43, 46, 48
26: 4, 6, 11, 12, 16, 22, 29, 35, 46, 48
27: 0, 1, 3, 4, 7, 23, 29, 31, 32, 38, 43, 44, 47, 49
28: 0, 1, 5, 23, 28, 29, 30, 31, 33, 38, 43, 46, 51, 52
29: 4, 21, 33, 37, 43, 48
30: 2, 20, 35, 38, 43, 50
31: 0, 19, 36, 37, 43, 52
32: 0, 19, 24, 25, 36, 38, 43, 52
33: 0, 18, 36, 38, 43, 52
34: 0, 17, 36, 38, 43, 52
35: 0, 17, 37, 38, 43, 52
36: 0, 18, 43, 52
37: 0, 16, 43, 52
38: 0, 16, 44, 52
