0: 
1: 23, 24
2: 18, 19, 26, 27
3: 28, 29
4: 30, 31
5: 49, 50
6: 32, 33, 36, 37
7: 20, 21, 24, 25, 40, 41
8: 11, 12
9: 13, 14, 27, 28
10: 33, 34, 44, 45
11: 6, 7, 16, 17, 20, 21, 24, 25, 29, 30, 37, 38
12: 
13: 40, 41
14: 10, 11, 13, 14, 18, 19, 22, 23, 25, 26, 28, 29, 32, 33, 46, 47
15: 34, 35
16: 6, 7, 36, 37, 42, 43
17: 16, 17, 21, 22, 24, 25, 27, 28, 30, 31, 39, 40
18: 12, 13, 18, 19, 32, 33
19: 9, 10, 28, 29, 35, 36, 44, 45, 47, 48
20: 5, 6, 14, 15, 21, 22, 25, 26, 31, 32, 37, 38, 40, 41, 49, 50
21: 17, 18, 23, 24, 27, 28, 30, 31, 32, 34, 35, 36
22: 11, 12, 19, 20, 26, 27, 29, 30, 36, 37, 38, 39, 42, 43
23: 7, 8, 14, 15, 21, 22, 23, 24, 25, 26, 28, 29, 30, 36, 39, 40, 44, 45, 47, 48
24: 4, 5, 16, 17, 19, 20, 26, 39, 40, 41, 42, 43
25: 9, 10, 12, 13, 22, 23, 24, 40
26: 15, 16, 18, 19, 21, 22, 23, 42, 43, 44, 45, 46, 48, 49
27: 7, 8, 20, 21, 22, 43
28: 3, 4, 11, 12, 14, 15, 18, 19, 20, 21, 22, 43, 44, 45
29: 17, 18, 21, 44, 45, 46, 47, 48, 50, 51
30: 6, 7, 9, 10, 15, 16, 19, 45
31: 12, 13, 18, 19, 20, 46, 48, 49
32: 3, 4, 14, 15, 17, 18, 19, 45, 46, 47
33: 7, 8, 10, 11, 17, 18, 19, 46
34: 12, 13, 16, 17, 19, 47, 48, 49
35: 4, 5, 14, 15, 18, 46, 50, 51
36: 7, 8, 10, 11, 16, 17, 18, 46, 47, 48
37: 12, 13, 15, 16, 18, 47, 48, 49
38: 17, 18, 19, 46
