0: 0, 26, 40, 46
1: 0, 26, 40, 46
2: 0, 26, 38, 46
3: 0, 26, 38, 45, 46, 47
4: 0, 25, 38, 44
5: 0, 23, 37, 43
6: 0, 23, 36, 37, 38, 44
7: 0, 21, 36, 43
8: 0, 17, 38, 43
9: 0, 16, 37, 43
10: 0, 15, 22, 23, 37, 38, 39, 42
11: 0, 15, 20, 23, 41, 43
12: 0, 14, 19, 22, 26, 27, 42, 43
13: 0, 13, 17, 22, 25, 27
14: 0, 13, 16, 22, 25, 27
15: 0, 12, 15, 22, 25, 28
16: 0, 11, 14, 21, 24, 28
17: 0, 20, 25, 26, 27, 28
18: 0, 20, 25, 29, 51, 52
19: 0, 20, 23, 30, 49, 52
20: 0, 32, 48, 52
21: 0, 32, 47, 52
22: 0, 32, 46, 52
23: 0, 30, 41, 42, 45, 52
24: 0, 29, 41, 43, 44, 52
25: 0, 29, 42, 52
26: 0, 29, 42, 52
27: 0, 30, 41, 52
28: 0, 29, 42, 52
29: 0, 29, 42, 52
30: 0, 28, 42, 52
31: 0, 29, 41, 52
32: 0, 29, 41, 52
33: 0, 30, 40, 52
34: 0, 31, 39, 52
35: 0, 34, 40, 52
36: 0, 34, 39, 52
37: 0, 36, 37, 52
38: 0, 52
