0: 19, 33
1: 19, 33
2: 19, 32
3: 19, 32
4: 20, 31
5: 20, 31
6: 20, 31
7: 21, 31
8: 21, 31
9: 21, 32
10: 22, 31
11: 21, 32
12: 21, 31
13: 21, 32, 51, 52
14: 21, 31, 50, 52
15: 21, 31, 33, 34, 50, 52
16: 20, 32, 33, 36, 38, 40, 49, 52
17: 19, 31, 33, 36, 37, 40, 47, 50
18: 10, 11, 18, 40, 43, 44, 46, 51
19: 10, 13, 15, 32, 39, 45, 46, 51
20: 10, 13, 15, 19, 20, 31, 41, 45, 46, 48
21: 11, 15, 21, 30, 43, 47
22: 11, 16, 22, 31, 45, 46
23: 12, 14, 24, 27, 28, 32
24: 20, 21, 22, 32
25: 20, 32
26: 19, 32
27: 17, 18, 19, 32
28: 17, 32
29: 18, 32
30: 19, 35
31: 19, 35
32: 19, 35
33: 19, 34
34: 19, 33
35: 20, 29, 31, 32
36: 23, 24, 25, 27
37: 
38: 
