0: 20, 28, 47, 48
1: 20, 28, 49, 50
2: 20, 28, 38, 39
3: 20, 28
4: 20, 27
5: 20, 28
6: 21, 28
7: 20, 28, 44, 45
8: 19, 28
9: 20, 28, 38, 39, 47, 48
10: 21, 27
11: 20, 28
12: 21, 27, 41, 42
13: 21, 28, 44, 45, 48, 49
14: 20, 27, 33, 34
15: 21, 27, 37, 38
16: 20, 27, 43, 44, 47, 48, 50, 51
17: 20, 27, 39, 40
18: 20, 27
19: 21, 27, 33, 34, 43, 44, 46, 47, 49, 50
20: 21, 26, 35, 36, 40, 41
21: 21, 26, 47, 48, 51, 52
22: 20, 26, 37, 38, 44, 45, 49, 50
23: 19, 26, 30, 31, 42, 43, 46, 47, 48, 49, 50, 52
24: 19, 26, 33, 34, 40, 41, 45, 46, 47, 48, 49, 52
25: 19, 25, 37, 38, 44, 45, 47, 52
26: 19, 24, 42, 43, 45, 52
27: 21, 24, 30, 31, 34, 35, 40, 41, 43, 52
28: 38, 39, 42, 43, 44, 52
29: 25, 26, 36, 37, 41, 42, 43, 52
30: 32, 33, 40, 41, 42, 52
31: 38, 39, 41, 52
32: 27, 28, 34, 35, 40, 41, 42, 52
33: 38, 39, 41, 52
34: 29, 30, 36, 37, 40, 52
35: 31, 32, 38, 39, 40, 52
36: 34, 35, 40, 52
37: 37, 38, 39, 40, 41, 52
38: 40, 52
