0: 9, 13, 39, 42
1: 10, 13, 39, 41
2: 10, 13, 38, 41
3: 0, 1, 11, 13, 39, 40, 50, 52
4: 0, 3, 11, 13, 39, 40, 48, 52
5: 0, 4, 11, 13, 38, 39, 46, 52
6: 0, 5, 12, 13, 47, 52
7: 0, 5, 12, 13, 46, 52
8: 0, 5, 46, 52
9: 0, 5, 46, 52
10: 0, 5, 46, 52
11: 0, 6, 45, 52
12: 0, 6, 45, 52
13: 0, 6, 45, 52
14: 0, 7, 45, 52
15: 0, 26, 27, 29, 30, 31, 32, 33, 34, 35, 36, 37, 38, 40, 41, 43, 44, 52
16: 0, 52
17: 0, 52
18: 0, 7, 8, 52
19: 0, 6, 20, 21, 23, 24, 26, 27, 28, 29, 30, 31, 32, 33, 34, 35, 36, 37, 38, 39, 40, 41, 42, 43, 44, 45, 46, 52
20: 0, 5, 46, 52
21: 0, 6, 47, 52
22: 0, 5, 46, 52
23: 1, 5, 47, 52
24: 1, 5, 47, 51
25: 1, 5, 47, 51
26: 2, 5, 48, 51
27: 2, 4, 47, 50
28: 2, 5, 48, 51
29: 1, 5, 10, 12, 40, 42, 48, 50
30: 1, 6, 9, 11, 41, 43, 46, 47, 49, 51
31: 0, 7, 37, 38, 50, 52
32: 13, 15, 36, 39
33: 3, 4, 5, 6, 12, 16, 35, 39
34: 0, 19, 32, 40, 41, 42, 43, 45
35: 0, 22, 31, 34, 35, 45
36: 0, 21, 30, 31, 32, 33, 34, 45
37: 0, 20, 32, 33, 36, 45
38: 0, 19, 20, 21, 37, 44
