0: 0, 26
1: 0, 26
2: 0, 26
3: 0, 27
4: 0, 26
5: 0, 26
6: 0, 26
7: 0, 26
8: 0, 21, 23, 26
9: 0, 21, 24, 26, 36, 38
10: 0, 21, 24, 26, 35, 38
11: 0, 21, 34, 38
12: 0, 20, 33, 39
13: 0, 20, 34, 39
14: 0, 21, 35, 39
15: 0, 20, 36, 40
16: 0, 21, 37, 40
17: 0, 20, 38, 40
18: 0, 20, 26, 28, 39, 40
19: 0, 20, 26, 31
20: 0, 20, 25, 33
21: 0, 20, 25, 35
22: 0, 21, 25, 36
23: 0, 21, 25, 37
24: 0, 23, 24, 38
25: 0, 39
26: 0, 39, 51, 52
27: 0, 40, 51, 52
28: 0, 40, 51, 52
29: 0, 40, 50, 52
30: 0, 40, 51, 52
31: 0, 40, 51, 52
32: 0, 39, 51, 52
33: 0, 39
34: 0, 39, 51, 52
35: 0, 40
36: 0, 40
37: 0, 40
38: 0, 40
