0: 8, 10, 11, 12, 20, 21, 22, 23, 24, 52
1: 8, 10, 11, 13, 17, 18, 21, 22, 23, 52
2: 6, 7, 8, 14, 15, 16, 20, 21, 22, 52
3: 5, 17, 18, 19, 21, 22, 23, 52
4: 2, 18, 19, 20, 21, 52
5: 3, 18, 19, 20, 21, 22, 23, 52
6: 3, 18, 20, 52
7: 3, 18, 19, 20, 21, 52
8: 4, 18, 20, 52
9: 5, 17, 19, 52
10: 5, 17, 18, 52
11: 6, 17, 18, 52
12: 6, 16, 17, 52
13: 4, 5, 7, 16, 17, 52
14: 2, 3, 4, 6, 7, 16, 17, 18, 19, 52
15: 2, 4, 5, 6, 8, 15, 16, 52
16: 1, 6, 8, 15, 17, 18, 19, 52
17: 1, 6, 8, 15, 16, 17, 18, 19, 20, 52
18: 2, 7, 8, 14, 15, 16, 17, 18, 19, 52
19: 1, 7, 8, 9, 10, 14, 17, 18, 19, 20, 21, 52
20: 1, 7, 8, 14, 16, 17, 19, 52
21: 2, 14, 18, 19, 21, 52
22: 2, 14, 16, 17, 19, 52
23: 3, 15, 18, 19, 20, 52
24: 3, 14, 16, 17, 19, 20, 21, 52
25: 4, 13, 15, 16, 18, 19, 20, 52
26: 4, 12, 13, 14, 17, 18, 19, 52
27: 4, 11, 14, 15, 16, 17, 18, 19, 20, 52
28: 4, 9, 11, 12, 18, 19, 20, 52
29: 3, 10, 12, 13, 14, 15, 16, 17, 18, 19, 20, 52
30: 2, 3, 4, 10, 18, 19, 20, 52
31: 2, 9, 11, 12, 14, 15, 17, 18, 19, 52
32: 2, 9, 19, 20, 21, 52
33: 1, 2, 3, 5, 7, 8, 12, 13, 16, 17, 18, 19, 20, 52
34: 14, 15, 19, 20, 21, 22, 23, 52
35: 11, 12, 18, 19, 21, 52
36: 13, 14, 16, 17, 20, 21, 22, 52
37: 18, 19, 21, 22, 23, 52
38: 20, 21, 22, 52
