0: 21, 30, 33, 39, 42, 50
1: 20, 23, 24, 25, 26, 27, 33, 39, 41, 48
2: 20, 22, 23, 24, 31, 33, 34, 38, 40, 46
3: 18, 27, 30, 33, 34, 38, 40, 46
4: 15, 26, 30, 38, 41, 45
5: 14, 25, 30, 37, 42, 44
6: 13, 24, 31, 37, 43, 44, 45, 51
7: 11, 21, 31, 37, 43, 52
8: 11, 15, 16, 19, 32, 33, 35, 37, 42, 43, 46, 47
9: 10, 13, 16, 17, 35, 36
10: 10, 12, 15, 16
11: 10, 11
12: 38, 40
13: 36, 39
14: 35, 37
15: 33, 35
16: 
17: 
18: 
19: 
20: 
21: 
22: 
23: 
24: 
25: 
26: 
27: 
28: 8, 9
29: 6, 9
30: 6, 10
31: 5, 10
32: 6, 10
33: 8, 10
34: 8, 9
35: 8, 9
36: 8, 9
37: 
38: 
