0: 35, 36, 37, 41, 42, 43
1: 15, 17, 34, 44, 47, 48, 49, 52
2: 14, 16, 26, 31, 32, 52
3: 13, 15, 26, 52
4: 11, 15, 26, 52
5: 4, 6, 8, 14, 16, 17, 18, 19, 20, 21, 22, 52
6: 4, 52
7: 0, 52
8: 0, 12, 13, 14, 24, 26, 28, 52
9: 0, 3, 4, 5, 25, 27, 29, 52
10: 25, 27, 30, 41, 43, 44, 45, 46, 47, 50, 51, 52
11: 26, 28, 31, 48
12: 27, 29, 31, 45
13: 27, 29, 31, 41
14: 26, 29, 30, 42
15: 27, 41
16: 26, 35, 37, 42
17: 26, 35, 38, 39, 40, 41
18: 26, 35, 36, 38
19: 24, 27, 28, 42
20: 24, 27, 29, 42
21: 23, 27, 28, 41
22: 24, 26, 27, 39
23: 26, 39
24: 26, 39
25: 23, 38
26: 22, 34
27: 20, 33
28: 19, 33, 36, 38
29: 22, 24, 25, 37
30: 21, 24, 27, 36
31: 21, 24, 28, 34
32: 
33: 
34: 
35: 
36: 
37: 
38: 
