0: 0, 26
1: 0, 26
2: 0, 26
3: 0, 26
4: 0, 26
5: 0, 26
6: 0, 26
7: 0, 26
8: 0, 26
9: 0, 26
10: 0, 26
11: 0, 26
12: 0, 26
13: 0, 26
14: 0, 26
15: 0, 8, 9, 10, 11, 26
16: 0, 7, 13, 26, 39, 45
17: 0, 6, 14, 26, 39, 45
18: 0, 6, 14, 26, 38, 46
19: 0, 5, 14, 26, 38, 46
20: 0, 5, 14, 26, 38, 46
21: 0, 6, 14, 26, 39, 46
22: 0, 6, 14, 26, 39, 45
23: 0, 7, 12, 26, 41, 42
24: 0, 10, 11, 26
25: 0, 26
26: 0, 26
27: 0, 26
28: 0, 26
29: 0, 26
30: 0, 26
31: 0, 26
32: 0, 26
33: 0, 26
34: 0, 26
35: 0, 26
36: 0, 26
37: 0, 26
38: 0, 26
