0: 18, 27
1: 18, 27
2: 17, 26
3: 17, 26
4: 17, 26
5: 16, 25
6: 16, 25
7: 16, 25
8: 15, 25
9: 16, 25
10: 15, 24
11: 15, 25
12: 15, 24
13: 15, 25
14: 15, 24
15: 14, 25
16: 15, 24
17: 15, 25
18: 14, 24
19: 15, 25
20: 14, 25
21: 15, 25
22: 14, 25
23: 15, 25
24: 15, 25
25: 15, 26
26: 15, 26
27: 15, 26, 51, 52
28: 16, 26, 51, 52
29: 15, 27, 51, 52
30: 16, 27, 48, 52
31: 16, 27, 44, 52
32: 16, 28, 39, 50, 51, 52
33: 16, 28, 34, 35, 36, 45, 51, 52
34: 17, 40, 51, 52
35: 17, 35, 51, 52
36: 18, 31
37: 17, 29
38: 16, 26
