0: 
1: 
2: 
3: 
4: 
5: 
6: 
7: 
8: 12, 13
9: 12, 13
10: 11, 15
11: 11, 14
12: 12, 14, 15, 16
13: 11, 16
14: 10, 12, 13, 15
15: 6, 7, 8, 16
16: 5, 17
17: 3, 19
18: 2, 19
19: 2, 18
20: 0, 18, 21, 22, 23, 24, 25, 26, 27, 29, 30, 31, 32, 33, 34, 35, 36, 37, 38, 39, 40, 41, 42, 43, 44, 45, 46, 47, 48, 49
21: 1, 23, 24, 25, 26, 27, 28, 30, 31, 32, 33, 34, 35, 36, 37, 38, 39, 40, 41, 42, 43, 44, 45, 46, 47, 48
22: 1, 22, 28, 30
23: 2, 24, 27, 29
24: 2, 23, 27, 29
25: 2, 24, 26, 28
26: 3, 24, 26, 28
27: 4, 15, 24, 27
28: 6, 7, 8, 13, 24, 26
29: 9, 13, 22, 25
30: 8, 16, 17, 18, 22, 24
31: 9, 19, 21, 23
32: 8, 19, 20, 22
33: 9, 21
34: 9, 19
35: 9, 19
36: 12, 18
37: 11, 17
38: 10, 16
