0: 0, 28, 33, 34
1: 0, 28
2: 0, 28
3: 0, 27
4: 0, 28
5: 0, 27
6: 0, 27
7: 0, 27
8: 0, 26
9: 0, 22, 24, 27
10: 0, 22, 25, 26, 38, 39
11: 0, 21, 25, 26, 37, 39
12: 0, 22, 35, 39
13: 0, 21, 34, 40
14: 0, 21, 32, 33, 35, 40
15: 0, 21, 30, 31, 35, 41
16: 0, 21, 32, 33, 37, 41
17: 0, 21, 38, 41
18: 0, 21, 27, 28, 39, 41
19: 0, 20, 26, 29, 39, 42
20: 0, 20, 26, 29, 40, 42
21: 0, 20, 25, 30, 41, 42
22: 0, 20, 25, 33
23: 0, 21, 25, 36
24: 0, 21, 25, 37
25: 0, 23, 24, 38
26: 0, 39
27: 0, 40
28: 0, 41
29: 0, 41
30: 0, 42
31: 0, 42
32: 0, 42
33: 0, 41
34: 0, 42
35: 0, 41
36: 0, 41
37: 0, 41
38: 0, 42
