0: 10, 21, 31, 47
1: 10, 21, 32, 47
2: 10, 21, 31, 46
3: 11, 20, 32, 46
4: 11, 21, 32, 45
5: 12, 21, 31, 44
6: 12, 21, 25, 26, 30, 41
7: 13, 21, 31, 40
8: 12, 22, 24, 25, 27, 28, 30, 40
9: 12, 23, 24, 25, 27, 28, 29, 40
10: 12, 24, 27, 40
11: 12, 25, 27, 40
12: 12, 25, 27, 40
13: 12, 40
14: 12, 40
15: 13, 39
16: 13, 28, 29, 39
17: 13, 23, 25, 27, 28, 39
18: 13, 24, 25, 27, 29, 39
19: 13, 23, 25, 27, 28, 39
20: 13, 23, 29, 39
21: 13, 23, 29, 39
22: 14, 23, 29, 38
23: 13, 23, 29, 39
24: 14, 23, 29, 38
25: 13, 24, 29, 39
26: 14, 24, 28, 38
27: 14, 24, 28, 38
28: 14, 23, 29, 38
29: 15, 23, 29, 38
30: 16, 21, 29, 36, 38, 39
31: 15, 21, 29, 30, 33, 34, 38, 40
32: 14, 22, 29, 30, 37, 39
33: 15, 16, 17, 22, 28, 29, 37, 42
34: 16, 19, 29, 30, 39, 41
35: 14, 19, 29, 30, 39, 40
36: 14, 15, 16, 21, 29, 30
37: 15, 17, 18, 19, 21, 22
38: 15, 16, 18, 19
