0: 0, 52
1: 0, 52
2: 0, 52
3: 0, 52
4: 0, 52
5: 0, 52
6: 0, 52
7: 0, 52
8: 0, 52
9: 0, 52
10: 0, 52
11: 0, 51
12: 0, 46
13: 0, 46
14: 0, 45
15: 0, 39
16: 0, 38
17: 0, 38
18: 0, 38
19: 0, 38
20: 0, 39, 49, 52
21: 0, 39, 48, 49
22: 0, 39
23: 0, 37
24: 0, 34
25: 0, 31
26: 0, 28
27: 0, 25
28: 0, 26, 42, 43, 44, 45, 46, 47, 50, 52
29: 0, 24, 39, 52
30: 0, 23, 35, 52
31: 0, 21, 32, 52
32: 0, 19, 20, 21, 30, 52
33: 0, 17, 26, 52
34: 0, 18, 25, 52
35: 0, 15, 23, 52
36: 0, 17, 22, 52
37: 0, 15, 21, 51
38: 0, 17, 19, 50
