0: 0, 25
1: 0, 24
2: 0, 23
3: 0, 22
4: 0, 21, 30, 31, 33, 34, 35, 36
5: 0, 20, 29, 38
6: 0, 19, 28, 39
7: 0, 18, 27, 40, 47, 48
8: 0, 18, 26, 41, 47, 48
9: 0, 17, 25, 41, 47, 48
10: 0, 16, 25, 41, 46, 48
11: 0, 16, 23, 41, 47, 48
12: 0, 14, 24, 41, 46, 48
13: 0, 14, 23, 41, 46, 47
14: 0, 14, 24, 41
15: 0, 14, 23, 41
16: 0, 15, 23, 41
17: 0, 16, 22, 41
18: 0, 17, 21, 41
19: 0, 18, 21, 40
20: 0, 17, 20, 41
21: 0, 16, 19, 38
22: 0, 15, 18, 38
23: 0, 14, 17, 36
24: 0, 14, 16, 35
25: 0, 33
26: 0, 32
27: 0, 32
28: 0, 33
29: 0, 33, 34, 35
30: 0, 36
31: 0, 38
32: 0, 39
33: 0, 40
34: 0, 39
35: 0, 40
36: 0, 40
37: 0, 40
38: 0, 41
