0: 13, 28, 45, 52
1: 12, 28, 44, 52
2: 12, 29, 44, 52
3: 0, 1, 12, 29, 44, 52
4: 0, 1, 11, 30, 43, 52
5: 0, 2, 11, 30, 43, 52
6: 0, 1, 11, 31, 43, 52
7: 0, 2, 11, 31, 43, 52
8: 0, 2, 11, 31, 42, 52
9: 0, 3, 10, 32, 42, 52
10: 0, 3, 10, 32, 41, 52
11: 0, 4, 10, 33, 40, 52
12: 0, 3, 10, 32, 41, 52
13: 0, 2, 10, 32, 41, 52
14: 0, 1, 9, 32, 41, 52
15: 9, 32, 41, 52
16: 9, 32, 41, 52
17: 9, 26, 28, 32, 41, 52
18: 10, 25, 30, 32, 42, 52
19: 11, 26, 31, 32, 42, 52
20: 9, 25, 43, 52
21: 2, 3, 8, 26, 44, 52
22: 0, 2, 9, 25, 44, 52
23: 0, 2, 9, 25, 29, 30, 44, 52
24: 9, 24, 29, 31, 43, 52
25: 9, 24, 30, 32, 43, 52
26: 8, 25, 27, 28, 29, 30, 43, 52
27: 8, 30, 43, 52
28: 8, 30, 44, 52
29: 7, 32, 44, 52
30: 0, 2, 6, 30, 45, 52
31: 0, 2, 5, 30, 44, 45, 48, 52
32: 0, 3, 4, 29, 45, 48, 51, 52
33: 0, 3, 4, 28, 44, 51
34: 0, 29, 32, 33, 44, 52
35: 0, 34, 43, 52
36: 0, 35, 41, 52
37: 0, 39, 41, 52
38: 0, 40, 41, 52
