0: 0, 52
1: 0, 52
2: 0, 52
3: 0, 52
4: 0, 52
5: 0, 52
6: 0, 52
7: 0, 52
8: 0, 52
9: 0, 23, 31, 52
10: 0, 20, 34, 52
11: 0, 18, 35, 52
12: 0, 17, 36, 52
13: 0, 15, 24, 25, 26, 27, 28, 29, 38, 52
14: 0, 13, 23, 29, 39, 52
15: 0, 12, 22, 31, 40, 52
16: 0, 10, 21, 31, 41, 52
17: 0, 8, 20, 32, 43, 52
18: 0, 5, 21, 32, 45, 52
19: 0, 9, 20, 32, 46, 52
20: 0, 12, 20, 32, 43, 52
21: 0, 14, 21, 31, 40, 52
22: 0, 16, 21, 31, 37, 52
23: 0, 18, 23, 30, 34, 52
24: 0, 21, 22, 23, 24, 26, 27, 28, 31, 52
25: 0, 52
26: 0, 52
27: 0, 52
28: 0, 52
29: 0, 52
30: 0, 52
31: 0, 52
32: 0, 52
33: 0, 52
34: 0, 52
35: 0, 52
36: 0, 52
37: 0, 52
38: 0, 52
