0: 0, 52
1: 0, 32, 33, 52
2: 0, 33, 34, 35, 36, 52
3: 0, 32, 33, 34, 35, 52
4: 0, 27, 29, 34, 35, 36, 37, 52
5: 0, 26, 31, 34, 35, 36, 37, 52
6: 0, 26, 32, 36, 37, 38, 40, 52
7: 0, 26, 33, 34, 41, 52
8: 0, 26, 37, 38, 40, 52
9: 0, 26, 35, 39, 40, 52
10: 0, 23, 25, 26, 35, 52
11: 0, 22, 24, 25, 36, 52
12: 0, 22, 24, 25, 37, 52
13: 0, 21, 36, 52
14: 0, 20, 28, 52
15: 0, 20, 26, 52
16: 0, 20, 25, 52
17: 0, 18, 25, 52
18: 0, 18, 28, 52
19: 0, 18, 22, 24, 25, 26, 27, 52
20: 0, 18, 22, 52
21: 0, 18, 22, 52
22: 0, 52
23: 0, 52
24: 0, 52
25: 0, 52
26: 0, 52
27: 0, 52
28: 0, 52
29: 0, 52
30: 0, 52
31: 0, 52
32: 0, 52
33: 0, 52
34: 0, 52
35: 0, 52
36: 0, 52
37: 0, 52
38: 0, 52
