0: 0, 16, 22, 26, 41, 52
1: 0, 15, 22, 26, 41, 52
2: 0, 16, 21, 26, 41, 52
3: 0, 17, 22, 26, 41, 52
4: 0, 13, 14, 15, 24, 25, 41, 52
5: 0, 9, 41, 52
6: 0, 5, 41, 52
7: 0, 5, 41, 52
8: 0, 4, 41, 52
9: 0, 3, 40, 52
10: 0, 4, 41, 52
11: 0, 4, 40, 52
12: 0, 5, 41, 52
13: 0, 6, 40, 52
14: 0, 8, 41, 52
15: 0, 10, 25, 28, 40, 52
16: 0, 12, 24, 28, 41, 52
17: 0, 13, 24, 29, 40, 52
18: 0, 14, 24, 28, 41, 52
19: 0, 14, 23, 28, 41, 52
20: 0, 15, 23, 27, 41, 52
21: 0, 16, 22, 27, 41, 52
22: 0, 17, 23, 27, 41, 52
23: 0, 18, 23, 27, 41, 52
24: 0, 17, 23, 26, 41, 52
25: 0, 17, 23, 26, 40, 52
26: 0, 17, 23, 25, 40, 52
27: 0, 14, 15, 17, 23, 25, 40, 52
28: 0, 14, 15, 16, 23, 26, 39, 52
29: 0, 15, 22, 27, 39, 52
30: 0, 14, 20, 23, 24, 27, 38, 52
31: 0, 14, 20, 21, 23, 29, 37, 52
32: 0, 14, 21, 52
33: 0, 13, 20, 52
34: 0, 13, 20, 52
35: 0, 13, 20, 52
36: 0, 13, 20, 52
37: 0, 12, 19, 52
38: 0, 12, 14, 17, 20, 52
