0: 4, 6, 7, 24, 34, 52
1: 7, 23, 34, 52
2: 7, 22, 34, 52
3: 7, 22, 34, 52
4: 7, 21, 34, 52
5: 7, 20, 34, 52
6: 7, 18, 19, 21, 34, 52
7: 7, 17, 33, 52
8: 6, 7, 8, 9, 10, 18, 34, 42, 43, 52
9: 10, 18, 33, 39, 40, 41, 43, 44, 46, 52
10: 9, 18, 33, 36, 44, 52
11: 9, 16, 44, 52
12: 7, 16, 43, 52
13: 7, 16, 42, 52
14: 7, 16, 41, 52
15: 5, 6, 8, 16, 41, 52
16: 6, 7, 9, 15, 40, 52
17: 6, 8, 10, 15, 39, 52
18: 6, 8, 10, 16, 39, 52
19: 7, 9, 10, 14, 38, 52
20: 7, 13, 37, 52
21: 12, 14, 36, 52
22: 36, 52
23: 35, 52
24: 34, 52
25: 33, 52
26: 32, 52
27: 27, 28, 29, 52
28: 23, 52
29: 10, 11, 21, 52
30: 12, 13, 19, 52
31: 0, 1, 13, 14, 15, 16, 19, 52
32: 2, 3, 4, 5, 15, 16, 17, 52
33: 0, 4, 14, 52
34: 0, 3, 15, 52
35: 0, 3, 15, 52
36: 0, 3, 14, 52
37: 0, 3, 15, 52
38: 0, 2, 15, 52
