0: 0, 10, 46, 52
1: 0, 11, 45, 52
2: 0, 10, 20, 21, 22, 23, 24, 28, 45, 52
3: 0, 10, 18, 28, 45, 52
4: 0, 10, 18, 28, 45, 52
5: 0, 10, 18, 28, 45, 52
6: 0, 11, 17, 28, 44, 52
7: 0, 12, 17, 29, 44, 52
8: 0, 28, 45, 52
9: 0, 28, 44, 52
10: 0, 28, 29, 30, 43, 52
11: 0, 28, 29, 30, 43, 52
12: 0, 27, 29, 31, 43, 52
13: 0, 27, 29, 30, 42, 52
14: 0, 27, 31, 32, 42, 44, 45, 52
15: 0, 26, 29, 30, 32, 33, 42, 43, 45, 52
16: 0, 27, 32, 33, 41, 42, 44, 52
17: 0, 26, 45, 52
18: 0, 26, 44, 52
19: 0, 26, 44, 52
20: 0, 26, 45, 52
21: 0, 24, 45, 52
22: 0, 21, 45, 52
23: 0, 20, 44, 52
24: 0, 20, 44, 52
25: 0, 20, 44, 52
26: 0, 20, 44, 52
27: 0, 20, 44, 52
28: 0, 20, 43, 52
29: 0, 20, 43, 52
30: 0, 21, 43, 52
31: 0, 21, 42, 52
32: 0, 22, 41, 52
33: 0, 22, 41, 52
34: 0, 21, 40, 52
35: 0, 19, 39, 52
36: 0, 19, 39, 52
37: 0, 19, 38, 52
38: 0, 18, 37, 52
