0: 31, 36, 42, 52
1: 32, 36, 42, 52
2: 32, 37, 41, 52
3: 33, 39, 40, 52
4: 32, 52
5: 32, 52
6: 31, 52
7: 31, 52
8: 30, 52
9: 30, 52
10: 29, 52
11: 29, 52
12: 28, 52
13: 28, 32, 34, 52
14: 27, 31, 34, 52
15: 23, 31, 35, 52
16: 22, 30, 36, 52
17: 21, 29, 36, 52
18: 21, 29, 36, 52
19: 20, 30, 37, 52
20: 21, 30, 38, 52
21: 22, 29, 37, 52
22: 22, 29, 37, 52
23: 23, 28, 33, 35, 36, 52
24: 33, 52
25: 32, 52
26: 31, 52
27: 30, 52
28: 30, 52
29: 28, 52
30: 26, 52
31: 24, 52
32: 23, 52
33: 22, 52
34: 20, 52
35: 19, 52
36: 18, 52
37: 17, 52
38: 16, 52
