0: 15, 18, 20, 32
1: 16, 19, 21, 32
2: 16, 18, 21, 31
3: 16, 19, 21, 31
4: 17, 20, 21, 31
5: 0, 1, 18, 30
6: 0, 1, 19, 31
7: 0, 2, 21, 30
8: 0, 6, 21, 31
9: 0, 6, 22, 31
10: 2, 7, 21, 31
11: 3, 7, 8, 9, 21, 27, 28, 31
12: 5, 11, 18, 19, 22, 31
13: 6, 12, 18, 31, 51, 52
14: 7, 12, 19, 32, 48, 52
15: 9, 13, 14, 15, 20, 31, 33, 35, 46, 52
16: 10, 17, 18, 19, 21, 34, 37, 38, 44, 50
17: 11, 20, 22, 34, 35, 37, 42, 47
18: 12, 21, 22, 33, 34, 37, 41, 46
19: 13, 29, 30, 35, 39, 44
20: 14, 15, 16, 17, 18, 28, 33, 35, 36, 42
21: 15, 21, 23, 28, 34, 41
22: 16, 19, 24, 28, 35, 39
23: 22, 28, 37, 39
24: 21, 29
25: 20, 29
26: 19, 30
27: 15, 30
28: 17, 31
29: 18, 30
30: 18, 32
31: 18, 32
32: 18, 32
33: 18, 31
34: 18, 31
35: 20, 30
36: 23, 24, 25, 26
37: 
38: 
