0: 21, 31, 37, 42, 46, 49
1: 21, 32, 33, 42, 45, 48
2: 21, 43, 44, 48
3: 21, 47
4: 21, 46
5: 21, 36, 38, 46
6: 21, 36, 40, 45
7: 20, 37, 39, 44
8: 21, 36, 38, 43
9: 20, 41
10: 21, 40
11: 20, 39
12: 21, 30, 31, 38
13: 19, 37
14: 20, 36
15: 19, 34
16: 20, 32
17: 20, 30
18: 18, 28
19: 17, 29
20: 16, 29
21: 13, 30
22: 0, 1, 8, 9, 10, 30
23: 0, 30
24: 0, 13, 14, 15, 16, 31
25: 1, 2, 3, 6, 7, 8, 16, 31
26: 17, 32
27: 15, 32
28: 16, 33
29: 17, 33
30: 18, 32
31: 18, 32
32: 18, 33
33: 18, 35
34: 19, 34
35: 20, 29
36: 22, 28
37: 
38: 
