0: 37, 52
1: 35, 52
2: 34, 38, 39, 48, 49, 52
3: 32, 37, 39, 48
4: 31, 33, 40, 49
5: 29, 31, 40, 49
6: 27, 30, 40, 48
7: 40, 48
8: 40, 47
9: 40, 48
10: 40, 47
11: 40, 47
12: 40, 47
13: 39, 47
14: 38, 48
15: 38, 48
16: 39, 47
17: 37, 47
18: 35, 48
19: 32, 47
20: 3, 9, 10, 12, 13, 15, 16, 17, 18, 19, 20, 21, 22, 23, 24, 26, 27, 46
21: 5, 6, 7, 35, 36, 46
22: 29, 30, 32, 33, 37, 47
23: 38, 45
24: 40, 45
25: 42, 43, 44, 45
26: 
27: 
28: 
29: 
30: 50, 52
31: 49, 52
32: 49, 52
33: 48, 51
34: 47, 49
35: 47, 49
36: 47, 49
37: 46, 48
38: 46, 48
