0: 4, 12
1: 4, 13
2: 4, 12
3: 5, 12, 31, 32
4: 4, 12
5: 5, 13, 40, 41, 45, 46
6: 5, 12, 20, 21, 47, 48
7: 4, 13, 25, 26
8: 4, 12, 33, 34
9: 4, 12, 35, 36
10: 5, 12, 41, 42, 44, 45
11: 5, 12, 48, 49
12: 5, 12, 21, 22, 27, 28, 37, 38
13: 5, 12, 29, 30, 33, 34, 50, 51
14: 5, 12, 39, 40, 43, 44, 46, 47
15: 5, 11
16: 5, 12, 23, 24, 31, 32, 35, 36, 41, 42, 48, 49
17: 4, 11, 26, 27, 37, 38, 45, 46
18: 5, 11, 16, 17
19: 5, 11, 18, 19, 29, 30, 33, 34, 39, 40, 41, 42, 44, 45, 47, 48, 50, 51
20: 5, 10, 23, 24, 35, 36
21: 6, 11, 37, 38, 41, 42, 43, 45, 46, 47, 49, 50
22: 5, 10, 25, 26, 30, 31, 34, 35, 38, 39, 40, 41, 47, 48
23: 4, 10, 27, 28, 32, 33, 36, 37, 39, 40, 41, 47, 48, 49, 50, 51
24: 3, 10, 16, 17, 20, 21, 35, 36, 37, 50
25: 3, 10, 22, 23, 30, 31, 32, 33, 34, 35, 36, 52
26: 4, 9, 26, 27, 33, 34, 35, 52
27: 5, 7, 28, 29, 32, 33, 34, 52
28: 19, 20, 24, 25, 30, 31, 32, 52
29: 14, 15, 28, 29, 31, 32, 33, 52
30: 21, 22, 26, 27, 31, 52
31: 29, 52
32: 16, 17, 23, 24, 27, 28, 31, 52
33: 29, 52
34: 18, 19, 25, 26, 28, 29, 30, 52
35: 20, 21, 27, 28, 30, 52
36: 23, 24, 29, 52
37: 26, 27, 28, 29, 30, 52
38: 29, 52
