0: 0, 20, 46, 52
1: 0, 20, 45, 52
2: 0, 19, 45, 52
3: 0, 16, 44, 52
4: 0, 15, 44, 52
5: 0, 14, 45, 52
6: 0, 14, 23, 24, 25, 26, 27, 28, 42, 44, 46, 52
7: 0, 14, 20, 28, 42, 52
8: 0, 14, 20, 28, 42, 52
9: 0, 14, 20, 29, 42, 52
10: 0, 16, 19, 29, 42, 44, 45, 52
11: 0, 30, 43, 44, 45, 52
12: 0, 30, 45, 47, 48, 52
13: 0, 31, 45, 46, 47, 52
14: 0, 31, 47, 52
15: 0, 32, 48, 52
16: 0, 32, 47, 52
17: 0, 31, 47, 52
18: 0, 32, 47, 52
19: 0, 30, 47, 52
20: 0, 30, 47, 52
21: 0, 29, 47, 52
22: 0, 28, 46, 52
23: 0, 29, 46, 52
24: 0, 29, 46, 52
25: 0, 28, 46, 52
26: 0, 27, 46, 52
27: 0, 27, 45, 52
28: 0, 27, 45, 52
29: 0, 28, 44, 52
30: 0, 28, 44, 52
31: 0, 29, 44, 52
32: 0, 30, 43, 52
33: 0, 32, 43, 52
34: 0, 34, 40, 52
35: 0, 35, 40, 52
36: 0, 35, 39, 52
37: 0, 35, 39, 52
38: 0, 52
