0: 10, 18
1: 9, 17
2: 10, 18
3: 9, 17, 38, 39, 46, 47
4: 10, 17
5: 10, 18
6: 10, 18
7: 10, 17, 40, 41
8: 9, 18, 31, 32, 47, 48
9: 10, 17, 42, 43
10: 10, 18
11: 10, 17, 33, 34
12: 10, 17, 25, 26, 36, 37, 46, 47
13: 10, 17, 41, 42, 48, 49
14: 10, 17, 38, 39, 50, 51
15: 10, 17, 28, 29, 43, 44
16: 10, 17, 32, 33, 45, 46
17: 10, 16, 34, 35, 40, 41, 48, 49
18: 10, 17, 23, 24, 36, 37, 50, 51
19: 10, 16, 30, 31, 42, 43, 44, 45, 46, 47
20: 11, 16, 26, 27, 38, 39, 49, 50
21: 11, 15, 33, 34, 40, 41, 44, 45, 46, 47, 48, 49, 51, 52
22: 10, 16, 35, 36, 42, 43, 49, 50
23: 9, 15, 29, 30, 37, 38, 39, 40, 41, 42, 43, 50, 51, 52
24: 8, 15, 20, 21, 31, 32, 35, 36, 40, 41, 42, 52
25: 9, 15, 22, 23, 26, 27, 37, 38, 39, 52
26: 9, 14, 33, 34, 36, 37, 38, 52
27: 10, 13, 29, 30, 35, 36, 37, 52
28: 31, 32, 34, 35, 36, 52
29: 19, 20, 24, 25, 34, 35, 36, 52
30: 26, 27, 30, 31, 33, 34, 35, 52
31: 33, 34, 35, 52
32: 28, 29, 32, 33, 34, 52
33: 21, 22, 32, 33, 34, 52
34: 23, 24, 30, 31, 34, 52
35: 25, 26, 32, 52
36: 28, 29, 32, 33, 34, 52
37: 30, 31, 33, 52
38: 32, 33, 34, 52
