0: 22, 34
1: 23, 34
2: 23, 35
3: 23, 34
4: 23, 35
5: 24, 34
6: 23, 34
7: 23, 35
8: 23, 34
9: 23, 34, 47, 48
10: 23, 35
11: 22, 34
12: 23, 34
13: 22, 34, 50, 51
14: 23, 34
15: 23, 34
16: 23, 34
17: 24, 34
18: 24, 34, 42, 43
19: 25, 34, 46, 47
20: 26, 34
21: 26, 33, 48, 49
22: 25, 34
23: 25, 34, 43, 44
24: 24, 34
25: 24, 34, 48, 49
26: 23, 34, 38, 39, 45, 46
27: 22, 34, 50, 51
28: 23, 33
29: 23, 33, 40, 41, 47, 48
30: 24, 32, 42, 43
31: 25, 31, 49, 50
32: 36, 37, 44, 45
33: 46, 47
34: 39, 40, 49, 50
35: 41, 42
36: 44, 45, 47, 48, 50, 51
37: 
38: 
