0: 20, 22, 25, 36
1: 21, 37
2: 22, 38
3: 22, 38
4: 23, 36
5: 24, 36
6: 20, 22, 25, 35, 39, 40
7: 21, 34, 35, 39
8: 25, 36
9: 27, 33
10: 1, 2, 3, 4, 25, 26, 27, 33
11: 2, 3, 4, 7, 8, 9, 23, 27, 28, 35
12: 6, 7, 8, 9, 21, 23, 29, 33, 34, 38
13: 5, 10, 28, 33, 37, 38
14: 5, 9, 29, 33
15: 6, 9, 29, 33
16: 6, 9, 29, 33
17: 6, 9, 29, 34
18: 5, 10, 29, 34
19: 6, 9, 29, 35
20: 6, 8, 28, 34
21: 6, 9, 13, 15, 27, 35, 36, 37
22: 6, 8, 14, 37
23: 6, 9, 24, 25, 28, 33
24: 7, 8, 31, 32
25: 
26: 
27: 
28: 
29: 43, 44
30: 40, 43
31: 38, 41
32: 36, 39
33: 36, 38
34: 34, 37
35: 33, 36
36: 32, 35
37: 26, 34
38: 25, 33
