0: 14, 37
1: 14, 38
2: 15, 38
3: 15, 38
4: 15, 37
5: 15, 37
6: 16, 36
7: 16, 36
8: 17, 35
9: 17, 35
10: 18, 33
11: 19, 33
12: 19, 33
13: 19, 23, 24, 27, 28, 33
14: 18, 23, 29, 33
15: 18, 23, 29, 33
16: 18, 23, 30, 34
17: 18, 23, 29, 33
18: 18, 22, 30, 34
19: 17, 23, 30, 34, 37, 38, 39, 43, 44, 45
20: 17, 22, 30, 45
21: 16, 22, 30, 45
22: 16, 22, 31, 45
23: 14, 22, 32, 45
24: 13, 21, 34, 43
25: 12, 21, 37, 38, 39, 41, 42, 43
26: 12, 20
27: 12, 20
28: 11, 20
29: 12, 18
30: 11, 18
31: 12, 16
32: 13, 14
33: 
34: 
35: 
36: 
37: 
38: 
