0: 0, 26, 27, 32, 33, 34, 36, 37, 39, 52
1: 0, 14, 15, 26, 28, 32, 33, 34, 35, 36, 37, 38, 39, 52
2: 2, 15, 16, 28, 30, 31, 38, 52
3: 1, 2, 3, 16, 17, 18, 19, 32, 33, 34, 35, 36, 37, 38, 39, 52
4: 4, 16, 17, 18, 20, 30, 38, 52
5: 2, 15, 18, 19, 20, 31, 35, 36, 38, 52
6: 3, 16, 17, 18, 22, 32, 34, 36, 38, 52
7: 2, 17, 20, 32, 34, 36, 38, 52
8: 2, 15, 17, 18, 19, 20, 22, 32, 33, 36, 38, 52
9: 1, 15, 21, 32, 34, 36, 38, 52
10: 0, 15, 19, 20, 22, 32, 33, 37, 38, 52
11: 0, 16, 17, 20, 21, 32, 34, 36, 38, 52
12: 0, 16, 17, 20, 22, 32, 34, 36, 38, 52
13: 3, 16, 17, 20, 21, 32, 38, 52
14: 3, 16, 17, 19, 21, 31, 39, 52
15: 4, 16, 18, 19, 21, 30, 39, 52
16: 3, 15, 22, 30, 38, 52
17: 2, 14, 21, 31, 38, 52
18: 2, 14, 22, 31, 38, 52
19: 1, 15, 21, 32, 38, 52
20: 1, 15, 22, 32, 38, 52
21: 0, 16, 21, 32, 37, 52
22: 0, 16, 22, 33, 38, 52
23: 0, 17, 21, 33, 37, 52
24: 0, 14, 15, 18, 21, 31, 37, 52
25: 0, 13, 16, 17, 21, 31, 38, 52
26: 0, 14, 21, 28, 30, 31, 38, 52
27: 0, 15, 21, 27, 38, 52
28: 0, 15, 21, 25, 29, 30, 38, 52
29: 0, 15, 20, 25, 27, 34, 39, 52
30: 0, 16, 20, 34, 39, 52
31: 0, 16, 20, 33, 39, 52
32: 0, 15, 20, 34, 39, 52
33: 0, 15, 20, 34, 39, 52
34: 0, 16, 20, 34, 38, 52
35: 0, 17, 18, 36, 38, 52
36: 0, 17, 18, 37, 38, 52
37: 0, 52
38: 0, 52
