0: 0, 52
1: 0, 52
2: 0, 52
3: 0, 44, 45, 52
4: 0, 41, 45, 52
5: 0, 40, 43, 52
6: 0, 38, 41, 52
7: 0, 36, 40, 52
8: 0, 34, 38, 52
9: 0, 32, 36, 52
10: 0, 30, 35, 52
11: 0, 28, 33, 52
12: 0, 26, 32, 52
13: 0, 25, 30, 52
14: 0, 23, 29, 52
15: 0, 22, 27, 52
16: 0, 20, 25, 52
17: 0, 19, 22, 52
18: 0, 19, 20, 21, 22, 52
19: 0, 52
20: 0, 52
21: 0, 52
22: 0, 52
23: 0, 52
24: 0, 52
25: 0, 52
26: 0, 52
27: 0, 52
28: 0, 52
29: 0, 52
30: 0, 52
31: 0, 52
32: 0, 52
33: 0, 52
34: 0, 52
35: 0, 52
36: 0, 52
37: 0, 52
38: 0, 52
