0: 14, 20, 27, 32
1: 1, 4, 15, 21, 23, 24, 27, 31
2: 0, 3, 15, 21, 22, 23, 27, 32
3: 0, 3, 8, 9, 15, 21, 22, 24, 26, 34
4: 0, 3, 8, 9, 16, 21, 22, 37
5: 0, 3, 7, 10, 16, 21, 22, 37
6: 0, 3, 7, 11, 16, 20, 21, 37, 51, 52
7: 0, 3, 7, 13, 17, 37, 48, 49, 51, 52
8: 0, 3, 5, 42, 47, 52
9: 0, 4, 5, 43, 45, 52
10: 0, 44, 45, 52
11: 0, 52
12: 1, 52
13: 2, 44, 51, 52
14: 2, 41
15: 3, 5, 8, 41
16: 8, 41
17: 9, 41
18: 9, 42
19: 9, 42
20: 10, 11, 12, 42
21: 12, 42
22: 12, 43
23: 12, 43
24: 11, 43
25: 12, 43
26: 14, 43
27: 13, 43
28: 12, 42
29: 10, 42
30: 11, 41
31: 11, 40, 43, 50
32: 8, 9, 10, 39, 42, 52
33: 4, 38, 40, 52
34: 0, 3, 4, 37, 39, 52
35: 0, 3, 5, 36, 39, 52
36: 0, 3, 4, 35, 38, 52
37: 0, 35, 38, 52
38: 0, 36, 38, 52
