0: 19, 26, 33, 52
1: 20, 26, 32, 52
2: 20, 26, 32, 52
3: 20, 26, 32, 52
4: 21, 26, 31, 52
5: 21, 26, 31, 52
6: 21, 26, 31, 52
7: 22, 26, 31, 52
8: 21, 26, 31, 52
9: 21, 26, 31, 52
10: 21, 26, 31, 52
11: 21, 26, 31, 52
12: 20, 26, 32, 52
13: 21, 26, 32, 52
14: 20, 26, 32, 52
15: 20, 26, 32, 52
16: 21, 26, 31, 52
17: 21, 26, 31, 52
18: 22, 26, 30, 52
19: 24, 26, 28, 52
20: 22, 26, 31, 52
21: 21, 26, 30, 31, 32, 52
22: 20, 21, 22, 26, 31, 32, 33, 52
23: 20, 26, 31, 32, 33, 52
24: 19, 20, 21, 26, 32, 52
25: 21, 26, 31, 52
26: 21, 26, 31, 52
27: 21, 26, 31, 52
28: 23, 26, 29, 52
29: 26, 52
30: 26, 52
31: 26, 52
32: 26, 52
33: 26, 52
34: 26, 52
35: 26, 52
36: 26, 52
37: 26, 52
38: 26, 52
