0: 19, 32, 33, 35
1: 19, 34
2: 19, 32, 33, 35
3: 20, 32, 33, 34
4: 20, 31, 32, 34
5: 20, 31, 32, 34
6: 14, 15, 21, 34
7: 12, 17, 21, 30, 31, 33
8: 11, 19, 21, 30, 31, 33
9: 11, 15, 17, 20, 22, 33
10: 11, 12, 17, 21, 22, 32
11: 3, 4, 11, 12, 16, 17, 18, 32, 51, 52
12: 2, 4, 14, 15, 16, 18, 19, 32, 47, 48, 50, 52
13: 0, 3, 7, 8, 13, 15, 16, 32, 33, 34, 35, 36, 44, 45, 48, 51
14: 0, 3, 6, 8, 11, 12, 13, 15, 16, 18, 19, 32, 33, 34, 35, 37, 44, 47, 48, 52
15: 0, 2, 5, 7, 9, 11, 12, 15, 16, 18, 19, 32, 33, 39, 41, 42, 45, 48, 51, 52
16: 0, 1, 4, 7, 9, 11, 12, 14, 16, 18, 19, 31, 33, 35, 36, 40, 42, 44, 46, 47, 48, 52
17: 0, 3, 4, 7, 8, 10, 12, 35, 36, 38, 39, 42, 43, 45, 47, 50
18: 2, 5, 8, 12, 17, 18, 19, 32, 33, 34, 35, 36, 37, 42, 43, 48
19: 3, 5, 7, 11, 21, 31, 39, 42, 45, 47
20: 4, 8, 21, 30, 41, 43, 44, 46
21: 5, 6, 23, 28, 32, 34, 43, 45
22: 24, 27, 32, 34
23: 22, 30, 32, 35
24: 21, 29, 31, 35
25: 21, 31, 32, 35
26: 19, 31, 32, 34
27: 19, 31, 32, 34
28: 20, 35
29: 20, 35
30: 20, 34
31: 20, 34
32: 20, 33
33: 21, 31
34: 22, 29
35: 
36: 
37: 
38: 
