0: 0, 24
1: 0, 24
2: 0, 24
3: 0, 24
4: 0, 24
5: 0, 24, 34, 35
6: 0, 20, 21, 25, 34, 35
7: 0, 20, 22, 23, 33, 36
8: 0, 19, 33, 36
9: 0, 19, 32, 36
10: 0, 19, 32, 37
11: 0, 19, 33, 37
12: 0, 19, 34, 37
13: 0, 19, 36, 37
14: 0, 20, 37, 38
15: 0, 19, 27, 29, 51, 52
16: 0, 20, 26, 31, 50, 52
17: 0, 19, 25, 32, 49, 52
18: 0, 20, 24, 33, 49, 52
19: 0, 19, 25, 34, 49, 52
20: 0, 20, 25, 35, 48, 52
21: 0, 21, 24, 36, 48, 52
22: 0, 21, 24, 37, 48, 52
23: 0, 22, 23, 37, 48, 52
24: 0, 37, 47, 52
25: 0, 37, 48, 52
26: 0, 37, 48, 52
27: 0, 37, 48, 52
28: 0, 36, 48, 52
29: 0, 37, 48, 52
30: 0, 37, 49, 52
31: 0, 37, 50, 52
32: 0, 37, 51, 52
33: 0, 37, 51, 52
34: 0, 38, 51, 52
35: 0, 39
36: 0, 40
37: 0, 41
38: 0, 42
