0: 0, 14
1: 0, 14
2: 0, 14
3: 0, 14
4: 0, 14
5: 0, 14
6: 0, 14
7: 0, 14
8: 0, 14
9: 0, 14, 47, 50
10: 0, 14, 45, 51
11: 0, 14, 38, 39, 42, 50
12: 0, 14, 37, 41, 42, 50
13: 0, 14, 36, 49
14: 0, 14, 34, 47
15: 0, 14, 28, 29, 33, 42
16: 1, 14, 30, 41
17: 2, 14, 26, 31, 34, 36, 37, 41
18: 2, 14, 25, 28, 35, 40
19: 3, 14, 23, 26, 36, 39
20: 2, 14, 35, 40
21: 2, 14, 36, 39
22: 2, 14, 36, 39, 40, 41
23: 1, 14, 36, 41
24: 0, 14, 35, 40
25: 0, 14, 35, 37, 38, 39
26: 0, 14, 34, 36
27: 0, 14
28: 0, 14
29: 0, 14
30: 0, 14
31: 0, 14
32: 0, 14
33: 0, 14
34: 0, 14
35: 0, 14
36: 0, 14
37: 0, 14
38: 0, 14
