0: 33, 47
1: 33, 47
2: 34, 47
3: 34, 46
4: 10, 11, 34, 46
5: 12, 13, 34, 45
6: 4, 5, 34, 45
7: 35, 44
8: 35, 44
9: 8, 9, 35, 43
10: 4, 5, 13, 14, 36, 43
11: 15, 16, 19, 20, 35, 42
12: 27, 28, 36, 43
13: 3, 4, 7, 8, 22, 23, 31, 32, 36, 43
14: 10, 11, 36, 43
15: 12, 13, 17, 18, 36, 43
16: 2, 3, 6, 7, 37, 43
17: 9, 10, 36, 44
18: 3, 4, 13, 14, 19, 20, 35, 43
19: 6, 7, 15, 16, 22, 23, 35, 44
20: 2, 3, 8, 9, 11, 12, 24, 25, 35, 43
21: 1, 2, 3, 5, 6, 7, 19, 20, 27, 28, 36, 43
22: 7, 8, 9, 10, 12, 13, 15, 16, 36, 43
23: 0, 7, 10, 11, 29, 30, 37, 43
24: 0, 10, 12, 13, 14, 15, 17, 18, 22, 23, 37, 43
25: 0, 12, 19, 20, 24, 25, 35, 42
26: 0, 12, 13, 14, 15, 16, 34, 42
27: 0, 14, 17, 18, 34, 41
28: 0, 14, 15, 16, 21, 22, 27, 28, 34, 41
29: 0, 15, 16, 17, 18, 19, 23, 24, 33, 40
30: 0, 16, 29, 30, 33, 38
31: 0, 16, 17, 18, 19, 20
32: 0, 17, 22, 23, 25, 26
33: 0, 17, 18, 19, 20, 21, 31, 32
34: 0, 17
35: 0, 17, 18, 19, 24, 25, 27, 28
36: 0, 18, 19, 20, 21, 22
37: 0, 17
38: 0, 17, 18, 19
