0: 22, 33
1: 22, 33
2: 22, 33
3: 23, 33
4: 23, 33
5: 23, 33
6: 23, 33
7: 24, 33
8: 24, 33, 43, 44
9: 24, 33, 45, 46
10: 23, 33
11: 24, 33, 48, 49
12: 23, 33
13: 23, 33
14: 23, 33
15: 23, 33, 43, 44
16: 23, 33
17: 24, 33, 47, 48
18: 24, 32, 37, 38, 49, 50
19: 24, 32, 44, 45
20: 25, 32
21: 25, 32, 40, 41, 48, 49
22: 25, 32
23: 24, 32, 45, 46
24: 23, 32, 37, 38, 42, 43, 50, 51
25: 23, 31, 47, 48
26: 22, 32
27: 22, 31, 40, 41, 44, 45, 50, 51
28: 23, 31, 47, 48
29: 24, 30, 36, 37
30: 26, 28, 31, 32, 42, 43, 45, 46, 49, 50
31: 38, 39
32: 47, 48, 50, 51
33: 34, 35, 40, 41, 43, 44
34: 45, 46, 50, 51
35: 37, 38, 48, 49
36: 41, 42, 44, 45
37: 47, 48, 50, 51
38: 
