0: 19, 23, 32, 37, 41, 44
1: 18, 26, 31, 36, 40, 42, 43, 45
2: 18, 27, 30, 35, 40, 41, 43, 45
3: 18, 27, 29, 35, 39, 41, 42, 46
4: 17, 26, 29, 34, 36, 38, 39, 45
5: 16, 21, 23, 24, 28, 33, 35, 43
6: 16, 23, 27, 33, 35, 42
7: 16, 23, 26, 33, 37, 42
8: 13, 22, 27, 32, 38, 41
9: 11, 21, 28, 33
10: 10, 18, 28, 32, 38, 42, 43, 44
11: 9, 16, 29, 31, 36, 38, 39, 46
12: 8, 11, 13, 15, 30, 31, 41, 42
13: 7, 10, 12, 13, 30, 31
14: 7, 9, 35, 36
15: 7, 9, 33, 36
16: 31, 34
17: 31, 32
18: 30, 31
19: 
20: 
21: 
22: 
23: 
24: 
25: 
26: 
27: 
28: 
29: 9, 10, 11, 14
30: 6, 12
31: 5, 10
32: 4, 10
33: 3, 6, 7, 8
34: 3, 4
35: 
36: 
37: 
38: 
