0: 0, 16, 42, 43, 45, 52
1: 0, 14, 41, 42, 46, 52
2: 0, 12, 14, 15, 46, 52
3: 0, 12, 15, 16, 46, 52
4: 0, 11, 47, 52
5: 0, 11, 46, 52
6: 0, 11, 46, 52
7: 0, 11, 46, 52
8: 0, 11, 46, 52
9: 0, 11, 45, 52
10: 0, 11, 45, 52
11: 0, 11, 45, 52
12: 0, 12, 44, 52
13: 0, 12, 44, 52
14: 0, 13, 43, 52
15: 0, 13, 43, 52
16: 0, 14, 42, 52
17: 0, 15, 41, 52
18: 0, 16, 40, 52
19: 0, 17, 22, 23, 32, 33, 39, 52
20: 0, 27, 28, 52
21: 0, 52
22: 0, 52
23: 0, 52
24: 0, 52
25: 0, 52
26: 0, 52
27: 0, 52
28: 0, 52
29: 0, 52
30: 0, 52
31: 0, 52
32: 0, 52
33: 0, 52
34: 0, 52
35: 0, 52
36: 0, 52
37: 0, 52
38: 0, 52
