0: 8, 10, 11, 12, 20, 21, 22, 23, 24, 25, 26, 52
1: 9, 10, 11, 13, 23, 52
2: 6, 14, 15, 16, 18, 19, 20, 52
3: 3, 4, 5, 17, 20, 21, 22, 52
4: 3, 18, 19, 52
5: 3, 18, 19, 52
6: 3, 52
7: 4, 18, 19, 52
8: 4, 52
9: 5, 52
10: 5, 17, 18, 52
11: 6, 52
12: 4, 5, 6, 18, 19, 52
13: 4, 5, 7, 16, 17, 52
14: 4, 6, 7, 52
15: 1, 3, 4, 7, 8, 15, 16, 22, 23, 52
16: 1, 6, 8, 24, 25, 52
17: 1, 7, 8, 16, 17, 23, 24, 52
18: 1, 7, 8, 14, 15, 25, 26, 52
19: 1, 22, 23, 52
20: 1, 14, 15, 24, 25, 52
21: 2, 52
22: 2, 14, 15, 52
23: 3, 52
24: 2, 3, 4, 52
25: 4, 14, 15, 52
26: 4, 13, 14, 52
27: 4, 11, 13, 52
28: 3, 10, 12, 13, 14, 15, 16, 17, 18, 52
29: 4, 10, 11, 12, 13, 52
30: 3, 10, 13, 14, 15, 16, 17, 52
31: 2, 9, 11, 12, 13, 14, 15, 52
32: 2, 9, 12, 13, 14, 15, 16, 18, 19, 52
33: 1, 2, 3, 5, 15, 16, 17, 52
34: 11, 12, 13, 14, 15, 16, 17, 18, 19, 52
35: 15, 16, 17, 52
36: 13, 14, 17, 18, 19, 52
37: 15, 16, 17, 18, 19, 52
38: 17, 52
