0: 13, 14, 15, 16, 17, 18, 25, 26, 28, 29, 39, 40
1: 6, 7, 13, 14, 15, 16, 22, 23
2: 13, 16, 18, 19, 20, 21
3: 12, 14, 17, 18, 23, 24, 25, 28, 29, 31, 32, 33, 36, 37
4: 10, 13, 15, 16, 20, 34, 41, 42
5: 10, 12, 14, 15, 17, 36, 43, 44
6: 9, 12, 13, 14, 16, 38
7: 5, 6, 8, 11, 14, 39, 46, 47
8: 7, 10, 11, 12, 13, 40
9: 7, 10, 12, 41
10: 6, 9, 11, 42
11: 6, 9, 10, 43
12: 5, 8, 9, 43, 47, 48
13: 5, 9, 10, 44
14: 5, 7, 9, 24, 25, 45
15: 4, 27, 28, 45
16: 4, 8, 9, 30, 31, 47
17: 4, 7, 8, 20, 21, 47, 48, 49
18: 2, 3, 4, 23, 24, 32, 33, 48
19: 1, 3, 4, 49
20: 1, 7, 8, 49
21: 1, 21, 22, 46, 47, 49
22: 0, 9, 10, 23, 24, 46, 47, 48
23: 0, 45, 47, 48, 49, 50
24: 0, 25, 26, 33, 34, 45
25: 0, 44
26: 1, 43, 44, 45
27: 2, 43
28: 3, 43, 48, 49
29: 4, 42
30: 4, 42
31: 5, 41, 44, 45
32: 6, 41
33: 7, 40
34: 8, 39
35: 9, 39
36: 10, 38
37: 12, 37
38: 14, 36
