0: 15, 21, 30, 35, 45, 49
1: 15, 22, 29, 36, 44, 48, 49, 50
2: 15, 21, 22, 23, 30, 35, 36, 37, 44, 49, 50, 51
3: 15, 22, 29, 36, 44, 49
4: 14, 22, 29, 36, 44, 50
5: 14, 23, 29, 37, 43, 49, 50, 51
6: 14, 22, 29, 36, 37, 38, 43, 50, 51, 52
7: 14, 23, 28, 37, 38, 39, 43, 50
8: 13, 23, 28, 37, 43, 51
9: 13, 24, 28, 38, 42, 50, 51, 52
10: 14, 22, 28, 37, 42, 51
11: 14, 23, 28, 37, 42, 51
12: 15, 22, 28, 36, 37, 38, 41, 51
13: 15, 21, 29, 37, 42, 52
14: 16, 21, 29, 36, 42, 51
15: 16, 20, 31, 35, 42, 50
16: 3, 4, 5, 6, 7, 9, 10, 11, 12, 22, 23, 24, 25, 26, 30, 35, 43, 50, 51, 52
17: 0, 35, 44, 50
18: 5, 6, 7, 8, 9, 39, 40, 41, 44, 49
19: 19, 20, 21, 48
20: 29, 30, 31, 51
21: 36, 37, 38, 52
22: 42, 52
23: 45, 52
24: 49, 52
25: 51, 52
26: 
27: 
28: 
29: 
30: 
31: 
32: 
33: 
34: 
35: 
36: 
37: 
38: 
