0: 28, 52
1: 15, 17, 29, 52
2: 15, 16, 29, 52
3: 16, 17, 28, 52
4: 28, 52
5: 27, 52
6: 27, 31, 32, 52
7: 16, 17, 26, 31, 33, 52
8: 26, 31, 32, 52
9: 27, 29, 31, 52
10: 16, 17, 25, 28, 31, 52
11: 26, 27, 30, 52
12: 16, 18, 29, 52
13: 17, 19, 28, 52
14: 16, 19, 27, 52
15: 17, 20, 27, 52
16: 16, 19, 28, 52
17: 17, 19, 27, 52
18: 16, 18, 26, 52
19: 17, 18, 30, 31, 33, 52
20: 16, 19, 36, 52
21: 17, 18, 25, 27, 28, 29, 34, 35, 36, 52
22: 16, 17, 24, 26, 28, 52
23: 15, 16, 26, 27, 29, 52
24: 15, 17, 25, 28, 29, 52
25: 15, 16, 24, 52
26: 15, 17, 26, 27, 29, 52
27: 15, 16, 24, 26, 27, 52
28: 16, 17, 23, 52
29: 16, 17, 23, 52
30: 17, 19, 22, 52
31: 16, 52
32: 17, 52
33: 16, 52
34: 17, 52
35: 16, 52
36: 17, 52
37: 16, 52
38: 17, 52
