0: 6, 17, 46, 51
1: 5, 18, 47, 52
2: 4, 16, 48, 52
3: 3, 17, 48, 52
4: 3, 16, 28, 32, 49, 52
5: 2, 16, 27, 33, 50, 52
6: 2, 16, 27, 33, 50, 52
7: 1, 16, 26, 33, 51, 52
8: 1, 17, 27, 33, 51, 52
9: 0, 16, 28, 32
10: 0, 17
11: 0, 17
12: 0, 18
13: 0, 18
14: 0, 19
15: 0, 20
16: 0, 21
17: 0, 22
18: 0, 23
19: 0, 25
20: 0, 28
21: 0, 29
22: 0, 31
23: 0, 32
24: 0, 32
25: 0, 33
26: 0, 34
27: 0, 35
28: 0, 21, 22, 34
29: 0, 19, 25, 35
30: 1, 19, 25, 35, 51, 52
31: 1, 18, 26, 35, 51, 52
32: 1, 18, 25, 36, 50, 52
33: 2, 19, 26, 35, 50, 52
34: 3, 19, 24, 35, 49, 52
35: 3, 21, 22, 23, 24, 35, 48, 52
36: 4, 35, 48, 52
37: 5, 34, 47, 52
38: 6, 34, 46, 52
