0: 0, 7, 9, 52
1: 0, 6, 8, 9, 10, 52
2: 0, 4, 6, 7, 12, 52
3: 0, 4, 5, 6, 9, 10, 11, 39, 40, 52
4: 0, 3, 7, 8, 10, 39, 41, 52
5: 0, 2, 4, 5, 6, 7, 9, 39, 40, 52
6: 0, 1, 3, 4, 8, 39, 43, 52
7: 2, 3, 6, 8, 11, 38, 40, 41, 43, 52
8: 1, 2, 5, 8, 10, 11, 12, 34, 36, 37, 38, 39, 41, 42, 43, 52
9: 3, 4, 5, 8, 9, 10, 13, 20, 21, 37, 39, 40, 43, 52
10: 0, 2, 3, 6, 7, 8, 12, 13, 14, 22, 23, 24, 25, 36, 41, 42, 44, 52
11: 0, 9, 14, 21, 23, 24, 27, 37, 39, 40, 41, 42, 43, 52
12: 0, 10, 13, 23, 24, 25, 27, 38, 39, 42, 44, 52
13: 0, 9, 12, 23, 25, 26, 27, 38, 39, 42, 43, 52
14: 0, 8, 11, 22, 28, 37, 39, 42, 43, 52
15: 0, 7, 10, 23, 25, 26, 27, 38, 39, 42, 43, 52
16: 0, 8, 11, 12, 13, 24, 25, 26, 27, 38, 39, 42, 43, 52
17: 0, 6, 14, 23, 24, 26, 27, 38, 43, 52
18: 0, 5, 14, 23, 27, 36, 44, 52
19: 0, 3, 14, 22, 28, 36, 44, 52
20: 0, 1, 13, 21, 28, 36, 43, 52
21: 8, 9, 12, 22, 28, 37, 43, 52
22: 12, 22, 27, 37, 42, 52
23: 4, 7, 11, 23, 27, 38, 42, 52
24: 5, 7, 11, 23, 27, 38, 41, 52
25: 0, 1, 2, 5, 11, 23, 27, 38, 42, 52
26: 0, 7, 10, 24, 27, 38, 42, 52
27: 0, 8, 10, 19, 20, 21, 22, 23, 26, 35, 37, 38, 43, 52
28: 0, 7, 11, 19, 27, 34, 43, 52
29: 0, 7, 11, 20, 28, 34, 35, 37, 43, 52
30: 0, 6, 10, 23, 27, 40, 44, 46, 47, 52
31: 0, 6, 11, 24, 27, 39, 44, 52
32: 0, 6, 10, 23, 27, 40, 44, 52
33: 0, 8, 9, 23, 27, 40, 44, 52
34: 0, 23, 26, 40, 43, 52
35: 0, 25, 26, 42, 43, 52
36: 0, 52
37: 0, 52
38: 0, 52
