0: 19, 33
1: 19, 33
2: 19, 33
3: 20, 32
4: 20, 32
5: 20, 32
6: 21, 31
7: 21, 31
8: 21, 31
9: 21, 30
10: 21, 30
11: 19, 30
12: 17, 18, 20, 35
13: 16, 19, 20, 30, 32, 37
14: 15, 38
15: 15, 41
16: 14, 33, 35, 41
17: 14, 17, 18, 33, 38, 41
18: 11, 17, 18, 33, 37, 39
19: 10, 15, 19, 33, 37, 41
20: 13, 14, 15, 16, 20, 32, 37, 42
21: 13, 16, 19, 32, 36, 41
22: 12, 16, 19, 31, 36, 37, 38, 42
23: 12, 17, 21, 31, 36, 41
24: 12, 18, 21, 30, 37, 40, 41, 42
25: 12, 17, 21, 31, 38, 40
26: 11, 17, 21, 30, 38, 39, 40, 41
27: 12, 16, 21, 31, 37, 39
28: 12, 13, 14, 15, 16, 17, 21, 31
29: 16, 17, 22, 31
30: 14, 15, 22, 31
31: 22, 31
32: 14, 15, 20, 32
33: 20, 32
34: 20, 26, 27, 33
35: 21, 24, 31, 32
36: 21, 22
37: 
38: 
