0: 5, 8, 18, 36
1: 5, 8, 19, 36
2: 5, 9, 20, 36
3: 5, 9, 21, 35
4: 4, 8, 22, 36
5: 4, 8, 23, 36
6: 3, 8, 23, 35
7: 3, 7, 24, 34
8: 2, 7, 25, 34
9: 2, 7, 25, 33
10: 1, 6, 26, 33
11: 2, 6, 26, 32
12: 1, 6, 25, 33
13: 1, 6, 24, 32, 34, 35
14: 1, 6, 23, 37
15: 1, 6, 22, 25, 26, 39
16: 1, 6, 23, 34, 35, 41
17: 1, 6, 23, 34, 38, 43, 50, 52
18: 1, 6, 24, 34, 40, 43, 45, 46, 47, 52
19: 1, 6, 24, 33, 39, 48, 49, 50
20: 1, 6, 24, 32, 35, 43
21: 1, 6, 22, 36, 37, 38
22: 1, 6, 22, 32
23: 1, 7, 21, 31
24: 1, 7, 18, 29
25: 2, 7, 15, 19, 20, 30
26: 2, 8, 11, 15, 20, 30
27: 2, 12, 20, 30
28: 2, 9, 21, 30
29: 2, 7, 21, 30
30: 2, 3, 21, 31
31: 22, 30
32: 24, 29
33: 
34: 
35: 
36: 
37: 
38: 
