0: 0, 46
1: 0, 46
2: 0, 47
3: 0, 46
4: 0, 46
5: 0, 46
6: 0, 47
7: 0, 46
8: 0, 46
9: 0, 47
10: 0, 16, 21, 46
11: 0, 15, 20, 38, 44, 46
12: 0, 15, 21, 36
13: 0, 14, 22, 35
14: 0, 13, 23, 33
15: 0, 13, 23, 32
16: 0, 13, 23, 31
17: 0, 29
18: 0, 18, 19, 20, 21, 22, 23, 28, 41, 42
19: 0, 16, 24, 27, 39, 44
20: 0, 16, 38, 45
21: 0, 13, 37, 47
22: 0, 13, 35, 48
23: 0, 11, 34, 52
24: 0, 10, 32, 52
25: 0, 9, 31, 52
26: 0, 9, 29, 52
27: 0, 10, 27, 52
28: 0, 17, 24, 50
29: 0, 16, 21, 51
30: 0, 16, 19, 50
31: 0, 50
32: 0, 50
33: 0, 49
34: 0, 49
35: 0, 49
36: 0, 49
37: 0, 47
38: 0, 47
