0: 0, 52
1: 0, 52
2: 0, 52
3: 0, 52
4: 0, 52
5: 0, 52
6: 0, 52
7: 1, 2, 3, 52
8: 11, 12, 13, 15, 16, 52
9: 21, 22, 23, 52
10: 15, 16, 20, 21, 22, 52
11: 15, 30, 32, 33, 34, 52
12: 15, 30, 37, 52
13: 16, 30, 40, 41, 42, 52
14: 16, 31, 44, 52
15: 8, 11, 17, 33, 47, 48, 49, 52
16: 8, 9, 16, 32, 51, 52
17: 7, 9, 16, 33
18: 6, 8, 17, 33
19: 7, 9, 17, 32
20: 6, 8, 18, 33
21: 7, 9, 19, 33
22: 6, 9, 20, 32
23: 7, 10, 21, 34
24: 6, 10, 22, 33
25: 6, 10, 23, 32
26: 6, 9, 24, 32
27: 5, 9, 24, 31
28: 5, 9, 25, 31
29: 5, 9, 23, 30
30: 4, 8, 23, 31
31: 4, 8, 22, 24, 25, 30
32: 4, 8, 22, 30
33: 4, 8, 23, 34
34: 4, 8, 24, 36, 51, 52
35: 4, 8, 24, 32, 33, 38, 47, 52
36: 4, 8, 24, 31, 35, 39, 42, 43, 44, 52
37: 4, 9, 24, 31, 37, 45, 46, 47
38: 4, 9, 22, 30, 32, 33, 34, 40
