0: 51, 52
1: 51, 52
2: 
3: 
4: 
5: 
6: 
7: 13, 14, 15, 16
8: 11, 15, 16, 17
9: 11, 17
10: 10, 18
11: 10, 17
12: 10, 17
13: 11, 17, 36, 37, 38, 39, 40, 41
14: 11, 12, 13, 15, 32, 43, 44, 45
15: 31, 45, 46, 47, 48, 49
16: 29, 47
17: 28, 49
18: 27, 49, 50, 51
19: 26, 51
20: 0, 1, 26, 51
21: 0, 2, 24, 52
22: 0, 2, 3, 4, 24, 52
23: 0, 4, 22, 38, 39, 52
24: 0, 5, 6, 7, 20, 36, 39, 40, 41, 52
25: 0, 7, 8, 9, 17, 18, 19, 35, 41, 42, 43, 52
26: 0, 11, 12, 14, 15, 34, 42, 52
27: 0, 34, 42, 52
28: 0, 34, 42, 52
29: 0, 34, 42, 52
30: 0, 35, 41, 52
31: 0, 35, 40, 52
32: 0, 52
33: 0, 52
34: 0, 52
35: 0, 52
36: 0, 52
37: 0, 52
38: 1, 52
