0: 5, 8, 12, 25, 29, 42, 47, 52
1: 7, 8, 12, 25, 29, 43, 46, 52
2: 2, 6, 12, 25, 29, 43, 47, 52
3: 0, 7, 12, 25, 28, 31, 32, 43, 47, 52
4: 0, 7, 11, 26, 33, 42, 47, 52
5: 0, 8, 11, 25, 31, 42, 47, 52
6: 0, 8, 12, 25, 30, 42
7: 0, 7, 12, 26, 29, 42
8: 0, 7, 11, 25, 29, 42, 45, 52
9: 0, 7, 11, 26, 29, 42, 46, 47, 48, 52
10: 0, 9, 11, 26, 30, 41, 46, 52
11: 0, 9, 10, 26, 29, 42, 45, 52
12: 0, 27, 28, 42, 43, 52
13: 0, 52
14: 0, 52
15: 0, 52
16: 0, 52
17: 0, 52
18: 0, 52
19: 0, 52
20: 0, 52
21: 0, 52
22: 0, 52
23: 0, 52
24: 0, 52
25: 0, 52
26: 0, 52
27: 0, 52
28: 0, 52
29: 0, 52
30: 0, 52
31: 0, 52
32: 0, 52
33: 0, 52
34: 0, 52
35: 0, 52
36: 0, 52
37: 0, 52
38: 0, 52
