0: 0, 52
1: 0, 52
2: 0, 52
3: 0, 52
4: 0, 52
5: 0, 52
6: 0, 52
7: 0, 52
8: 1, 2, 3, 52
9: 11, 12, 13, 52
10: 22, 23, 24, 52
11: 15, 16, 21, 22, 23, 52
12: 16, 31, 33, 52
13: 16, 30, 36, 37, 38, 52
14: 17, 31, 40, 41, 42, 52
15: 17, 31, 44, 52
16: 9, 11, 18, 32, 47, 52
17: 8, 10, 17, 33, 51, 52
18: 7, 9, 17, 33
19: 7, 9, 18, 33
20: 7, 9, 18, 33
21: 6, 9, 19, 33
22: 7, 9, 20, 33
23: 7, 9, 21, 32
24: 7, 10, 22, 34
25: 7, 10, 22, 33
26: 6, 10, 23, 32
27: 6, 10, 24, 32
28: 5, 9, 24, 31
29: 5, 9, 25, 31
30: 5, 9, 23, 31
31: 5, 9, 23, 30
32: 4, 8, 22, 24, 25, 31
33: 4, 9, 23, 30
34: 5, 8, 23, 33
35: 4, 8, 24, 36, 51, 52
36: 4, 9, 24, 32, 33, 38, 47, 52
37: 4, 9, 24, 31, 35, 39, 42, 43, 44, 52
38: 5, 9, 24, 31, 37, 45, 46, 47
