0: 0, 6, 32, 52
1: 0, 6, 33, 52
2: 0, 6, 33, 52
3: 0, 5, 33, 52
4: 0, 5, 33, 52
5: 0, 5, 33, 52
6: 0, 5, 34, 51
7: 0, 5, 34, 51
8: 0, 4, 34, 50
9: 0, 4, 34, 50
10: 0, 4, 35, 49
11: 0, 4, 33, 48
12: 0, 4, 31, 48
13: 0, 4, 31, 48
14: 0, 6, 30, 47
15: 0, 8, 27, 48
16: 1, 2, 3, 9, 23, 31, 32, 49
17: 7, 14, 15, 28, 33, 36, 37, 50
18: 9, 24, 33, 36, 37, 45, 46, 50
19: 14, 15, 16, 17, 33, 36, 37, 44, 46, 50
20: 33, 36, 37, 45, 46, 50
21: 33, 36, 37, 44, 46, 50
22: 33, 36, 37, 49
23: 33, 49
24: 32, 49
25: 33, 50
26: 32, 49
27: 33, 49
28: 33, 48
29: 32, 48
30: 33, 48
31: 33, 47
32: 34, 46
33: 34, 47
34: 35, 47
35: 35, 47
36: 35, 48
37: 33, 46
38: 32, 47
