0: 
1: 
2: 
3: 28, 32, 33, 34
4: 21, 22, 23, 24, 25, 38
5: 17, 40
6: 15, 41
7: 12, 43
8: 10, 44
9: 0, 6, 7, 8, 9, 45
10: 0, 46
11: 0, 47
12: 0, 48
13: 0, 49
14: 0, 50
15: 0, 51
16: 0, 52
17: 0, 52
18: 0, 52
19: 0, 52
20: 10, 11, 12, 13, 14, 52
21: 21, 22, 23, 52
22: 28, 52
23: 29, 31, 32, 33, 34, 52
24: 20, 22, 25, 26, 27, 34, 38, 52
25: 21, 33, 42, 52
26: 21, 33, 46, 52
27: 17, 18, 22, 34, 50, 52
28: 17, 18, 21, 35
29: 16, 18, 22, 34
30: 16, 17, 23, 34
31: 16, 18, 24, 34
32: 16, 18, 25, 34
33: 16, 18, 26, 35
34: 16, 18, 27, 34
35: 15, 18, 27, 34
36: 15, 18, 28, 33
37: 15, 17, 28, 33
38: 15, 18, 27, 33
