0: 11, 24
1: 9, 23
2: 6, 23, 47, 48
3: 5, 24, 47, 48, 51, 52
4: 5, 23, 31, 32, 51, 52
5: 5, 23
6: 6, 23
7: 7, 23
8: 9, 23
9: 0, 1, 11, 23
10: 9, 10, 13, 23
11: 14, 23
12: 16, 23
13: 16, 23, 46, 47
14: 17, 22, 31, 32
15: 17, 23, 37, 38
16: 16, 24, 25, 26
17: 16, 26, 27, 28
18: 5, 6, 16, 25, 27, 28, 38, 39
19: 5, 8, 16, 23, 26, 27
20: 5, 8, 17, 23
21: 5, 9, 17, 22
22: 4, 11, 17, 22
23: 5, 11, 17, 20
24: 5, 13, 15, 19, 45, 47
25: 5, 13, 14, 21
26: 5, 21
27: 6, 22
28: 6, 22, 31, 32
29: 6, 22
30: 7, 22
31: 8, 19
32: 8, 20
33: 8, 9, 10, 21
34: 11, 22
35: 12, 23
36: 14, 23
37: 28, 29
38: 13, 14
