0: 0, 17, 26, 27, 34, 52
1: 0, 17, 26, 27, 35, 36, 37, 52
2: 0, 18, 26, 27, 36, 52
3: 0, 18, 26, 27, 37, 52
4: 0, 18, 36, 52
5: 0, 18, 36, 52
6: 0, 18, 36, 52
7: 0, 19, 36, 52
8: 0, 18, 35, 52
9: 0, 19, 35, 52
10: 0, 19, 34, 52
11: 0, 19, 34, 52
12: 0, 19, 27, 28, 33, 52
13: 0, 19, 27, 29, 35, 52
14: 0, 19, 27, 31, 36, 52
15: 0, 19, 26, 32, 36, 52
16: 0, 18, 26, 32, 36, 52
17: 0, 19, 25, 32, 35, 52
18: 0, 19, 25, 52
19: 0, 17, 25, 52
20: 0, 16, 26, 52
21: 0, 16, 25, 52
22: 0, 16, 26, 52
23: 0, 16, 26, 52
24: 0, 16, 28, 52
25: 0, 16, 28, 52
26: 0, 17, 28, 52
27: 0, 17, 28, 52
28: 0, 17, 27, 52
29: 0, 18, 28, 52
30: 0, 19, 28, 52
31: 0, 20, 23, 24, 25, 26, 27, 52
32: 0, 52
33: 0, 52
34: 0, 52
35: 0, 52
36: 0, 52
37: 0, 52
38: 0, 52
