0: 0, 19, 21, 26, 39, 52
1: 0, 17, 24, 26, 39, 52
2: 0, 16, 24, 26, 38, 52
3: 0, 16, 24, 26, 38, 52
4: 0, 17, 24, 27, 37, 52
5: 0, 17, 24, 27, 36, 52
6: 0, 17, 24, 27, 36, 52
7: 0, 18, 23, 27, 35, 52
8: 0, 17, 23, 27, 35, 52
9: 0, 16, 23, 25, 35, 52
10: 0, 16, 23, 24, 34, 52
11: 0, 16, 34, 52
12: 0, 16, 34, 52
13: 0, 16, 25, 26, 34, 52
14: 0, 16, 22, 27, 34, 52
15: 0, 17, 21, 26, 35, 52
16: 0, 16, 20, 26, 35, 52
17: 0, 17, 20, 27, 36, 52
18: 0, 17, 21, 27, 37, 52
19: 0, 17, 21, 27, 37, 52
20: 0, 18, 21, 27, 36, 52
21: 0, 28, 36, 52
22: 0, 29, 36, 37, 38, 52
23: 0, 30, 38, 52
24: 0, 31, 39, 52
25: 0, 30, 39, 52
26: 0, 29, 39, 52
27: 0, 29, 39, 52
28: 0, 28, 39, 52
29: 0, 28, 39, 52
30: 0, 28, 39, 52
31: 0, 28, 39, 52
32: 0, 27, 39, 52
33: 0, 28, 39, 52
34: 0, 28, 38, 52
35: 0, 29, 38, 52
36: 0, 30, 36, 52
37: 0, 52
38: 0, 52
