0: 0, 20, 21, 26, 39, 52
1: 0, 20, 21, 26, 39, 52
2: 0, 18, 23, 26, 38, 52
3: 0, 17, 24, 26, 38, 52
4: 0, 17, 25, 26, 37, 52
5: 0, 17, 24, 27, 37, 52
6: 0, 18, 24, 27, 36, 52
7: 0, 17, 24, 27, 35, 52
8: 0, 18, 24, 27, 35, 52
9: 0, 18, 23, 27, 35, 52
10: 0, 17, 23, 25, 34, 52
11: 0, 17, 23, 24, 34, 52
12: 0, 16, 34, 52
13: 0, 17, 34, 52
14: 0, 16, 25, 27, 34, 52
15: 0, 17, 22, 26, 34, 52
16: 0, 17, 21, 27, 35, 52
17: 0, 17, 20, 26, 35, 52
18: 0, 17, 21, 27, 37, 52
19: 0, 17, 21, 27, 36, 52
20: 0, 18, 21, 27, 36, 52
21: 0, 19, 20, 28, 36, 52
22: 0, 29, 35, 52
23: 0, 30, 37, 52
24: 0, 31, 38, 52
25: 0, 29, 30, 31, 38, 52
26: 0, 28, 38, 52
27: 0, 28, 38, 52
28: 0, 28, 38, 52
29: 0, 28, 38, 52
30: 0, 27, 38, 52
31: 0, 26, 38, 52
32: 0, 26, 38, 52
33: 0, 27, 37, 52
34: 0, 28, 37, 52
35: 0, 29, 36, 52
36: 0, 30, 31, 32, 34, 52
37: 0, 52
38: 0, 52
