0: 29, 42
1: 28, 42
2: 29, 41
3: 29, 41
4: 6, 7, 29, 41
5: 11, 12, 30, 40
6: 30, 40
7: 30, 39
8: 18, 19, 30, 39
9: 3, 4, 8, 9, 31, 40
10: 13, 14, 31, 39
11: 22, 23, 31, 40
12: 4, 5, 31, 39
13: 17, 18, 31, 40
14: 6, 7, 9, 10, 26, 27, 32, 39
15: 2, 3, 11, 12, 32, 39
16: 13, 14, 21, 22, 31, 39
17: 4, 5, 7, 8, 17, 18, 32, 39
18: 10, 11, 30, 38
19: 1, 2, 14, 15, 30, 39
20: 3, 4, 6, 7, 8, 9, 28, 30, 31, 38
21: 1, 2, 3, 4, 5, 6, 11, 12, 18, 19, 21, 22, 23, 38
22: 7, 8, 9, 10, 13, 14, 17, 25, 26, 38
23: 0, 7, 10, 11, 19, 20, 28, 29, 32, 38
24: 0, 10, 12, 13, 14, 15, 17, 18, 25, 26, 32, 37
25: 0, 12, 27, 28, 31, 37
26: 0, 12, 13, 14, 15, 16, 20, 21, 30, 37
27: 0, 14, 17, 18, 23, 24, 30, 37
28: 0, 14, 15, 16, 30, 36
29: 0, 15, 16, 17, 19, 20, 30, 36
30: 0, 16, 21, 22, 25, 26, 29, 33
31: 0, 17, 18, 19, 27, 28, 30, 31
32: 0, 16, 19, 20, 34, 35
33: 0, 17, 18, 19, 23, 24
34: 0, 18, 29, 30
35: 0, 17, 20, 21, 25, 26
36: 0, 17, 18, 19, 22, 23
37: 0, 18, 19, 20
38: 0, 17
