0: 0, 23, 30, 48, 49, 52
1: 0, 23, 29, 48, 50, 52
2: 0, 24, 28, 52
3: 0, 23, 28, 52
4: 0, 23, 28, 52
5: 0, 24, 27, 52
6: 0, 23, 28, 52
7: 1, 24, 29, 52
8: 2, 24, 28, 52
9: 3, 4, 6, 22, 28, 52
10: 6, 22, 28, 52
11: 6, 21, 28, 52
12: 6, 21, 22, 23, 28, 52
13: 7, 21, 22, 24, 27, 39, 40, 41, 42, 52
14: 8, 20, 21, 23, 27, 39, 45, 46, 47, 49, 50, 51
15: 8, 19, 20, 24, 27, 38, 49, 50
16: 8, 39, 40, 47
17: 7, 49
18: 6, 50
19: 6, 51
20: 5, 51
21: 7, 52
22: 5, 6, 8, 52
23: 4, 52
24: 4, 52
25: 3, 52
26: 3, 52
27: 0, 52
28: 0, 52
29: 0, 52
30: 0, 52
31: 0, 52
32: 0, 52
33: 0, 52
34: 0, 52
35: 0, 52
36: 0, 52
37: 0, 52
38: 0, 52
