0: 0, 17, 38, 52
1: 0, 17, 39, 52
2: 0, 17, 39, 52
3: 0, 17, 38, 52
4: 0, 17, 39, 52
5: 0, 17, 39, 52
6: 0, 15, 39, 52
7: 0, 15, 39, 52
8: 0, 15, 38, 52
9: 0, 15, 17, 18, 38, 52
10: 0, 15, 17, 19, 37, 52
11: 0, 15, 17, 19, 37, 52
12: 0, 16, 18, 19, 36, 52
13: 0, 15, 17, 20, 36, 52
14: 0, 16, 18, 19, 36, 52
15: 0, 16, 18, 20, 35, 52
16: 0, 16, 35, 52
17: 0, 17, 35, 52
18: 0, 17, 19, 20, 34, 52
19: 0, 18, 34, 52
20: 0, 18, 33, 52
21: 0, 19, 33, 52
22: 0, 20, 33, 52
23: 0, 20, 31, 52
24: 0, 20, 31, 52
25: 0, 20, 32, 52
26: 0, 20, 31, 52
27: 0, 20, 32, 52
28: 0, 21, 32, 52
29: 0, 20, 32, 52
30: 0, 20, 33, 52
31: 0, 20, 33, 52
32: 0, 19, 32, 52
33: 0, 18, 32, 52
34: 0, 18, 34, 52
35: 0, 17, 34, 52
36: 0, 17, 34, 52
37: 0, 17, 33, 52
38: 0, 20, 21, 27, 34, 52
