0: 21, 22, 25, 36
1: 21, 23, 24, 37
2: 22, 38
3: 22, 37
4: 23, 37
5: 24, 36
6: 20, 22, 25, 35
7: 21, 34, 35, 39
8: 24, 36
9: 27, 33
10: 1, 5, 6, 7, 25, 26, 27, 33
11: 4, 5, 6, 7, 8, 9, 23, 27, 28, 35
12: 6, 8, 9, 10, 21, 23, 29, 37
13: 5, 10, 28, 33, 36, 38
14: 5, 9, 29, 33
15: 6, 9, 29, 33
16: 6, 8, 29, 33
17: 5, 9, 29, 34
18: 5, 10, 29, 34
19: 6, 9, 29, 35
20: 6, 9, 27, 35
21: 6, 8, 13, 18, 27, 34, 36, 37
22: 6, 9, 16, 17, 18, 37
23: 6, 9, 28, 33
24: 31, 32
25: 
26: 
27: 45, 46
28: 44, 46
29: 43, 44
30: 40, 44
31: 38, 41
32: 36, 40
33: 35, 38
34: 28, 29, 34, 37
35: 26, 30, 33, 36
36: 25, 31, 32, 35
37: 25, 35
38: 25, 34
