0: 28, 42
1: 27, 44
2: 27, 45
3: 26, 46
4: 25, 46
5: 25, 30, 31, 47
6: 32, 46
7: 31, 47
8: 31, 46
9: 31, 44
10: 31, 44
11: 30, 44
12: 29, 45
13: 30, 45
14: 29, 46
15: 29, 46
16: 29, 48
17: 29, 42, 43, 48
18: 30, 42, 43, 48
19: 33, 41, 44, 49
20: 29, 38, 45, 50
21: 30, 40, 45, 48
22: 29, 41, 45, 49
23: 28, 41, 44, 49
24: 27, 42, 44, 48
25: 26, 41, 45, 48
26: 26, 41, 44, 48
27: 26, 41, 45, 47
28: 26, 41, 44, 46
29: 27, 41, 45, 47
30: 26, 40, 44, 46
31: 26, 39, 45, 46
32: 27, 39, 44, 46
33: 26, 37, 44, 45
34: 28, 29, 30, 33, 44, 45
35: 44, 45
36: 44, 45
37: 44, 45
38: 
