0: 0, 7
1: 0, 6
2: 0, 5
3: 0, 4, 22, 23
4: 0, 3, 21, 23
5: 0, 3, 21, 22
6: 0, 2, 20, 22
7: 0, 1, 19, 22
8: 18, 21
9: 17, 22
10: 16, 22
11: 15, 24
12: 14, 24
13: 13, 25
14: 12, 28
15: 11, 29
16: 10, 30
17: 9, 30
18: 8, 30
19: 7, 31, 32, 33
20: 7, 34
21: 7, 34, 41, 42
22: 7, 35, 40, 43
23: 7, 35, 38, 41, 42, 43, 44, 45
24: 7, 35, 38, 41
25: 6, 42
26: 7, 26, 28, 42
27: 6, 43
28: 6, 27, 28, 44
29: 6, 25, 31, 45
30: 6, 25, 31, 46
31: 5, 25, 31, 47
32: 6, 25, 31, 48
33: 5, 25, 31, 50
34: 5, 24, 31, 52
35: 5, 22, 32, 52
36: 4, 19, 34, 52
37: 5, 17, 36, 52
38: 4, 16, 37, 52
