0: 26, 42
1: 26, 42
2: 26, 42
3: 22, 23, 26, 42
4: 22, 23, 26, 42, 47, 48
5: 17, 18, 22, 23, 27, 42, 47, 48
6: 17, 18, 22, 24, 27, 42, 46, 48
7: 17, 18, 21, 24, 27, 43, 47, 49
8: 0, 1, 17, 19, 22, 24, 27, 43, 46, 49
9: 0, 1, 6, 7, 12, 13, 16, 19, 21, 25, 27, 43, 46, 49, 51, 52
10: 0, 1, 6, 7, 12, 13, 16, 19, 21, 25, 27, 44, 46, 50, 51, 52
11: 0, 2, 6, 8, 12, 14, 16, 20, 22, 25, 27, 43, 46, 49, 51, 52
12: 0, 2, 6, 8, 12, 14, 16, 20, 22, 24, 27, 43, 47, 49, 51, 52
13: 0, 2, 6, 8, 11, 14, 17, 19, 20, 21, 22, 43, 44, 45, 46, 49, 51, 52
14: 0, 3, 6, 8, 11, 14, 18, 22, 24, 25, 26, 51
15: 0, 2, 5, 9, 11, 15, 17, 19, 27, 42, 50, 52
16: 0, 2, 5, 9, 11, 15, 16, 18, 28, 41
17: 0, 2, 6, 9, 12, 14, 15, 17, 28, 41
18: 0, 4, 6, 9, 13, 16, 23, 25, 29, 40
19: 1, 8, 12, 15, 23, 26, 31, 38
20: 4, 8, 11, 14, 23, 26, 29, 30, 32, 37
21: 7, 13, 22, 26, 29, 36
22: 9, 11, 22, 27, 28, 37
23: 23, 39
24: 21, 39
25: 21, 39
26: 23, 40
27: 24, 41
28: 24, 42
29: 23, 40
30: 22, 39
31: 21, 39
32: 22, 39
33: 23, 38
34: 24, 38
35: 29, 35
36: 
37: 
38: 
