0: 0, 6, 35, 52
1: 0, 6, 34, 52
2: 0, 6, 35, 52
3: 0, 5, 35, 52
4: 0, 5, 35, 52
5: 0, 5, 35, 52
6: 0, 5, 35, 52
7: 0, 4, 35, 52
8: 0, 4, 36, 52
9: 0, 4, 35, 52
10: 0, 4, 36, 52
11: 0, 3, 36, 51
12: 0, 4, 32, 33, 36, 51
13: 0, 6, 30, 50
14: 0, 7, 30, 50
15: 4, 8, 25, 26, 27, 35, 36, 49
16: 7, 12, 19, 20, 21, 35, 37, 49
17: 8, 26, 32, 35, 37, 48
18: 12, 19, 20, 21, 32, 36, 37, 48
19: 33, 36, 38, 49
20: 33, 36, 38, 49
21: 33, 36, 38, 49
22: 33, 36, 38, 49
23: 33, 36, 37, 48
24: 33, 36, 37, 48
25: 33, 48
26: 32, 48
27: 32, 49
28: 32, 48
29: 32, 48
30: 31, 48
31: 31, 47
32: 32, 47
33: 33, 46
34: 33, 44
35: 33, 45
36: 33, 46
37: 33, 46
38: 30, 46
