0: 0, 26, 44, 49
1: 0, 26, 44, 49
2: 0, 26, 44, 49
3: 0, 26, 45, 49
4: 0, 26, 45, 48
5: 0, 26, 45, 48
6: 0, 26, 43, 49
7: 0, 26, 43, 50
8: 0, 26, 41, 50
9: 0, 26, 41, 50
10: 0, 26, 41, 48
11: 0, 26, 42, 48
12: 0, 26, 43, 47
13: 0, 26, 44, 48
14: 0, 26, 45, 48
15: 0, 26, 45, 48
16: 0, 26
17: 0, 26
18: 0, 26
19: 0, 26
20: 0, 26
21: 0, 7, 8, 26
22: 0, 6, 8, 26
23: 0, 3, 8, 26
24: 0, 3, 8, 26
25: 0, 5, 10, 26
26: 0, 5, 8, 26
27: 0, 3, 4, 5, 9, 26
28: 0, 3, 10, 26
29: 0, 3, 9, 26
30: 0, 4, 10, 26
31: 0, 4, 8, 26
32: 0, 4, 8, 26
33: 0, 4, 8, 26
34: 0, 4, 9, 26
35: 0, 4, 10, 26
36: 0, 4, 11, 26
37: 0, 4, 11, 26
38: 0, 4, 9, 10, 11, 26
