0: 0, 14
1: 0, 15
2: 0, 14
3: 0, 14
4: 0, 15
5: 0, 14
6: 0, 14
7: 0, 15
8: 0, 14
9: 0, 14
10: 0, 15
11: 0, 14
12: 0, 14, 36, 37
13: 0, 15, 33, 39, 45, 47
14: 0, 14, 30, 40, 41, 49
15: 0, 14, 24, 25, 30, 50
16: 1, 15, 17, 50
17: 2, 14, 16, 21, 22, 23, 24, 25, 28, 49
18: 3, 14, 30, 39, 40, 48
19: 3, 15, 29, 38
20: 3, 14, 27, 38
21: 3, 14, 26, 38
22: 2, 15, 26, 37
23: 1, 14, 25, 37
24: 0, 14, 25, 37
25: 0, 15, 26, 35
26: 0, 14
27: 0, 14
28: 0, 15
29: 0, 14
30: 0, 14
31: 0, 15
32: 0, 14
33: 0, 14
34: 0, 15
35: 0, 14
36: 0, 14
37: 0, 15
38: 0, 14
