0: 20, 29, 48, 50
1: 20, 30, 47, 50
2: 21, 29, 47, 49
3: 21, 29, 45, 48
4: 22, 29, 38, 39, 45, 48
5: 22, 30, 32, 33, 34, 40, 44, 47
6: 22, 40, 43, 46
7: 21, 41, 42, 45
8: 22, 44
9: 21, 34, 36, 43
10: 21, 35, 38, 43
11: 21, 34, 37, 42
12: 21, 34, 35, 40
13: 20, 38
14: 21, 37
15: 20, 35
16: 20, 34
17: 20, 32
18: 20, 29
19: 0, 1, 18, 27
20: 0, 3, 4, 5, 11, 12, 13, 26
21: 0, 28
22: 2, 28
23: 16, 28
24: 17, 29
25: 18, 29
26: 15, 29
27: 16, 29
28: 17, 30
29: 17, 30
30: 17, 30
31: 18, 29
32: 17, 29
33: 18, 30
34: 19, 27, 28, 31
35: 21, 26
36: 
37: 
38: 
