0: 0, 34
1: 0, 34
2: 0, 35
3: 0, 25, 27, 35, 51, 52
4: 0, 26, 27, 35, 51, 52
5: 0, 26, 28, 36, 50, 52
6: 0, 26, 28, 30, 31, 36, 50, 52
7: 0, 26, 28, 29, 30, 36, 49, 52
8: 0, 26, 29, 30, 31, 36, 49, 52
9: 0, 26, 31, 36, 48, 52
10: 0, 27, 31, 35, 47, 52
11: 0, 27, 34, 35, 47, 52
12: 0, 28, 47, 52
13: 0, 28, 47, 52
14: 0, 29, 47, 52
15: 0, 29, 47, 52
16: 0, 27, 47, 52
17: 0, 26, 47, 52
18: 0, 24, 47, 52
19: 0, 24, 47, 52
20: 0, 24, 47, 52
21: 0, 24, 47, 52
22: 0, 24, 47, 52
23: 0, 24, 47, 52
24: 0, 24, 46, 52
25: 0, 25, 46, 52
26: 0, 25, 46, 52
27: 0, 26, 45, 52
28: 0, 26, 45, 52
29: 0, 25, 45, 52
30: 0, 25, 44, 52
31: 0, 25, 44, 52
32: 0, 25, 43, 52
33: 0, 26, 32, 33, 42, 52
34: 0, 29, 30, 38, 39, 52
35: 0, 52
36: 0, 52
37: 0, 52
38: 0, 52
