0: 0, 4, 18, 29, 49, 50
1: 2, 3, 17, 29
2: 0, 1, 16, 29
3: 0, 3, 14, 30
4: 0, 2, 15, 31
5: 17, 32
6: 19, 31
7: 20, 31
8: 4, 5, 21, 30
9: 3, 4, 10, 11, 21, 29
10: 0, 4, 10, 11, 23, 28
11: 0, 4, 10, 13, 23, 28
12: 0, 3, 10, 16, 24, 29, 34, 35
13: 0, 4, 10, 23, 24, 36
14: 0, 4, 9, 36, 49, 52
15: 0, 5, 8, 37, 42, 44, 48, 52
16: 0, 5, 8, 37, 40, 45, 46, 52
17: 0, 6, 7, 52
18: 0, 52
19: 0, 52
20: 0, 12, 13, 52
21: 0, 3, 6, 10, 14, 36, 38, 41, 45, 46, 47, 52
22: 0, 2, 7, 9, 14, 34, 39, 40, 48, 52
23: 0, 2, 14, 32, 39, 41, 50, 52
24: 14, 31, 39, 40, 51, 52
25: 13, 30
26: 13, 29
27: 15, 28
28: 17, 28
29: 17, 27
30: 16, 27
31: 16, 27
32: 15, 28
33: 14, 30
34: 15, 32, 49, 52
35: 16, 34, 47, 52
36: 16, 35, 45, 52
37: 14, 36, 43, 52
38: 12, 37, 42, 52
