0: 22, 39
1: 22, 39
2: 23, 39
3: 23, 38
4: 24, 37
5: 20, 22, 25, 36, 40, 41
6: 21, 25, 26, 35, 37, 41
7: 22, 23, 24, 37
8: 27, 35
9: 0, 1, 2, 3, 28, 34
10: 1, 3, 4, 6, 25, 36
11: 4, 5, 6, 7, 23, 25, 26, 27, 30, 39
12: 3, 8, 22, 23, 29, 34, 37, 40
13: 4, 8, 30, 35
14: 4, 8, 30, 34
15: 4, 7, 30, 34
16: 4, 7, 30, 34
17: 4, 8, 29, 35
18: 3, 8, 30, 35
19: 4, 8, 30, 36
20: 4, 7, 28, 35, 36, 37
21: 5, 7, 11, 16, 17, 18, 21, 22, 25, 26, 28, 34, 35, 36
22: 4, 7, 14, 15, 16, 36
23: 5, 7, 29, 34
24: 32, 34
25: 
26: 
27: 
28: 43, 44, 46, 48
29: 44, 48
30: 41, 46
31: 39, 45
32: 37, 42
33: 37, 40
34: 34, 40
35: 32, 39
36: 32, 39
37: 31, 39
38: 32, 39
