0: 19, 34
1: 20, 34
2: 20, 33
3: 20, 33
4: 20, 32
5: 21, 32
6: 21, 32
7: 22, 31
8: 22, 31
9: 22, 30, 38, 42
10: 18, 21, 22, 31, 35, 43
11: 17, 30, 32, 33, 34, 41
12: 17, 30, 31, 38, 39, 41
13: 16, 35
14: 14, 33
15: 12, 33
16: 8, 16, 18, 32
17: 10, 13, 18, 33
18: 10, 14, 17, 33
19: 10, 14, 18, 33
20: 10, 15, 19, 32
21: 9, 10, 11, 15, 20, 31
22: 9, 15, 20, 31
23: 9, 12, 13, 14, 21, 30
24: 11, 14, 21, 29
25: 10, 12, 13, 14, 21, 30
26: 11, 13, 14, 15, 21, 30
27: 10, 12, 21, 32
28: 22, 32
29: 22, 32
30: 22, 32
31: 23, 32
32: 22, 32
33: 21, 32
34: 22, 28, 29, 33
35: 22, 26
36: 23, 24
37: 
38: 
