0: 0, 7, 30, 31, 40, 52
1: 0, 8, 30, 31, 40, 52
2: 0, 8, 30, 31, 40, 52
3: 0, 9, 29, 30, 40, 52
4: 0, 10, 40, 52
5: 0, 10, 29, 30, 39, 52
6: 0, 10, 29, 30, 36, 37, 40, 52
7: 0, 11, 36, 37, 39, 52
8: 0, 11, 35, 36, 39, 52
9: 0, 12, 35, 36, 39, 52
10: 0, 12, 35, 36, 39, 52
11: 0, 13, 38, 52
12: 0, 13, 38, 52
13: 0, 12, 38, 52
14: 0, 12, 37, 52
15: 0, 14, 37, 52
16: 0, 15, 36, 52
17: 0, 15, 36, 52
18: 0, 15, 35, 52
19: 0, 15, 34, 52
20: 0, 16, 34, 52
21: 0, 16, 33, 52
22: 0, 18, 32, 52
23: 0, 19, 33, 52
24: 0, 18, 33, 52
25: 0, 17, 33, 52
26: 0, 18, 33, 52
27: 0, 17, 33, 52
28: 0, 18, 32, 52
29: 0, 17, 33, 52
30: 0, 18, 33, 52
31: 0, 16, 17, 18, 34, 52
32: 0, 16, 34, 52
33: 0, 16, 34, 52
34: 0, 17, 35, 52
35: 0, 18, 36, 52
36: 0, 15, 16, 17, 36, 52
37: 0, 15, 37, 52
38: 0, 15, 38, 52
