0: 4, 7, 19, 36
1: 4, 7, 20, 36
2: 4, 8, 21, 35
3: 4, 8, 22, 36
4: 3, 8, 23, 35
5: 3, 7, 23, 35
6: 3, 7, 24, 34
7: 2, 7, 25, 33
8: 2, 6, 25, 33
9: 2, 6, 26, 33
10: 1, 6, 26, 32
11: 1, 5, 25, 32
12: 1, 6, 23, 36
13: 1, 5, 23, 39
14: 1, 6, 22, 25, 26, 41, 51, 52
15: 0, 5, 23, 33, 37, 43, 47, 48, 49, 52
16: 1, 6, 23, 34, 40, 43, 44, 50
17: 1, 5, 24, 33, 39, 45
18: 0, 6, 24, 32, 36, 43
19: 1, 6, 24, 32, 33, 37
20: 1, 6, 24, 34
21: 1, 6, 23, 31
22: 1, 7, 22, 30
23: 1, 7, 20, 29
24: 1, 7, 16, 20, 23, 31
25: 2, 8, 14, 17, 20, 31
26: 2, 8, 11, 14, 21, 32
27: 2, 12, 22, 32
28: 3, 9, 22, 33
29: 3, 8, 23, 32
30: 2, 5, 24, 31
31: 25, 30
32: 
33: 
34: 
35: 
36: 
37: 
38: 
