0: 13, 37
1: 12, 39
2: 12, 41
3: 11, 42
4: 10, 44
5: 10, 45, 48, 49, 50, 51
6: 9, 46, 47, 48, 49, 50, 51, 52
7: 9, 47, 48, 49, 50, 51
8: 8, 47, 48, 50, 51, 52
9: 8, 48
10: 7, 47
11: 7, 29, 35, 36, 37, 48
12: 7, 27, 39, 47
13: 6, 26, 40, 42, 43, 44, 45, 46
14: 6, 25, 41, 43, 44, 45, 46, 47
15: 5, 24, 32, 33, 42, 43
16: 5, 24, 30, 36, 43, 44
17: 3, 23, 30, 37, 43, 44
18: 2, 3, 4, 23, 30, 38, 44, 45
19: 2, 23, 29, 39, 44, 45
20: 1, 23, 29, 39, 45, 46
21: 1, 23, 28, 40, 45, 46
22: 0, 13, 14, 22, 28, 40, 46, 47
23: 0, 14, 15, 22, 27, 40, 46, 47
24: 0, 14, 15, 25, 27, 40
25: 0, 15, 16, 40
26: 0, 40
27: 1, 40
28: 2, 40
29: 3, 40
30: 4, 40
31: 5, 39
32: 7, 39
33: 8, 39, 41, 42
34: 9, 39, 40, 41
35: 10, 41
36: 12, 40
37: 14, 39
38: 15, 39
