0: 9, 43
1: 8, 44
2: 9, 43
3: 9, 43
4: 8, 44
5: 9, 43
6: 9, 43
7: 8, 44
8: 9, 43
9: 9, 43
10: 8, 44
11: 9, 43
12: 9, 43
13: 8, 44
14: 9, 43
15: 9, 43
16: 8, 27, 28, 44
17: 9, 26, 28, 43
18: 9, 25, 28, 43
19: 8, 25, 29, 44
20: 9, 23, 29, 43
21: 9, 22, 31, 32, 33, 43
22: 8, 22, 32, 44
23: 9, 25, 30, 43
24: 9, 16, 18, 25, 30, 37, 39, 43
25: 8, 17, 32, 33, 34, 36, 37, 44
26: 9, 17, 18, 19, 38, 43
27: 9, 25, 31, 34, 35, 36, 37, 43
28: 8, 24, 32, 44
29: 9, 25, 31, 43
30: 9, 24, 31, 43
31: 8, 25, 28, 30, 31, 44
32: 9, 24, 29, 43
33: 9, 24, 30, 43
34: 8, 24, 30, 44
35: 9, 23, 30, 43
36: 9, 23, 31, 43
37: 8, 22, 32, 44
38: 9, 22, 32, 43
