0: 0, 15, 23, 35, 36, 37, 39, 52
1: 0, 15, 23, 34, 36, 37, 38, 52
2: 0, 16, 24, 34, 36, 37, 38, 52
3: 0, 14, 15, 16, 24, 32, 33, 34, 38, 52
4: 0, 15, 24, 32, 38, 52
5: 0, 15, 25, 32, 38, 52
6: 0, 15, 25, 31, 38, 52
7: 0, 15, 25, 30, 38, 52
8: 0, 15, 26, 29, 37, 52
9: 0, 15, 26, 29, 38, 52
10: 0, 16, 26, 28, 37, 52
11: 0, 14, 16, 17, 27, 28, 37, 52
12: 0, 15, 27, 28, 38, 52
13: 0, 14, 28, 29, 37, 52
14: 0, 15, 37, 52
15: 0, 14, 37, 52
16: 0, 14, 37, 52
17: 0, 13, 37, 52
18: 0, 12, 37, 52
19: 0, 13, 37, 52
20: 0, 12, 37, 52
21: 0, 13, 37, 52
22: 0, 13, 37, 52
23: 0, 9, 11, 12, 37, 52
24: 0, 9, 12, 13, 37, 52
25: 0, 9, 36, 52
26: 0, 8, 37, 52
27: 0, 9, 36, 52
28: 0, 10, 36, 52
29: 0, 10, 36, 52
30: 0, 10, 35, 52
31: 0, 11, 35, 52
32: 0, 10, 34, 52
33: 0, 11, 33, 52
34: 0, 11, 33, 52
35: 0, 12, 32, 52
36: 0, 2, 4, 12, 31, 52
37: 0, 1, 4, 13, 31, 52
38: 4, 14, 30, 52
