0: 0, 38
1: 0, 38
2: 0, 38
3: 0, 39
4: 0, 39
5: 0, 39
6: 0, 39, 40, 41
7: 0, 40
8: 0, 40
9: 0, 41
10: 0, 21, 26, 41
11: 0, 20, 28, 38, 39, 41
12: 0, 19, 30, 36, 37, 40, 47, 48
13: 0, 18, 31, 37, 46, 47
14: 0, 18, 33, 34, 35, 37, 45, 46
15: 0, 17, 34, 35, 36, 37, 45, 46
16: 0, 16
17: 0, 16
18: 0, 16, 43, 45
19: 0, 15, 41, 43, 44, 45
20: 0, 14, 40, 45, 46, 47
21: 0, 15, 39, 46, 47, 48
22: 0, 13, 38, 47
23: 0, 13, 14, 15, 38, 47
24: 0, 11, 12, 13, 37, 47
25: 0, 12, 37, 47
26: 0, 11, 12, 13, 36, 48
27: 0, 9, 10, 11, 36, 48, 49, 50
28: 0, 10, 11, 12, 36, 49, 50, 51
29: 0, 9, 10, 11, 35, 51
30: 0, 7, 8, 10, 11, 12, 35, 52
31: 0, 11, 13, 14, 15, 16, 17, 21, 22, 23, 25, 26, 35, 52
32: 0, 7, 8, 9, 10, 13, 14, 25, 26, 27, 34, 52
33: 0, 11, 12, 29, 34, 52
34: 0, 9, 10, 28, 33, 52
35: 0, 28, 33, 52
36: 0, 28, 32, 33, 34, 52
37: 0, 27, 33, 52
38: 0, 26, 32, 52
