0: 0, 1, 24, 41
1: 20, 41
2: 0, 1, 2, 3, 18, 40
3: 0, 7, 8, 9, 18, 41
4: 0, 15, 16, 40
5: 0, 29, 30, 40
6: 0, 27, 33, 40
7: 0, 27, 35, 36, 37, 39
8: 0, 26
9: 0, 26
10: 0, 25
11: 0, 25, 30, 32
12: 0, 25, 30, 34
13: 0, 24, 30, 35
14: 0, 22, 30, 38
15: 0, 19, 29, 41, 51, 52
16: 0, 17, 29, 41, 51, 52
17: 0, 16, 17, 18, 19, 20, 21, 22, 28, 39
18: 0, 22, 25, 39
19: 0, 21, 23, 38
20: 0, 38
21: 0, 38
22: 0, 38
23: 0, 38
24: 0, 38
25: 0, 38
26: 0, 36
27: 0, 36
28: 0, 36
29: 0, 38
30: 0, 39
31: 0, 40
32: 0, 41, 51, 52
33: 0, 41, 46, 47, 48, 52
34: 0, 41, 44, 45, 49, 52
35: 0, 40, 49, 52
36: 0, 40, 45, 52
37: 0, 42, 43, 52
38: 0, 52
