0: 
1: 
2: 
3: 
4: 
5: 
6: 16, 18
7: 17, 19
8: 16, 19
9: 17, 19
10: 16, 18
11: 16, 18, 19, 20
12: 15, 17, 18, 21
13: 13, 16, 18, 21
14: 8, 17, 18, 20
15: 7, 20
16: 6, 22
17: 6, 24
18: 6, 23
19: 6, 22
20: 0, 1, 2, 3, 4, 5, 6, 24, 26, 27, 28, 29, 30, 31, 32, 33, 34, 35, 36, 37, 38, 39, 40, 41, 42, 43, 44, 45, 46, 47, 48, 49, 50, 51
21: 1, 2, 3, 4, 5, 6, 7, 26, 27, 28, 29, 30, 31, 32, 33, 34, 35, 36, 37, 38, 39, 40, 41, 42, 43, 44, 45, 46, 47, 48, 49, 50
22: 8, 25
23: 11, 25
24: 11, 26
25: 11, 24, 25, 26
26: 11, 17, 30, 31
27: 12, 16, 17, 24
28: 12, 16, 17, 24, 28, 29
29: 12, 24, 28, 29
30: 12, 24, 27, 29
31: 13, 23, 26, 28
32: 12, 23, 24, 27
33: 13, 19, 22, 23, 24, 27
34: 13, 26
35: 14, 24
36: 15, 21
37: 14, 19
38: 15, 20
