0: 50, 52
1: 50, 52
2: 51, 52
3: 51, 52
4: 51, 52
5: 1, 2
6: 1, 3
7: 0, 4, 51, 52
8: 0, 1, 2, 3
9: 0, 4
10: 0, 3
11: 0, 3
12: 0, 2
13: 0, 2
14: 0, 1
15: 0, 1
16: 
17: 
18: 47, 48, 49, 50
19: 46, 52
20: 0, 1, 2, 3, 4, 5, 6, 7, 8, 9, 10, 11, 12, 13, 14, 15, 16, 17, 18, 19, 20, 21, 22, 23, 24, 25, 26, 27, 28, 29, 30, 31, 32, 33, 34, 35, 36, 37, 46, 48, 49, 52
21: 1, 2, 3, 4, 5, 6, 7, 8, 9, 10, 11, 12, 13, 14, 15, 16, 17, 18, 19, 20, 21, 22, 23, 24, 25, 26, 27, 28, 29, 30, 31, 32, 33, 34, 35, 36, 37, 38, 46, 48
22: 45, 47
23: 45, 47
24: 45, 47
25: 
26: 
27: 
28: 
29: 51, 52
30: 51, 52
31: 
32: 
33: 
34: 
35: 
36: 
37: 
38: 
