0: 12, 29
1: 10, 27
2: 10, 26
3: 9, 25
4: 8, 24, 44, 45
5: 7, 23, 45, 46
6: 6, 23, 46, 47
7: 6, 23, 46, 48
8: 5, 23, 33, 35, 47, 48
9: 5, 22, 32, 36, 47, 49
10: 4, 22, 31, 37, 48, 50
11: 4, 22, 31, 37, 48, 51
12: 3, 23, 32, 36, 48, 51
13: 3, 22, 33, 35, 49, 52
14: 3, 23, 49, 52
15: 3, 23, 49, 52
16: 2, 23, 49, 52
17: 3, 24, 50, 52
18: 2, 25, 49, 52
19: 2, 26, 50, 52
20: 2, 27, 49, 52
21: 3, 28, 50, 52
22: 2, 28, 49, 52
23: 3, 28, 49, 52
24: 3, 29, 49, 52
25: 3, 16, 19, 29, 49, 52
26: 3, 15, 20, 29, 49, 52
27: 0, 1, 4, 15, 21, 29, 48, 52
28: 0, 2, 4, 14, 21, 30, 48, 52
29: 0, 3, 4, 15, 20, 29, 47, 52
30: 0, 3, 5, 15, 20, 29, 47, 52
31: 0, 4, 6, 29, 46, 52
32: 0, 5, 6, 28, 46, 52
33: 0, 6, 7, 28, 45, 52
34: 0, 7, 8, 28, 44, 52
35: 0, 26, 43, 52
36: 0, 26, 42, 52
37: 0, 24, 41, 52
38: 0, 23, 40, 52
