0: 19, 35
1: 19, 32, 33, 35
2: 20, 35
3: 20, 31, 33, 34
4: 20, 34
5: 20, 31, 32, 34
6: 21, 34
7: 12, 16, 22, 30, 31, 33
8: 0, 1, 11, 18, 21, 30, 31, 33
9: 10, 15, 16, 20, 22, 33
10: 9, 13, 17, 21, 22, 32, 51, 52
11: 3, 5, 10, 11, 18, 32, 48, 49
12: 2, 4, 15, 16, 17, 32, 48, 51
13: 1, 3, 7, 8, 14, 16, 17, 32, 34, 35, 44, 46, 49, 52
14: 1, 4, 6, 8, 11, 12, 13, 15, 16, 33, 35, 37, 45, 48, 50, 52
15: 0, 2, 5, 8, 10, 12, 13, 15, 16, 18, 19, 34, 35, 39, 41, 43, 46, 49
16: 0, 2, 5, 7, 9, 11, 12, 14, 16, 18, 19, 31, 32, 35, 36, 40, 42, 44, 47, 49, 50, 52
17: 1, 3, 4, 7, 8, 11, 12, 32, 33, 35, 36, 38, 39, 42, 43, 46, 48, 51
18: 2, 5, 8, 13, 17, 18, 19, 34, 35, 36, 37, 42, 43, 46, 47, 49
19: 3, 5, 8, 11, 21, 31, 39, 42, 45, 48
20: 4, 8, 21, 30, 32, 33, 41, 44, 45, 46
21: 6, 7, 23, 29, 32, 34, 43, 46
22: 24, 27, 32, 34
23: 22, 29, 31, 35
24: 21, 29, 32, 34
25: 21, 35
26: 19, 31, 32, 34
27: 19, 31, 32, 34
28: 20, 34
29: 20, 35
30: 20, 35
31: 20, 34
32: 20, 33
33: 20, 30
34: 22, 30
35: 
36: 
37: 
38: 
