0: 
1: 
2: 7, 8, 9, 18, 19, 20, 21, 22
3: 3, 27
4: 0, 31
5: 0, 34
6: 0, 37
7: 0, 39
8: 0, 41
9: 0, 42
10: 0, 44
11: 0, 45, 46, 47
12: 0, 48
13: 0, 49
14: 0, 50
15: 0, 51
16: 0, 51
17: 0, 52
18: 0, 52
19: 0, 52
20: 0, 52
21: 0, 52
22: 10, 11, 12, 13, 14, 52
23: 21, 22, 23, 24, 25, 52
24: 26, 30, 31, 52
25: 26, 31, 35, 36, 37, 52
26: 23, 31, 40, 41, 42, 52
27: 20, 31, 45, 52
28: 15, 32, 49, 52
29: 15, 31
30: 13, 14, 16, 32
31: 11, 13, 16, 33
32: 11, 13, 16, 33
33: 11, 12, 16, 33
34: 10, 12, 17, 33
35: 11, 12, 18, 33
36: 10, 13, 19, 34
37: 11, 13, 21, 33
38: 10, 13, 23, 33
