0: 0, 10, 20, 52
1: 0, 10, 21, 52
2: 0, 10, 20, 52
3: 0, 10, 20, 52
4: 0, 11, 20, 52
5: 0, 10, 20, 52
6: 0, 11, 20, 52
7: 0, 11, 20, 52
8: 0, 11, 20, 52
9: 0, 11, 19, 52
10: 0, 11, 20, 52
11: 0, 11, 19, 52
12: 0, 12, 19, 52
13: 0, 12, 18, 52
14: 0, 12, 19, 52
15: 0, 12, 18, 52
16: 0, 13, 19, 52
17: 0, 13, 19, 52
18: 0, 14, 19, 52
19: 0, 13, 19, 52
20: 0, 13, 18, 52
21: 0, 12, 19, 52
22: 0, 13, 18, 52
23: 0, 14, 18, 52
24: 0, 14, 17, 52
25: 0, 15, 18, 52
26: 0, 14, 19, 52
27: 0, 14, 19, 52
28: 0, 13, 19, 52
29: 0, 13, 19, 52
30: 0, 13, 18, 52
31: 0, 52
32: 0, 52
33: 0, 52
34: 0, 52
35: 0, 52
36: 0, 52
37: 0, 52
38: 0, 52
