0: 20, 26, 32, 52
1: 20, 26, 32, 52
2: 21, 26, 32, 52
3: 21, 26, 31, 52
4: 21, 26, 32, 52
5: 21, 26, 32, 52
6: 20, 26, 33, 52
7: 20, 26, 34, 52
8: 20, 23, 24, 26, 36, 52
9: 20, 26, 37, 52
10: 21, 26, 32, 33, 37, 52
11: 19, 26, 33, 35, 37, 52
12: 20, 26, 33, 52
13: 21, 26, 32, 52
14: 22, 26, 32, 52
15: 22, 26, 32, 52
16: 23, 26, 32, 52
17: 24, 26, 29, 30, 31, 52
18: 23, 26, 31, 32, 33, 52
19: 22, 23, 24, 26, 31, 32, 33, 52
20: 23, 26, 32, 33, 34, 52
21: 22, 26, 33, 52
22: 22, 26, 33, 52
23: 22, 26, 32, 52
24: 23, 26, 32, 52
25: 23, 26, 33, 52
26: 22, 26, 31, 32, 33, 52
27: 26, 27, 28, 52
28: 26, 52
29: 26, 52
30: 26, 52
31: 26, 52
32: 26, 52
33: 26, 52
34: 26, 52
35: 26, 52
36: 26, 52
37: 26, 52
38: 26, 52
