0: 0, 23
1: 0, 22
2: 0, 23
3: 0, 22
4: 0, 23
5: 0, 23
6: 0, 22
7: 0, 23
8: 0, 22
9: 0, 23
10: 0, 23
11: 0, 22
12: 0, 23
13: 0, 22
14: 0, 23
15: 0, 5, 7, 23
16: 0, 4, 10, 22, 36, 41
17: 0, 3, 10, 23, 35, 42
18: 0, 2, 11, 22, 33, 45
19: 0, 2, 11, 23, 32, 46
20: 0, 2, 11, 23, 34, 44, 45, 46
21: 0, 2, 11, 22, 35, 42
22: 0, 3, 10, 23, 36, 42
23: 0, 4, 9, 23, 38, 39
24: 0, 6, 7, 22
25: 0, 23
26: 0, 22
27: 0, 23
28: 0, 23
29: 0, 22
30: 0, 23
31: 0, 23
32: 0, 22
33: 0, 23
34: 0, 22
35: 0, 23
36: 0, 23
37: 0, 22
38: 0, 23
