0: 20, 35
1: 20, 36
2: 19, 37
3: 19, 39
4: 18, 39
5: 18, 22, 23, 40
6: 25, 40
7: 24, 40
8: 24, 39
9: 23, 37
10: 23, 37
11: 23, 36
12: 22, 37
13: 22, 38
14: 22, 38
15: 21, 40
16: 21, 40
17: 22, 34, 35, 40
18: 23, 34, 36, 42
19: 22, 24, 25, 31, 32, 33, 37, 42
20: 23, 32, 37, 42
21: 22, 34, 37, 41
22: 22, 34, 37, 41
23: 20, 34, 37, 40
24: 19, 34, 37, 40
25: 19, 33, 37, 40
26: 18, 34, 37, 40
27: 18, 33, 38, 39
28: 19, 33, 38, 39
29: 19, 33, 38, 39
30: 19, 32, 38, 39
31: 19, 32
32: 18, 30
33: 19, 28
34: 22, 23
35: 
36: 
37: 
38: 
