0: 32, 52
1: 32, 51
2: 27, 29, 32, 51
3: 27, 30, 33, 51
4: 3, 5, 27, 30, 33, 50
5: 3, 6, 28, 31, 33, 50
6: 2, 7, 29, 50
7: 2, 8, 29, 49
8: 1, 9, 30, 50
9: 1, 9, 31, 49
10: 0, 10, 31, 49
11: 0, 11, 32, 49
12: 0, 12, 33, 49
13: 0, 16, 32, 49
14: 0, 17, 24, 25, 27, 49
15: 0, 48
16: 0, 48
17: 0, 48
18: 0, 12, 15, 16, 23, 24, 25, 26, 28, 30, 33, 48
19: 0, 12, 32, 48
20: 0, 11, 33, 48, 51, 52
21: 0, 10, 33, 48, 51, 52
22: 1, 9, 34, 49, 50, 52
23: 1, 9, 32, 47, 49, 52
24: 2, 8, 31, 47, 48, 52
25: 2, 7, 30, 52
26: 3, 6, 30, 52
27: 4, 5, 30, 52
28: 30, 52
29: 29, 30, 31, 52
30: 29, 32, 33, 52
31: 30, 32, 33, 52
32: 32, 52
33: 31, 32, 34, 52
34: 32, 52
35: 27, 29, 30, 52
36: 26, 27, 31, 52
37: 26, 27, 30, 52
38: 25, 26, 29, 52
