0: 24, 36
1: 15, 16, 17, 18, 19, 20, 24, 36
2: 10, 11, 12, 19, 24, 37
3: 8, 19, 23, 37
4: 8, 9, 10, 19, 24, 37
5: 9, 20, 22, 38
6: 9, 20, 22, 37
7: 9, 21, 23, 38
8: 9, 38
9: 9, 38
10: 9, 39
11: 9, 39
12: 9, 39
13: 9, 40
14: 10, 40
15: 10, 40
16: 10, 41
17: 10, 25, 27, 41
18: 11, 23, 28, 41
19: 10, 24, 29, 42
20: 11, 24, 29, 42
21: 11, 25, 30, 42
22: 11, 25, 30, 42
23: 12, 25, 31, 43
24: 12, 26, 31, 42, 43, 44
25: 12, 27, 31, 44
26: 12, 27, 32, 41, 44, 45
27: 12, 27, 33, 41, 43, 45
28: 13, 27, 33, 39, 45, 46
29: 13, 27, 34, 35, 44, 46, 48, 49
30: 14, 26, 33, 35, 44, 49
31: 14, 26, 33, 34, 43, 45, 46, 48
32: 15, 24, 34, 35, 44, 45, 46, 47, 48, 49
33: 16, 24, 33, 34, 46, 47
34: 15, 16, 17, 23, 34, 35
35: 13, 15, 16, 25, 33, 34, 35, 36
36: 14, 25
37: 16, 21
38: 15, 16, 17, 22
