0: 19, 20, 38, 52
1: 37, 52
2: 38, 52
3: 38, 52
4: 39, 52
5: 5, 6, 39, 52
6: 11, 12, 22, 23, 40, 52
7: 29, 30, 40, 51
8: 40, 51
9: 7, 8, 14, 15, 41, 50
10: 2, 3, 41, 49
11: 17, 18, 39, 40, 41, 49
12: 9, 10, 23, 24, 39, 41, 42, 49
13: 4, 5, 39, 41, 42, 48
14: 6, 7, 11, 12, 38, 41, 43, 48
15: 13, 14, 19, 20, 39, 48
16: 2, 3, 15, 16, 29, 30, 39, 50
17: 4, 5, 8, 9, 24, 25, 31, 32, 38, 49
18: 10, 11, 33, 34, 39, 49
19: 1, 2, 4, 5, 7, 8, 12, 13, 18, 19, 39, 48
20: 14, 15, 20, 21, 40, 48
21: 2, 3, 4, 6, 8, 9, 10, 11, 39, 48
22: 1, 2, 7, 8, 12, 13, 17, 18, 22, 23, 26, 27, 40, 46
23: 0, 1, 2, 8, 9, 10, 11, 12, 15, 16, 28, 29, 40, 46
24: 0, 11, 13, 14, 19, 20, 34, 35, 40, 47
25: 0, 13, 14, 15, 41, 48
26: 0, 14, 15, 16, 17, 18, 22, 23, 41, 49
27: 0, 15, 19, 20, 24, 25, 42, 49
28: 0, 16, 17, 18, 27, 28, 37, 38, 42, 49
29: 0, 17, 20, 21, 30, 31, 44, 50
30: 0, 17, 18, 19, 23, 24
31: 0, 18, 19, 20
32: 0, 18, 22, 23, 26, 27
33: 0, 18, 19, 20, 32, 33
34: 0, 19, 21, 22, 28, 29
35: 0, 18, 19, 20, 25, 26
36: 0, 19, 22, 23
37: 0, 19, 20, 21
38: 0, 19
