0: 0, 44
1: 0, 45
2: 0, 48
3: 0, 48
4: 0, 49
5: 0, 50
6: 0, 51
7: 0, 52
8: 0, 52
9: 0, 52
10: 0, 52
11: 0, 52
12: 0, 52
13: 0, 52
14: 0, 52
15: 8, 9, 10, 11, 12, 52
16: 19, 20, 21, 52
17: 25, 52
18: 26, 30, 31, 52
19: 25, 34, 36, 52
20: 15, 16, 17, 18, 19, 34, 40, 52
21: 15, 34, 44, 52
22: 16, 34, 47, 52
23: 11, 13, 19, 33, 50, 52
24: 10, 11, 19, 33, 34, 35
25: 9, 11, 17, 35
26: 9, 11, 18, 35
27: 8, 10, 21, 34
28: 9, 10, 21, 34
29: 8, 11, 22, 34
30: 9, 11, 23, 34
31: 9, 12, 23, 33
32: 8, 12, 24, 33
33: 8, 11, 25, 32
34: 7, 11, 25, 32
35: 7, 11, 24, 31
36: 7, 11, 24, 31
37: 7, 10, 23, 30
38: 6, 10, 23, 25, 26, 31
