0: 0, 23, 27, 52
1: 0, 22, 26, 52
2: 0, 22, 27, 52
3: 0, 23, 26, 52
4: 0, 22, 26, 52
5: 0, 2, 4, 23, 25, 52
6: 2, 3, 4, 23, 26, 27, 28, 52
7: 2, 23, 28, 52
8: 2, 23, 28, 52
9: 2, 23, 28, 52
10: 3, 23, 28, 52
11: 3, 23, 28, 52
12: 4, 23, 28, 52
13: 3, 23, 27, 52
14: 2, 23, 27, 51
15: 2, 22, 23, 24, 27, 49
16: 2, 22, 27, 49
17: 2, 23, 27, 48
18: 0, 21, 23, 24, 27, 49
19: 0, 21, 27, 50
20: 0, 21, 27, 51
21: 0, 21, 22, 23, 27, 52
22: 0, 21, 22, 24, 27, 52
23: 0, 21, 22, 24, 26, 52
24: 0, 21, 22, 52
25: 0, 52
26: 0, 20, 21, 52
27: 0, 52
28: 0, 52
29: 0, 52
30: 0, 52
31: 0, 52
32: 0, 52
33: 0, 52
34: 0, 52
35: 0, 52
36: 0, 52
37: 0, 52
38: 0, 52
