0: 0, 52
1: 0, 52
2: 0, 52
3: 0, 52
4: 0, 52
5: 0, 52
6: 0, 52
7: 0, 52
8: 0, 52
9: 0, 52
10: 0, 52
11: 0, 52
12: 0, 33, 34, 39, 40, 52
13: 0, 32, 35, 39, 40, 52
14: 0, 31, 36, 37, 39, 52
15: 0, 31, 38, 52
16: 0, 30, 38, 52
17: 0, 30, 39, 52
18: 0, 29, 40, 52
19: 0, 28, 40, 52
20: 0, 27, 37, 52
21: 0, 25, 35, 52
22: 0, 19, 33, 52
23: 0, 20, 33, 52
24: 0, 20, 31, 52
25: 0, 21, 31, 52
26: 0, 22, 30, 52
27: 0, 22, 29, 52
28: 0, 23, 29, 52
29: 0, 24, 29, 52
30: 0, 25, 26, 27, 28, 52
31: 0, 52
32: 0, 52
33: 0, 52
34: 0, 52
35: 0, 52
36: 0, 52
37: 0, 52
38: 0, 52
