0: 4, 6, 17, 36
1: 4, 7, 19, 35
2: 4, 8, 20, 35
3: 4, 7, 21, 36
4: 3, 8, 22, 35
5: 3, 7, 23, 35
6: 3, 7, 24, 34
7: 2, 6, 24, 33
8: 2, 6, 25, 33
9: 2, 6, 26, 33
10: 1, 6, 26, 32
11: 1, 5, 25, 32
12: 1, 6, 23, 36
13: 1, 5, 23, 39
14: 1, 5, 22, 25, 26, 41, 51, 52
15: 0, 5, 23, 33, 36, 37, 38, 42, 47, 48, 49, 52
16: 1, 5, 23, 33, 39, 43, 44, 50
17: 0, 6, 24, 33, 39, 45
18: 1, 5, 24, 32, 36, 43
19: 0, 6, 24, 32, 33, 37
20: 1, 6, 25, 34
21: 1, 6, 23, 31
22: 1, 6, 22, 30
23: 1, 7, 20, 29
24: 1, 7, 17, 21, 22, 31
25: 2, 8, 14, 18, 22, 31
26: 2, 8, 12, 15, 21, 32
27: 2, 12, 22, 33
28: 3, 10, 22, 33
29: 3, 8, 23, 32
30: 2, 6, 24, 32
31: 25, 30
32: 
33: 
34: 
35: 
36: 
37: 
38: 
