0: 19, 35
1: 19, 34
2: 20, 35
3: 20, 32, 33, 34
4: 20, 34
5: 7, 13, 21, 34
6: 10, 16, 21, 31, 32, 34
7: 11, 17, 21, 34
8: 15, 19, 22, 30, 31, 33
9: 16, 20, 22, 33
10: 17, 21, 22, 33
11: 19, 21, 22, 33
12: 19, 32, 33, 34, 39, 40
13: 0, 2, 12, 13, 18, 32, 33, 35, 39, 40, 51, 52
14: 0, 3, 4, 5, 12, 14, 17, 19, 20, 32, 33, 35, 38, 40, 44, 45, 48, 49, 50, 52
15: 0, 2, 4, 5, 8, 9, 12, 14, 16, 19, 20, 32, 33, 36, 38, 40, 43, 45, 47, 52
16: 0, 2, 4, 6, 8, 9, 12, 14, 17, 18, 19, 32, 34, 35, 38, 40, 42, 44, 46, 48, 50, 52
17: 0, 3, 4, 6, 7, 10, 12, 14, 15, 18, 19, 32, 33, 36, 37, 39, 42, 45, 46, 51
18: 2, 6, 8, 10, 12, 14, 15, 16, 17, 35, 36, 37, 38, 40, 42, 44, 46, 50
19: 3, 5, 8, 12, 21, 31, 40, 41, 42, 44, 46, 48
20: 5, 6, 7, 10, 21, 31, 33, 34, 41, 44, 45, 47
21: 5, 7, 23, 29, 33, 34, 44, 46
22: 24, 27, 28, 29, 32, 35
23: 22, 23, 24, 28, 32, 35
24: 22, 30, 32, 35
25: 21, 35
26: 20, 31, 32, 35
27: 19, 31, 32, 34
28: 20, 35
29: 20, 35
30: 21, 35
31: 20, 35
32: 20, 34
33: 21, 31, 32, 33
34: 21, 30
35: 24, 25, 27, 28
36: 
37: 
38: 
