0: 0, 24
1: 0, 23
2: 0, 23
3: 0, 22
4: 0, 21
5: 0, 20
6: 0, 19, 27, 34
7: 0, 18, 26, 36
8: 0, 17, 25, 37
9: 0, 16, 24, 37, 43, 44
10: 0, 16, 23, 38, 42, 44
11: 0, 15, 22, 37, 43, 44
12: 0, 13, 22, 38, 42, 44
13: 0, 13, 22, 37, 42, 44
14: 0, 13, 22, 38, 42, 43
15: 0, 13, 21, 37
16: 0, 14, 21, 38
17: 0, 15, 20, 37
18: 0, 17, 19, 38
19: 0, 16, 18, 37
20: 0, 15, 17, 37
21: 0, 14, 16, 36
22: 0, 13, 15, 35
23: 0, 14, 15, 33
24: 0, 32
25: 0, 30
26: 0, 30
27: 0, 29
28: 0, 30
29: 0, 31
30: 0, 33
31: 0, 35
32: 0, 35
33: 0, 36
34: 0, 36
35: 0, 37
36: 0, 37
37: 0, 38
38: 0, 38
