0: 1, 51
1: 1, 51
2: 1, 51
3: 1, 51
4: 1, 51
5: 1, 51
6: 1, 51
7: 1, 51
8: 1, 51
9: 1, 51
10: 1, 51
11: 1, 51
12: 1, 51
13: 1, 30, 31, 51
14: 1, 28, 33, 51
15: 1, 22, 23, 27, 34, 51
16: 1, 21, 34, 51
17: 1, 21, 34, 51
18: 1, 22, 32, 34, 35, 51
19: 1, 15, 22, 23, 32, 51
20: 1, 16, 18, 19, 22, 24, 33, 51
21: 1, 20, 23, 26, 35, 51
22: 1, 20, 24, 26, 36, 51
23: 1, 21, 25, 27, 36, 51
24: 1, 22, 33, 51
25: 1, 22, 33, 51
26: 1, 24, 34, 51
27: 1, 23, 35, 51
28: 1, 24, 36, 51
29: 1, 23, 36, 51
30: 1, 24, 37, 51
31: 1, 24, 38, 51
32: 1, 24, 38, 51
33: 1, 24, 32, 33, 38, 51
34: 1, 23, 29, 31, 32, 33, 38, 51
35: 1, 23, 29, 31, 32, 51
36: 1, 23, 30, 51
37: 1, 23, 30, 51
38: 1, 23, 31, 51
