0: 19, 33, 51, 52
1: 18, 33
2: 19, 34, 51, 52
3: 19, 33
4: 19, 33, 51, 52
5: 18, 33
6: 19, 34, 51, 52
7: 19, 33
8: 19, 33
9: 18, 33
10: 19, 33
11: 19, 34
12: 19, 33
13: 18, 33
14: 19, 33
15: 19, 33
16: 19, 34
17: 18, 33
18: 19, 33
19: 19, 25, 26, 33
20: 19, 25, 27, 33
21: 18, 24, 28, 34
22: 19, 22, 30, 33
23: 19, 23, 29, 33
24: 20, 23, 28, 29, 31, 32
25: 19, 20, 30, 31
26: 19, 25, 28, 34
27: 18, 25, 27, 33
28: 19, 25, 27, 33
29: 19, 24, 28, 33
30: 19, 24, 28, 34
31: 18, 24, 29, 33
32: 19, 23, 29, 33
33: 19, 22, 30, 33
34: 19, 22, 30, 33
35: 18, 22, 31, 34
36: 19, 22, 30, 33
37: 19, 23, 24, 25, 26, 27, 29, 33
38: 19, 23, 24, 28, 29, 33
