0: 5, 8, 30, 33
1: 5, 8, 30, 34
2: 5, 7, 30, 33, 51, 52
3: 5, 8, 30, 34, 50, 52
4: 5, 8, 30, 33, 51, 52
5: 4, 8, 31, 33, 51, 52
6: 5, 9, 14, 17, 19, 20, 21, 23, 24, 25, 26, 27, 31, 33
7: 5, 9, 11, 28, 31, 33, 34, 35, 50, 52
8: 6, 8, 9, 34, 38, 39, 51, 52
9: 6, 35
10: 6, 34, 35, 36, 44, 47, 50, 52
11: 6, 34, 36, 38, 45, 47, 50, 52
12: 6, 36, 38, 39
13: 6, 34, 36, 38, 39, 40
14: 7, 33, 35, 36, 38, 39, 40, 42
15: 7, 33, 39, 40, 41, 44
16: 8, 36, 38, 39, 42, 43, 44, 46, 47, 48
17: 8, 32, 36, 38, 39, 40, 43, 44, 45, 47, 48, 49
18: 10, 33, 40, 41, 44, 45, 46, 48, 50, 51
19: 10, 31, 33, 35, 41, 43, 44, 45, 47, 49
20: 10, 32, 34, 35, 36, 37, 38, 39, 40, 41, 44, 45, 48, 49
21: 10, 31, 32, 33, 34, 35, 37, 38, 44, 45, 49, 50
22: 10, 31, 32, 33, 38, 39, 40, 41, 44, 45
23: 11, 32, 33, 35, 39, 40
24: 11, 32, 33, 34, 36, 37, 39, 40, 41, 42
25: 13, 32, 36, 37, 40, 41
26: 14, 32, 37, 39
27: 18, 31, 32, 33, 40, 41
28: 19, 31, 33, 34, 38, 39
29: 15, 16, 19, 31
30: 19, 30
31: 20, 31, 42, 43, 46, 47
32: 21, 29
33: 13, 14, 21, 28
34: 26, 27
35: 
36: 
37: 
38: 
