0: 24, 27, 30, 52
1: 25, 28, 31, 52
2: 26, 29, 33, 49
3: 26, 29, 34, 50, 51, 52
4: 27, 30, 34, 52
5: 27, 31, 34, 52
6: 28, 31, 33, 50
7: 28, 31, 33, 51
8: 27, 31, 32, 50
9: 27, 41, 42, 51
10: 27, 41, 42, 51
11: 27, 40, 42, 50
12: 27, 40, 43, 45
13: 27, 39
14: 27, 40, 47, 48, 49, 50
15: 24, 29, 30, 50
16: 23, 28, 30, 50
17: 23, 28, 30, 50
18: 23, 28, 30, 48
19: 24, 29, 30, 48
20: 25, 26, 27, 46
21: 26, 45
22: 26, 46
23: 23, 45
24: 22, 44
25: 19, 40
26: 18, 37
27: 16, 37
28: 16, 36, 41, 43, 44, 45
29: 17, 22, 23, 37, 39, 44
30: 16, 22, 26, 42
31: 17, 23, 27, 40
32: 18, 19, 20, 21, 28, 39
33: 29, 37
34: 
35: 
36: 
37: 
38: 
