0: 0, 52
1: 0, 52
2: 0, 52
3: 0, 31, 35, 52
4: 0, 28, 37, 52
5: 0, 25, 38, 52
6: 0, 25, 37, 52
7: 0, 23, 38, 52
8: 0, 21, 37, 52
9: 0, 20, 37, 52
10: 0, 18, 28, 29, 37, 52
11: 0, 17, 28, 31, 37, 52
12: 0, 18, 27, 34, 35, 52
13: 0, 17, 22, 23, 25, 27, 28, 52
14: 0, 17, 21, 24, 26, 52
15: 0, 19, 21, 25, 26, 52
16: 0, 19, 20, 52
17: 0, 52
18: 0, 52
19: 0, 52
20: 0, 52
21: 0, 52
22: 0, 52
23: 0, 52
24: 0, 52
25: 0, 52
26: 0, 52
27: 0, 52
28: 0, 52
29: 0, 52
30: 0, 52
31: 0, 52
32: 0, 52
33: 0, 52
34: 0, 52
35: 0, 52
36: 0, 52
37: 0, 52
38: 0, 52
