0: 0, 17, 31, 37
1: 0, 16, 30, 36
2: 0, 17, 29, 36
3: 0, 17, 29, 35
4: 0, 17, 29, 34
5: 0, 16, 27, 28, 29, 35
6: 0, 15, 27, 29, 30, 34
7: 0, 14, 27, 28, 30, 34
8: 0, 13, 28, 29, 30, 33
9: 0, 13, 28, 29, 30, 34
10: 0, 11, 31, 34
11: 0, 9
12: 0, 9, 18, 19
13: 0, 9, 17, 19, 51, 52
14: 0, 8, 13, 14, 17, 19, 51, 52
15: 0, 8, 12, 13, 16, 19, 50, 52
16: 0, 8, 16, 20, 50, 52
17: 0, 7, 16, 20, 29, 30, 47, 52
18: 0, 6, 15, 22, 29, 30, 42, 52
19: 0, 6, 10, 11, 16, 17, 18, 19, 20, 23, 28, 31, 40, 52
20: 0, 6, 10, 24, 30, 32, 39, 52
21: 0, 22, 31, 33, 37, 52
22: 0, 20, 32, 34, 37, 52
23: 0, 20, 32, 35, 36, 52
24: 0, 20, 32, 52
25: 0, 18, 32, 52
26: 0, 17, 32, 52
27: 0, 17, 31, 52
28: 0, 17, 31, 52
29: 0, 17, 30, 52
30: 0, 17, 30, 52
31: 0, 18, 30, 52
32: 0, 19, 29, 52
33: 0, 20, 28, 52
34: 0, 20, 26, 52
35: 0, 20, 25, 52
36: 0, 21, 24, 52
37: 0, 52
38: 0, 52
