0: 0, 2, 17, 29, 44, 52
1: 0, 3, 16, 17, 18, 26, 27, 29, 44, 52
2: 0, 3, 18, 26, 28, 29, 43, 52
3: 0, 3, 19, 25, 43, 52
4: 0, 3, 17, 26, 43, 52
5: 0, 3, 16, 25, 42, 52
6: 0, 4, 15, 23, 42, 52
7: 0, 3, 14, 15, 16, 23, 41, 52
8: 0, 2, 13, 15, 16, 23, 41, 52
9: 0, 2, 14, 15, 16, 22, 40, 52
10: 13, 15, 17, 22, 40, 41, 42, 43, 45, 46, 47, 52
11: 14, 15, 17, 22, 47, 52
12: 14, 21, 48, 52
13: 2, 3, 16, 20, 47, 52
14: 0, 3, 18, 20, 46, 52
15: 1, 2, 44, 52
16: 1, 2, 44, 52
17: 1, 2, 4, 6, 42, 52
18: 0, 1, 4, 5, 42, 52
19: 0, 1, 3, 6, 40, 52
20: 3, 7, 39, 52
21: 6, 8, 14, 15, 16, 17, 38, 52
22: 2, 10, 16, 17, 37, 52
23: 0, 8, 16, 18, 27, 28, 35, 52
24: 0, 7, 18, 19, 23, 52
25: 0, 7, 18, 19, 21, 52
26: 0, 6, 18, 52
27: 0, 5, 18, 52
28: 0, 4, 17, 52
29: 0, 4, 17, 52
30: 0, 4, 16, 52
31: 0, 4, 16, 52
32: 0, 4, 15, 52
33: 0, 5, 15, 52
34: 0, 6, 14, 52
35: 0, 7, 13, 52
36: 0, 7, 11, 52
37: 0, 8, 9, 52
38: 0, 52
