0: 23, 43
1: 22, 43
2: 23, 43
3: 23, 43
4: 23, 43
5: 24, 43
6: 23, 43
7: 8, 9, 19, 43
8: 19, 43, 51, 52
9: 0, 1, 19, 44, 51, 52
10: 20, 44, 50, 52
11: 0, 3, 19, 43, 50, 52
12: 0, 8, 20, 44, 51, 52
13: 0, 8, 19, 44
14: 0, 9, 19, 44
15: 0, 8, 20, 44
16: 0, 9, 20, 45
17: 0, 9, 20, 44
18: 0, 9, 20, 44
19: 0, 10, 19, 43
20: 0, 11, 17, 18, 19, 45
21: 0, 12, 18, 46
22: 0, 10, 19, 46
23: 0, 10, 19, 45
24: 0, 10, 20, 46
25: 0, 9, 20, 45
26: 0, 9, 19, 46
27: 0, 8, 19, 45
28: 0, 9, 19, 45
29: 0, 9, 20, 47
30: 0, 8, 19, 48, 51, 52
31: 0, 8, 18, 49, 50, 52
32: 0, 9, 17, 49, 50, 52
33: 0, 12, 16, 52
34: 0, 13, 17, 52
35: 0, 13, 17, 52
36: 0, 14, 15, 52
37: 0, 52
38: 0, 52
