0: 0, 25, 38, 52
1: 0, 25, 37, 52
2: 0, 26, 38, 52
3: 0, 25, 37, 52
4: 0, 26, 37, 52
5: 0, 26, 37, 52
6: 0, 26, 37, 52
7: 0, 26, 37, 52
8: 0, 27, 37, 52
9: 0, 27, 37, 52
10: 0, 27, 37, 52
11: 0, 27, 36, 52
12: 0, 27, 36, 52
13: 0, 25, 26, 28, 36, 52
14: 0, 27, 36, 52
15: 0, 27, 35, 52
16: 0, 26, 36, 52
17: 0, 26, 38, 52
18: 0, 27, 38, 52
19: 0, 15, 17, 18, 19, 26, 38, 52
20: 0, 14, 23, 25, 37, 52
21: 0, 14, 38, 52
22: 0, 15, 39, 52
23: 0, 15, 39, 52
24: 0, 16, 21, 23, 38, 52
25: 0, 16, 18, 26, 37, 52
26: 0, 27, 35, 52
27: 0, 27, 34, 52
28: 0, 26, 35, 52
29: 0, 25, 35, 52
30: 0, 25, 36, 52
31: 0, 24, 35, 52
32: 0, 24, 36, 52
33: 0, 26, 35, 52
34: 0, 27, 34, 52
35: 0, 29, 33, 52
36: 0, 52
37: 0, 52
38: 0, 52
