0: 
1: 
2: 
3: 
4: 
5: 
6: 
7: 
8: 
9: 32, 33, 34, 37
10: 16, 22, 24, 38
11: 14, 39
12: 12, 39
13: 10, 11, 12, 40
14: 7, 41
15: 6, 41
16: 5, 42
17: 4, 20, 21, 22, 30, 43
18: 6, 7, 8, 13, 14, 15, 27, 34, 35, 44
19: 28, 34, 39, 40, 41, 44
20: 26, 27, 28, 34, 43, 44
21: 28, 34, 43, 45
22: 26, 27, 29, 34, 44, 45
23: 30, 34
24: 26, 27, 30, 33
25: 26, 27, 31, 33
26: 26, 27, 31, 35
27: 26, 27, 30, 33
28: 30, 33
29: 26, 28, 29, 32
30: 27, 28, 29, 33
31: 30, 31, 32, 33
32: 
33: 
34: 
35: 
36: 
37: 
38: 
