0: 8, 10, 11, 12, 17, 18, 23, 24, 25, 26, 27, 52
1: 8, 10, 11, 13, 16, 17, 19, 20, 21, 22, 25, 26, 27, 28, 29, 52
2: 8, 10, 11, 13, 18, 19, 23, 24, 25, 26, 27, 52
3: 6, 7, 8, 16, 17, 18, 22, 23, 24, 52
4: 5, 17, 19, 20, 23, 24, 25, 52
5: 2, 18, 21, 52
6: 2, 18, 20, 21, 23, 52
7: 3, 18, 19, 20, 21, 52
8: 3, 18, 21, 52
9: 4, 17, 18, 19, 20, 21, 22, 52
10: 5, 17, 19, 20, 21, 52
11: 5, 17, 19, 20, 21, 52
12: 6, 16, 17, 18, 20, 52
13: 6, 16, 19, 20, 21, 52
14: 3, 4, 7, 16, 17, 18, 20, 21, 22, 52
15: 4, 5, 7, 16, 19, 20, 21, 52
16: 3, 7, 8, 15, 16, 17, 18, 19, 20, 21, 22, 52
17: 2, 6, 8, 15, 17, 18, 19, 20, 21, 52
18: 1, 7, 8, 14, 15, 16, 19, 20, 21, 52
19: 0, 7, 8, 15, 17, 18, 19, 20, 21, 22, 23, 52
20: 0, 7, 8, 9, 10, 14, 15, 16, 17, 18, 19, 20, 21, 52
21: 1, 14, 15, 16, 18, 19, 20, 52
22: 2, 15, 16, 17, 19, 21, 22, 52
23: 2, 14, 17, 18, 19, 20, 21, 52
24: 3, 15, 16, 17, 18, 19, 20, 52
25: 3, 14, 15, 16, 17, 18, 19, 52
26: 3, 14, 15, 16, 17, 18, 19, 20, 21, 52
27: 4, 12, 16, 17, 18, 52
28: 4, 11, 13, 14, 15, 16, 18, 20, 21, 52
29: 4, 10, 12, 13, 14, 15, 17, 18, 19, 52
30: 3, 10, 16, 17, 18, 19, 20, 52
31: 4, 10, 11, 12, 13, 14, 15, 16, 18, 19, 20, 21, 22, 52
32: 2, 9, 18, 19, 20, 52
33: 2, 9, 12, 13, 15, 16, 17, 18, 20, 21, 22, 24, 25, 48, 49, 52
34: 2, 6, 19, 20, 21, 22, 23, 47, 48, 50, 51, 52
35: 1, 2, 18, 19, 21, 22, 23, 49, 50, 52
36: 20, 21, 23, 48, 49, 52
37: 21, 22, 23, 48, 49, 50, 51, 52
38: 22, 52
