0: 0, 52
1: 0, 52
2: 0, 52
3: 0, 52
4: 0, 52
5: 0, 52
6: 0, 52
7: 0, 52
8: 0, 52
9: 0, 52
10: 0, 52
11: 0, 38, 41, 42, 43, 52
12: 0, 36, 44, 52
13: 0, 34, 43, 52
14: 0, 32, 44, 52
15: 0, 30, 45, 52
16: 0, 29, 44, 52
17: 0, 28, 45, 52
18: 0, 28, 44, 52
19: 0, 26, 45, 52
20: 0, 25, 45, 52
21: 0, 24, 34, 35, 36, 37, 44, 52
22: 0, 23, 33, 40, 41, 42, 43, 52
23: 0, 22, 33, 52
24: 0, 21, 33, 52
25: 0, 21, 28, 29, 32, 33, 34, 52
26: 0, 21, 27, 31, 33, 52
27: 0, 22, 26, 52
28: 0, 22, 26, 52
29: 0, 22, 23, 24, 26, 52
30: 0, 24, 25, 52
31: 0, 52
32: 0, 52
33: 0, 52
34: 0, 52
35: 0, 52
36: 0, 52
37: 0, 52
38: 0, 52
