0: 0, 24, 25, 26, 27, 28, 49, 50
1: 0, 23, 24, 25, 48, 49
2: 0, 23
3: 0, 22, 47, 48
4: 0, 22, 43, 44, 45, 46, 47, 49
5: 0, 22, 42, 44, 45, 48
6: 0, 22, 41, 48, 49, 50
7: 0, 22, 41, 50
8: 0, 22, 41, 50
9: 0, 22, 41, 50
10: 0, 22, 23, 24, 41, 51
11: 0, 23, 40, 50
12: 0, 23, 41, 51
13: 0, 23, 24, 25, 40, 52
14: 0, 24, 25, 26, 40, 52
15: 0, 24, 33, 34, 41, 52
16: 0, 24, 25, 26, 33, 34, 35, 36, 40, 52
17: 0, 25, 26, 27, 32, 35, 36, 37, 40, 52
18: 0, 25, 31, 36, 41, 52
19: 0, 25, 26, 27, 30, 31, 32, 36, 40, 41, 42, 52
20: 0, 26, 31, 36, 41, 52
21: 0, 25, 26, 28, 30, 37, 40, 41, 42, 52
22: 0, 26, 30, 31, 32, 36, 37, 38, 41, 52
23: 0, 27, 28, 29, 30, 37, 39, 40, 41, 52
24: 0, 26, 27, 28, 29, 38, 41, 52
25: 0, 27, 28, 29, 30, 31, 32, 37, 38, 39, 40, 42, 43, 52
26: 0, 26, 27, 28, 29, 38, 39, 40, 42, 52
27: 0, 27, 28, 39, 40, 52
28: 0, 30, 31, 39, 40, 41, 42, 52
29: 0, 27, 28, 32, 33, 40, 41, 52
30: 0, 30, 31, 52
31: 0, 28, 29, 52
32: 0, 52
33: 0, 52
34: 0, 52
35: 0, 52
36: 0, 52
37: 0, 52
38: 0, 52
