0: 0, 19, 32, 38, 40, 52
1: 0, 19, 33, 34, 35, 36, 39, 52
2: 0, 18, 19, 21, 33, 34, 38, 52
3: 0, 18, 19, 21, 29, 30, 38, 52
4: 0, 10, 11, 17, 19, 21, 29, 30, 37, 52
5: 0, 8, 14, 17, 18, 21, 28, 30, 37, 52
6: 0, 7, 15, 17, 18, 20, 36, 52
7: 0, 6, 18, 19, 36, 52
8: 0, 6, 34, 35, 36, 52
9: 0, 5, 35, 52
10: 0, 5, 34, 52
11: 0, 5, 18, 19, 32, 52
12: 0, 6, 32, 52
13: 0, 7, 32, 52
14: 0, 7, 31, 52
15: 0, 9, 10, 11, 31, 52
16: 0, 12, 30, 52
17: 0, 12, 30, 52
18: 0, 13, 30, 52
19: 0, 18, 30, 52
20: 0, 18, 29, 52
21: 0, 17, 29, 52
22: 0, 16, 29, 52
23: 0, 15, 28, 52
24: 0, 15, 28, 52
25: 0, 15, 28, 52
26: 0, 16, 28, 52
27: 0, 17, 28, 52
28: 0, 17, 27, 52
29: 0, 17, 27, 52
30: 0, 16, 18, 19, 27, 52
31: 0, 16, 18, 19, 25, 52
32: 0, 20, 22, 52
33: 0, 20, 22, 52
34: 0, 19, 22, 52
35: 0, 19, 21, 52
36: 0, 19, 22, 52
37: 0, 19, 21, 52
38: 0, 19, 21, 52
