0: 18, 33
1: 18, 33
2: 18, 33
3: 18, 33
4: 18, 33
5: 19, 33
6: 19, 33
7: 19, 21, 22, 33
8: 19, 32
9: 19, 32
10: 20, 32
11: 20, 33
12: 20, 32
13: 20, 32
14: 20, 33, 50, 51
15: 0, 1, 20, 32, 36, 41, 49, 52
16: 0, 2, 7, 12, 13, 14, 15, 16, 20, 32, 35, 44, 49, 52
17: 0, 3, 9, 17, 20, 42, 43, 45, 46, 50
18: 0, 8, 11, 32, 34, 35, 39, 41, 43, 49
19: 2, 10, 11, 13, 21, 32, 41, 45, 46, 47
20: 4, 6, 7, 11, 22, 31, 43, 47
21: 5, 9, 23, 29, 33, 36
22: 22, 23, 25, 28, 33, 36
23: 22, 23, 24, 29, 33, 36
24: 22, 30, 32, 36
25: 21, 36
26: 21, 31, 32, 36
27: 19, 35
28: 20, 35
29: 21, 36
30: 21, 36
31: 20, 36
32: 21, 35
33: 21, 31, 33, 34
34: 22, 30
35: 
36: 
37: 
38: 
