0: 0, 14
1: 0, 14
2: 0, 13
3: 0, 14
4: 0, 13
5: 0, 14
6: 0, 13
7: 0, 14
8: 0, 13, 47, 48
9: 0, 14, 46, 50
10: 0, 13, 38, 39, 43, 50
11: 0, 14, 37, 40, 42, 50
12: 0, 14, 36, 49
13: 0, 13, 34, 48
14: 0, 14, 28, 29, 33, 44
15: 0, 13, 27, 28, 31, 41
16: 1, 14, 27, 28, 29, 32, 33, 34, 36, 41
17: 1, 13, 25, 29, 34, 36, 37, 40
18: 2, 14, 23, 26, 35, 39
19: 2, 13, 23, 24, 35, 39
20: 2, 14, 36, 39
21: 2, 13, 36, 39, 40, 41
22: 1, 14, 35, 39, 40, 41
23: 0, 14, 35, 40
24: 0, 13, 34, 39
25: 0, 14, 34, 36
26: 0, 13, 35, 36
27: 0, 14
28: 0, 13
29: 0, 14
30: 0, 14
31: 0, 13
32: 0, 14
33: 0, 13
34: 0, 14
35: 0, 13
36: 0, 14
37: 0, 13
38: 0, 14
