0: 2, 4, 7, 12, 16, 32
1: 9, 14, 16, 31
2: 11, 31
3: 13, 30
4: 15, 30
5: 17, 30, 37, 42
6: 17, 29, 32, 39, 40, 41
7: 18, 35
8: 17, 31
9: 18, 28
10: 17, 29, 41, 42
11: 14, 31
12: 11, 15, 17, 18, 19, 27, 29, 33
13: 8, 12, 19, 27, 30, 37
14: 6, 9, 18, 26, 32, 37
15: 17, 27, 33, 37
16: 17, 27, 32, 38
17: 17, 27, 28, 35, 37, 40, 46, 47
18: 17, 26, 27, 33, 39, 41, 45, 46
19: 17, 30, 40, 43, 45, 46
20: 17, 29, 42, 44, 45, 47
21: 17, 30, 43, 46
22: 17, 29, 45, 46
23: 18, 28
24: 18, 27
25: 20, 27
26: 21, 25, 50, 51
27: 19, 20, 21, 25, 26, 27
28: 18, 28, 51, 52
29: 18, 28
30: 18, 28, 51, 52
31: 18, 28, 29, 30, 49, 50
32: 19, 30, 51, 52
33: 19, 30, 50, 52
34: 20, 30, 49, 50
35: 21, 26, 27, 31, 50, 52
36: 23, 24, 28, 31, 47, 48, 49, 51
37: 28, 30, 49, 50, 51, 52
38: 29, 30, 48, 52
