0: 6, 14, 46, 52
1: 5, 14, 47, 52
2: 4, 13, 48, 52
3: 3, 13, 25, 27, 28, 29, 48, 52
4: 3, 13, 25, 29, 49, 52
5: 2, 13, 23, 30, 50, 52
6: 2, 13, 24, 30, 50, 52
7: 1, 13, 23, 30, 51, 52
8: 0, 13, 24, 29, 51, 52
9: 0, 13, 26, 28
10: 0, 14
11: 0, 14
12: 0, 15
13: 0, 15
14: 0, 16
15: 0, 17
16: 0, 18
17: 0, 19
18: 0, 21
19: 0, 24, 25, 26
20: 0, 29
21: 0, 31
22: 0, 33
23: 0, 34
24: 0, 35
25: 0, 36
26: 0, 36
27: 0, 38
28: 0, 37
29: 0, 23, 26, 38
30: 0, 22, 28, 38
31: 1, 22, 29, 39, 51, 52
32: 1, 21, 29, 38, 50, 52
33: 2, 21, 28, 39, 50, 52
34: 3, 22, 29, 38, 49, 52
35: 3, 23, 27, 39, 49, 52
36: 4, 38, 48, 52
37: 5, 38, 47, 52
38: 6, 37, 46, 52
