0: 0, 11, 12, 23, 38, 52
1: 0, 12, 13, 23, 37, 38, 39, 52
2: 0, 12, 14, 23, 38, 52
3: 0, 13, 14, 22, 38, 52
4: 0, 14, 15, 22, 37, 52
5: 0, 14, 16, 22, 38, 52
6: 0, 15, 16, 22, 37, 52
7: 0, 15, 16, 23, 37, 52
8: 0, 15, 17, 22, 36, 52
9: 0, 16, 17, 23, 37, 52
10: 0, 16, 17, 24, 36, 52
11: 0, 17, 18, 23, 36, 52
12: 0, 16, 18, 24, 37, 52
13: 0, 17, 18, 25, 38, 52
14: 0, 17, 18, 24, 39, 52
15: 0, 17, 18, 23, 40, 52
16: 0, 17, 18, 22, 41, 52
17: 0, 17, 18, 20, 25, 27, 40, 52
18: 0, 17, 24, 26, 41, 52
19: 0, 18, 23, 25, 40, 52
20: 0, 17, 20, 26, 40, 44, 45, 52
21: 0, 17, 21, 26, 42, 43, 44, 52
22: 0, 17, 20, 27, 45, 52
23: 0, 17, 20, 27, 38, 40, 43, 52
24: 0, 17, 20, 28, 39, 52
25: 0, 16, 20, 29, 39, 52
26: 0, 17, 20, 24, 25, 26, 28, 30, 33, 36, 40, 52
27: 0, 16, 19, 21, 27, 38, 41, 52
28: 0, 16, 20, 21, 28, 39, 42, 52
29: 0, 15, 28, 41, 43, 52
30: 0, 16, 29, 42, 43, 52
31: 0, 17, 18, 19, 29, 52
32: 0, 18, 28, 52
33: 0, 17, 28, 52
34: 0, 16, 26, 52
35: 0, 16, 26, 52
36: 0, 16, 26, 52
37: 0, 15, 26, 52
38: 0, 16, 26, 52
