0: 0, 5, 7, 8, 13, 43, 44, 52
1: 0, 4, 6, 7, 9, 10, 11, 42, 43, 44, 45, 52
2: 0, 3, 4, 5, 7, 8, 11, 12, 14, 15, 16, 42, 47, 52
3: 0, 2, 5, 6, 9, 12, 13, 14, 16, 17, 18, 38, 40, 41, 43, 44, 45, 52
4: 0, 1, 4, 5, 7, 10, 11, 12, 15, 16, 18, 40, 41, 42, 46, 52
5: 0, 3, 6, 11, 17, 35, 36, 39, 42, 43, 44, 52
6: 0, 12, 13, 14, 16, 28, 29, 30, 31, 32, 34, 39, 45, 52
7: 0, 12, 16, 27, 28, 29, 31, 33, 34, 40, 41, 43, 45, 52
8: 0, 13, 15, 27, 31, 32, 33, 40, 41, 44, 45, 52
9: 0, 12, 15, 26, 28, 29, 33, 40, 42, 44, 45, 52
10: 0, 11, 14, 26, 27, 29, 30, 41, 42, 43, 45, 52
11: 0, 10, 12, 13, 14, 26, 27, 30, 31, 41, 43, 44, 45, 52
12: 0, 11, 15, 26, 28, 30, 31, 41, 45, 52
13: 0, 11, 18, 27, 28, 30, 31, 39, 45, 52
14: 0, 11, 18, 27, 32, 38, 45, 52
15: 0, 8, 17, 27, 33, 39, 45, 52
16: 0, 6, 17, 27, 33, 40, 45, 52
17: 0, 4, 16, 27, 32, 41, 45, 52
18: 0, 2, 11, 12, 16, 27, 32, 41, 45, 52
19: 7, 8, 15, 28, 32, 42, 45, 52
20: 0, 1, 5, 10, 15, 28, 32, 41, 45, 52
21: 0, 11, 15, 28, 31, 38, 40, 41, 45, 52
22: 0, 11, 15, 29, 31, 38, 45, 52
23: 0, 12, 16, 28, 32, 37, 39, 40, 46, 52
24: 0, 12, 15, 27, 31, 33, 34, 42, 45, 47, 48, 49, 50, 52
25: 0, 12, 16, 27, 34, 42, 46, 52
26: 0, 11, 15, 27, 30, 31, 33, 41, 45, 52
27: 0, 12, 16, 27, 30, 31, 36, 42, 46, 52
28: 0, 12, 15, 27, 31, 34, 35, 43, 45, 52
29: 0, 13, 15, 27, 30, 44, 45, 52
30: 0, 27, 29, 52
31: 0, 52
32: 0, 52
33: 0, 52
34: 0, 52
35: 0, 52
36: 0, 52
37: 0, 52
38: 0, 52
