0: 0, 27, 47, 52
1: 0, 27, 46, 52
2: 0, 27, 47, 52
3: 0, 26, 46, 52
4: 0, 27, 37, 38, 46, 52
5: 0, 27, 46, 52
6: 0, 27, 46, 52
7: 0, 26, 46, 52
8: 0, 25, 45, 52
9: 0, 27, 45, 52
10: 0, 26, 44, 52
11: 0, 26, 44, 52
12: 0, 26, 44, 52
13: 0, 26, 44, 52
14: 0, 26, 43, 52
15: 0, 27, 43, 52
16: 0, 27, 43, 52
17: 0, 28, 43, 52
18: 0, 29, 43, 52
19: 0, 28, 43, 52
20: 0, 27, 44, 52
21: 0, 25, 43, 52
22: 0, 21, 23, 24, 44, 52
23: 0, 21, 44, 52
24: 0, 21, 29, 32, 44, 52
25: 0, 22, 28, 31, 45, 52
26: 0, 21, 28, 32, 45, 52
27: 0, 22, 27, 32, 45, 52
28: 0, 22, 26, 31, 45, 52
29: 0, 21, 24, 31, 45, 52
30: 0, 21, 23, 31, 45, 52
31: 0, 20, 24, 30, 44, 52
32: 0, 20, 23, 30, 32, 33, 43, 52
33: 0, 20, 23, 33, 42, 52
34: 0, 21, 22, 35, 41, 52
35: 0, 21, 23, 37, 39, 52
36: 0, 38, 39, 52
37: 0, 52
38: 0, 52
