0: 19, 33
1: 19, 33
2: 20, 32
3: 20, 32
4: 7, 12, 20, 32, 40, 45
5: 7, 8, 9, 10, 11, 14, 21, 31, 38, 43
6: 10, 16, 21, 31, 36, 40
7: 11, 12, 14, 17, 22, 31, 34, 41
8: 15, 19, 21, 30, 33, 37
9: 16, 20, 22, 30, 31, 35
10: 17, 21, 22, 30, 31, 34, 49, 50
11: 1, 2, 12, 13, 15, 16, 19, 33, 36, 37, 49, 51
12: 0, 2, 12, 13, 15, 16, 19, 33, 36, 37, 38, 40, 46, 47, 49, 51
13: 0, 2, 5, 6, 9, 10, 12, 13, 15, 17, 19, 33, 35, 37, 39, 40, 42, 43, 46, 47, 49, 52
14: 0, 2, 4, 6, 8, 9, 12, 14, 15, 17, 20, 32, 34, 37, 38, 40, 42, 43, 45, 47, 49, 51
15: 0, 2, 4, 6, 8, 10, 11, 14, 15, 18, 19, 33, 34, 37, 38, 41, 42, 44, 46, 48, 50, 52
16: 0, 2, 4, 6, 8, 10, 12, 14, 16, 18, 20, 33, 35, 36, 38, 40, 42, 45, 46, 48, 50, 52
17: 0, 1, 3, 6, 8, 10, 12, 14, 16, 18, 19, 40, 42, 44, 46, 51
18: 0, 3, 4, 6, 7, 10, 12, 15, 16, 32, 34, 35, 40, 44, 47, 49
19: 2, 5, 8, 10, 11, 12, 21, 31, 42, 45, 47, 48
20: 3, 5, 8, 11, 22, 31, 44, 47
21: 4, 9, 23, 29, 33, 35
22: 5, 6, 24, 28, 33, 35
23: 23, 24, 25, 28, 29, 30, 32, 36
24: 22, 30, 33, 36
25: 21, 31, 32, 36
26: 21, 32, 33, 36
27: 19, 32, 33, 35
28: 19, 35
29: 21, 36
30: 20, 36
31: 21, 35
32: 20, 35
33: 21, 33
34: 21, 31
35: 23, 30
36: 
37: 
38: 
