0: 12, 23
1: 9, 24
2: 7, 24
3: 5, 23
4: 5, 24, 46, 47
5: 5, 23, 48, 49
6: 6, 23
7: 7, 24, 28, 29
8: 9, 23
9: 12, 23
10: 13, 23
11: 15, 23
12: 8, 9, 16, 23
13: 17, 23
14: 17, 23, 28, 29, 43, 44
15: 17, 23
16: 2, 3, 16, 25, 26, 27
17: 16, 26, 27, 28, 34, 35
18: 6, 7, 16, 25, 27, 28
19: 6, 8, 17, 23, 26, 27, 35, 36
20: 5, 9, 17, 23
21: 5, 10, 17, 23
22: 5, 11, 17, 22
23: 5, 12, 17, 21
24: 5, 14, 16, 19, 45, 46
25: 5, 21, 42, 43
26: 6, 21
27: 6, 22
28: 6, 23
29: 7, 22, 27, 29
30: 8, 22
31: 7, 20
32: 9, 20
33: 8, 9, 10, 22
34: 11, 22
35: 13, 23
36: 15, 23
37: 
38: 27, 28
