0: 20, 22, 25, 37
1: 21, 37
2: 22, 38
3: 22, 38
4: 23, 36
5: 24, 36
6: 20, 24, 25, 35, 39, 40
7: 22, 23, 24, 34, 35, 39
8: 26, 35
9: 27, 33
10: 0, 1, 2, 3, 25, 34
11: 2, 5, 6, 7, 8, 9, 22, 25, 26, 27, 29, 36
12: 6, 8, 21, 22, 28, 33, 35, 38
13: 5, 10, 29, 33, 37, 38
14: 6, 9, 29, 33
15: 5, 9, 29, 33
16: 6, 9, 29, 33
17: 6, 8, 29, 34
18: 5, 10, 29, 34
19: 5, 9, 28, 34
20: 6, 9, 28, 34, 36, 37
21: 6, 8, 27, 36
22: 6, 8, 27, 34
23: 6, 9, 13, 14, 22, 28, 29, 33
24: 7, 8, 16, 18, 19, 23, 32, 33
25: 13, 17, 18, 19
26: 
27: 
28: 
29: 
30: 40, 42
31: 38, 40
32: 36, 39
33: 36, 37
34: 35, 37
35: 33, 35
36: 31, 35
37: 28, 33
38: 27, 32
