0: 0, 52
1: 0, 52
2: 0, 52
3: 0, 52
4: 0, 52
5: 0, 52
6: 0, 52
7: 0, 14, 15, 52
8: 0, 12, 16, 52
9: 0, 12, 16, 52
10: 0, 14, 17, 52
11: 0, 15, 19, 25, 26, 52
12: 0, 15, 19, 25, 27, 52
13: 0, 15, 19, 25, 29, 37, 38, 52
14: 0, 16, 19, 25, 32, 33, 41, 52
15: 0, 16, 20, 26, 42, 52
16: 0, 16, 20, 27, 43, 52
17: 0, 17, 20, 27, 43, 52
18: 0, 17, 21, 28, 43, 52
19: 0, 17, 21, 28, 43, 52
20: 0, 17, 22, 28, 43, 52
21: 0, 18, 23, 27, 38, 40, 43, 52
22: 0, 19, 24, 27, 38, 42, 43, 52
23: 0, 20, 24, 28, 37, 42, 44, 52
24: 0, 20, 25, 29, 37, 52
25: 0, 21, 26, 28, 38, 52
26: 0, 22, 38, 52
27: 0, 23, 39, 52
28: 0, 23, 35, 36, 39, 52
29: 0, 24, 35, 37, 39, 52
30: 0, 23, 35, 37, 40, 52
31: 0, 23, 35, 52
32: 0, 23, 36, 52
33: 0, 23, 36, 52
34: 0, 23, 37, 52
35: 0, 23, 37, 52
36: 0, 23, 38, 52
37: 0, 22, 38, 52
38: 0, 22, 38, 52
