0: 9, 10, 12, 34
1: 14, 34, 35, 36
2: 14, 16, 18, 34
3: 13, 16, 17, 33
4: 9, 10, 14, 16, 17, 34
5: 13, 16, 17, 32
6: 11, 12, 14, 16, 17, 33
7: 3, 9, 14, 32, 33, 34
8: 2, 11, 14, 16, 17, 33
9: 1, 13, 14, 32
10: 0, 32, 33, 34
11: 0, 33
12: 0, 6, 8, 32, 33, 34
13: 0, 5, 9, 33
14: 0, 4, 6, 7, 11, 32
15: 0, 2, 3, 4, 8, 9, 10, 31
16: 0, 1, 2, 3, 12, 13, 14, 31
17: 0, 2, 16, 30
18: 0, 1, 10, 11, 14, 15, 17, 31
19: 1, 2, 16, 30
20: 17, 30
21: 12, 13, 16, 30, 31, 32
22: 17, 30
23: 14, 15, 16, 30
24: 8, 9, 16, 29, 30, 31
25: 10, 11, 16, 30
26: 13, 29
27: 13, 29
28: 9, 10, 14, 31
29: 11, 12, 16, 31
30: 15, 34
31: 15, 30, 31, 32
32: 14, 17, 18, 29
33: 25, 26, 27, 30
34: 27, 29
35: 
36: 
37: 
38: 
