0: 0, 52
1: 0, 52
2: 0, 52
3: 0, 52
4: 0, 52
5: 0, 52
6: 0, 52
7: 0, 52
8: 0, 52
9: 0, 52
10: 0, 52
11: 0, 52
12: 0, 13, 14, 52
13: 0, 13, 15, 31, 34, 52
14: 0, 14, 17, 22, 24, 29, 36, 52
15: 0, 16, 18, 22, 36, 52
16: 0, 15, 19, 22, 37, 52
17: 0, 16, 19, 23, 37, 52
18: 0, 17, 20, 24, 34, 35, 37, 52
19: 0, 17, 20, 25, 33, 37, 38, 52
20: 0, 17, 20, 26, 34, 52
21: 0, 18, 22, 26, 34, 52
22: 0, 18, 24, 27, 35, 52
23: 0, 20, 25, 27, 36, 52
24: 0, 21, 37, 52
25: 0, 23, 33, 34, 37, 52
26: 0, 24, 33, 52
27: 0, 24, 34, 52
28: 0, 23, 34, 52
29: 0, 23, 35, 52
30: 0, 23, 36, 52
31: 0, 24, 36, 52
32: 0, 23, 36, 52
33: 0, 23, 37, 52
34: 0, 23, 37, 52
35: 0, 23, 28, 29, 38, 52
36: 0, 23, 33, 34, 38, 52
37: 0, 22, 32, 34, 38, 52
38: 0, 22, 33, 36, 37, 52
