0: 21, 27
1: 21, 25
2: 22, 24
3: 23, 25
4: 22, 24
5: 22, 24
6: 22, 25
7: 23, 25
8: 
9: 
10: 
11: 24, 25
12: 
13: 
14: 24, 25, 26, 27
15: 
16: 23, 24
17: 26, 27
18: 
19: 
20: 
21: 
22: 
23: 0, 1, 2, 4, 5, 6, 42, 43, 44, 46, 47, 49, 50, 52
24: 0, 8, 9, 10, 39, 52
25: 0, 13, 35, 52
26: 0, 14, 34, 52
27: 0, 14, 16, 17, 34, 52
28: 0, 14, 15, 16, 30, 31, 32, 34, 35, 52
29: 0, 14, 15, 17, 18, 19, 30, 31, 32, 34, 35, 52
30: 0, 16, 18, 20, 28, 29, 30, 52
31: 0, 20, 28, 30, 31, 52
32: 0, 21, 27, 30, 31, 52
33: 0, 21, 28, 52
34: 0, 21, 26, 52
35: 0, 21, 26, 52
36: 0, 21, 26, 52
37: 0, 21, 26, 52
38: 0, 21, 26, 52
