0: 0, 26, 42, 52
1: 0, 26, 42, 52
2: 0, 21, 22, 27, 42, 52
3: 0, 16, 17, 20, 22, 26, 42, 52
4: 0, 16, 18, 20, 23, 27, 42, 52
5: 0, 17, 18, 19, 23, 26, 42, 52
6: 0, 17, 24, 27, 42, 52
7: 0, 17, 24, 27, 43, 52
8: 0, 17, 25, 27, 42, 52
9: 0, 18, 26, 27, 42, 52
10: 0, 19, 42, 52
11: 0, 20, 42, 52
12: 0, 21, 41, 52
13: 0, 23, 41, 52
14: 0, 24, 40, 52
15: 0, 25, 40, 52
16: 0, 26, 40, 52
17: 0, 27, 39, 52
18: 0, 28, 39, 52
19: 0, 28, 39, 52
20: 0, 28, 39, 52
21: 0, 28, 38, 52
22: 0, 28, 39, 52
23: 0, 27, 39, 52
24: 0, 27, 38, 52
25: 0, 26, 39, 52
26: 0, 23, 38, 52
27: 0, 25, 38, 52
28: 0, 26, 38, 52
29: 0, 26, 38, 52
30: 0, 26, 37, 52
31: 0, 26, 37, 52
32: 0, 27, 36, 52
33: 0, 28, 30, 31, 32, 52
34: 0, 28, 29, 52
35: 0, 52
36: 0, 52
37: 0, 52
38: 0, 52
