0: 0, 1, 2, 13, 14, 15
1: 0, 18, 19, 20
2: 0, 22, 23, 24
3: 0, 26
4: 0, 29
5: 0, 31
6: 0, 34
7: 0, 36
8: 0, 38, 39, 40
9: 0, 44
10: 0, 45, 46, 47
11: 0, 48
12: 0, 49
13: 0, 50
14: 0, 51
15: 0, 52
16: 0, 52
17: 0, 52
18: 0, 52
19: 0, 2, 3, 52
20: 10, 11, 12, 52
21: 20, 21, 22, 52
22: 26, 52
23: 26, 30, 34, 52
24: 26, 32, 38, 52
25: 23, 24, 25, 32, 42, 52
26: 19, 32, 46, 52
27: 16, 32, 49, 52
28: 14, 32
29: 13, 32
30: 11, 13, 16, 33
31: 11, 12, 17, 34
32: 10, 12, 16, 34
33: 10, 12, 17, 33
34: 10, 12, 18, 33
35: 10, 12, 20, 34
36: 10, 13, 21, 33
37: 10, 13, 23, 33
38: 9, 13, 25, 32
