0: 0, 20, 45, 52
1: 0, 19, 44, 52
2: 0, 20, 44, 52
3: 0, 19, 43, 52
4: 0, 17, 18, 19, 43, 52
5: 0, 16, 42, 43, 45, 52
6: 0, 15, 42, 44, 45, 52
7: 0, 14, 22, 23, 24, 28, 42, 52
8: 0, 14, 21, 28, 42, 52
9: 0, 14, 20, 29, 41, 52
10: 0, 14, 20, 29, 42, 52
11: 0, 16, 20, 30, 42, 44, 45, 52
12: 0, 30, 44, 52
13: 0, 31, 45, 52
14: 0, 31, 45, 46, 47, 52
15: 0, 32, 44, 45, 47, 52
16: 0, 32, 47, 52
17: 0, 31, 46, 52
18: 0, 32, 47, 52
19: 0, 30, 46, 52
20: 0, 30, 46, 52
21: 0, 29, 46, 52
22: 0, 29, 46, 52
23: 0, 29, 46, 52
24: 0, 28, 45, 52
25: 0, 28, 45, 52
26: 0, 27, 45, 52
27: 0, 27, 44, 52
28: 0, 27, 44, 52
29: 0, 28, 44, 52
30: 0, 28, 44, 52
31: 0, 29, 43, 52
32: 0, 31, 43, 52
33: 0, 33, 41, 52
34: 0, 34, 39, 52
35: 0, 34, 38, 52
36: 0, 34, 38, 52
37: 0, 35, 36, 52
38: 0, 52
