0: 12, 26
1: 9, 10, 11, 26
2: 8, 26
3: 7, 25
4: 8, 26
5: 9, 25
6: 5, 6, 10, 26, 47, 49
7: 12, 25
8: 14, 26
9: 12, 13, 15, 25
10: 16, 25
11: 17, 25
12: 18, 25
13: 19, 25
14: 19, 25
15: 19, 26, 35, 36
16: 19, 27
17: 9, 10, 18, 30
18: 8, 12, 18, 24, 26, 28, 30, 31
19: 7, 12, 19, 26, 29, 30
20: 8, 14, 19, 25
21: 8, 15, 19, 25, 26, 27
22: 8, 15, 19, 24
23: 8, 17, 18, 22
24: 8, 21, 39, 40
25: 8, 23
26: 8, 23
27: 9, 24
28: 9, 24
29: 10, 24, 44, 45
30: 10, 23
31: 11, 22
32: 9, 10, 12, 24
33: 13, 23
34: 14, 24
35: 16, 25
36: 19, 24
37: 
38: 
