0: 1, 5, 11, 13, 22, 33, 38, 49
1: 2, 5, 11, 12, 22, 33, 38, 47, 51, 52
2: 0, 1, 3, 5, 10, 11, 21, 32, 38, 46
3: 0, 2, 20, 31, 39, 45
4: 0, 3, 19, 30, 38, 44
5: 0, 1, 18, 29, 38, 43
6: 15, 28, 41, 42
7: 14, 28
8: 16, 30
9: 3, 4, 17, 32
10: 1, 3, 18, 32
11: 0, 3, 19, 31
12: 0, 2, 9, 10, 19, 31
13: 0, 2, 9, 11, 20, 31
14: 0, 2, 8, 12, 20, 30, 51, 52
15: 0, 2, 8, 13, 21, 30, 50, 52
16: 0, 2, 7, 15, 21, 29, 36, 38, 45, 46, 50, 52
17: 0, 3, 6, 18, 22, 31, 32, 38, 44, 47, 49, 52
18: 0, 3, 5, 21, 22, 39, 43, 52
19: 0, 40, 41, 52
20: 0, 52
21: 0, 52
22: 0, 7, 9, 52
23: 0, 6, 9, 36, 44, 52
24: 0, 1, 3, 5, 10, 13, 17, 32, 33, 36, 46, 52
25: 17, 31, 34, 36, 48, 52
26: 17, 29, 34, 35, 49, 52
27: 16, 28, 35, 36, 50, 52
28: 16, 27, 50, 52
29: 15, 26, 51, 52
30: 15, 26
31: 17, 26
32: 18, 25, 51, 52
33: 18, 24, 49, 52
34: 18, 25, 47, 52
35: 16, 24, 46, 52
36: 15, 24, 45, 52
37: 15, 25, 43, 52
38: 15, 30, 42, 52
