0: 31, 43
1: 31, 44
2: 31, 45, 51, 52
3: 32, 46, 48, 52
4: 31, 52
5: 32, 52
6: 32, 52
7: 31, 52
8: 32, 52
9: 0, 1, 31, 52
10: 32, 52
11: 0, 1, 31, 52
12: 0, 1, 31, 52
13: 0, 1, 32, 44, 45, 52
14: 0, 1, 31, 44, 46, 52
15: 0, 1, 31, 44, 46, 52
16: 0, 1, 32, 44, 46, 52
17: 0, 2, 31, 43, 45, 52
18: 0, 2, 30, 51
19: 0, 2, 31, 49
20: 0, 2, 31, 47
21: 0, 2, 31, 45
22: 0, 3, 32, 44
23: 0, 3, 31, 42
24: 0, 3, 29, 43
25: 0, 4, 28, 43
26: 0, 10, 26, 44
27: 0, 12, 22, 23, 24, 44
28: 0, 44
29: 0, 44
30: 0, 3, 4, 5, 10, 11, 12, 25, 27, 44
31: 15, 16, 17, 18, 28, 46
32: 29, 46
33: 27, 47
34: 27, 47
35: 28, 46
36: 29, 46
37: 30, 48
38: 31, 49
