0: 0, 20, 33, 52
1: 1, 19, 33, 52
2: 2, 19, 34, 52
3: 4, 19, 34, 52
4: 5, 19, 34, 52
5: 6, 19, 35, 52
6: 8, 19, 34, 52
7: 9, 19, 34, 51
8: 10, 19, 34, 48
9: 11, 19, 34, 47
10: 11, 19, 34, 46
11: 12, 19, 34, 44
12: 13, 20, 34, 40
13: 14, 20, 32, 39
14: 14, 21, 32, 39
15: 13, 21, 32, 39
16: 13, 21, 31, 39
17: 0, 3, 13, 21, 31, 40
18: 0, 4, 13, 21, 32, 39
19: 0, 6, 14, 20, 33, 39
20: 0, 9, 14, 20, 33, 39
21: 0, 10, 14, 19, 33, 38, 51, 52
22: 0, 12, 14, 19, 33, 39, 45, 47, 48, 52
23: 1, 14, 15, 18, 34, 38, 42, 52
24: 2, 19, 35, 38, 39, 52
25: 3, 20, 33, 52
26: 6, 20, 32, 52
27: 9, 22, 31, 52
28: 11, 22, 31, 46, 50, 51
29: 12, 22, 31, 42
30: 13, 21, 31, 41
31: 14, 20, 32, 39
32: 16, 22, 33, 38
33: 17, 20, 33, 35
34: 16, 17, 18, 20, 32, 35
35: 19, 20, 33, 35
36: 18, 20, 32, 34
37: 18, 19
38: 18, 19
