0: 0, 26, 45, 52
1: 0, 26, 46, 52
2: 0, 26, 45, 52
3: 0, 26, 46, 51
4: 0, 26, 46, 51
5: 0, 26, 47, 51
6: 0, 26, 44, 51
7: 0, 26, 44, 51
8: 0, 26, 42, 43, 45, 50
9: 0, 26, 42, 50
10: 0, 26, 42, 50
11: 0, 26, 42, 50
12: 0, 26, 44, 49
13: 0, 26, 46, 50
14: 0, 26, 45, 49
15: 0, 26, 45, 50
16: 0, 26, 47, 49
17: 0, 26
18: 0, 26
19: 0, 26
20: 0, 3, 5, 26
21: 0, 2, 6, 26
22: 0, 2, 9, 26
23: 10, 26
24: 9, 26
25: 7, 11, 13, 26
26: 0, 2, 6, 8, 9, 10, 12, 26
27: 0, 2, 11, 26
28: 0, 2, 6, 26
29: 0, 2, 6, 26
30: 0, 1, 6, 26
31: 0, 1, 6, 26
32: 7, 26
33: 6, 26
34: 0, 1, 7, 26
35: 0, 1, 8, 26
36: 9, 26
37: 10, 26
38: 11, 26
