0: 0, 40
1: 0, 40
2: 0, 41
3: 0, 42
4: 0, 42
5: 0, 43
6: 0, 43
7: 0, 44
8: 0, 44
9: 0, 45
10: 0, 25, 26, 27, 28, 46
11: 0, 25, 27, 47
12: 0, 25, 26, 27, 28, 47
13: 0, 24, 28, 47
14: 0, 24, 28, 48
15: 0, 24, 28, 29, 30, 31, 32, 33, 34, 35, 36, 37, 38, 39, 41, 49
16: 0, 24, 28, 39, 43, 44, 45, 50
17: 0, 24, 28, 34, 35, 36, 42, 43, 45, 51
18: 0, 25, 28, 31, 36, 39, 41, 44, 46, 51
19: 0, 25, 27, 39, 41, 45, 47, 51
20: 0, 25, 27, 39, 42, 45, 48, 51
21: 0, 25, 27, 39, 41, 46, 49, 50
22: 0, 25, 27, 40, 42, 47
23: 0, 26, 27, 40, 42, 47
24: 0, 25, 27, 40, 42, 47
25: 0, 25, 28, 41, 43, 47
26: 0, 41, 43, 47
27: 0, 41, 44, 48
28: 0, 42, 44, 46
29: 0, 42, 44, 46
30: 0, 42
31: 0, 43
32: 0, 43
33: 0, 44
34: 0, 44
35: 0, 44
36: 0, 44
37: 0, 43
38: 0, 43
