0: 9, 10, 35, 49
1: 35, 48
2: 35, 48
3: 35, 47
4: 18, 19, 35, 47
5: 11, 12, 36, 46
6: 4, 5, 36, 46
7: 36, 45
8: 37, 45
9: 8, 9, 37, 46
10: 4, 5, 13, 14, 35, 45
11: 15, 16, 36, 45
12: 20, 21, 27, 28, 33, 34, 36, 44, 46, 48
13: 3, 4, 7, 8, 22, 23, 36, 48
14: 10, 11, 37, 48
15: 12, 13, 17, 18, 38, 47
16: 2, 3, 6, 7, 38, 47
17: 9, 10, 38, 46
18: 3, 4, 13, 14, 19, 20, 37, 46
19: 6, 7, 15, 16, 22, 23, 36, 46
20: 2, 3, 8, 9, 11, 12, 24, 25, 37, 45
21: 1, 2, 3, 5, 6, 7, 19, 20, 27, 28, 38, 45
22: 7, 8, 9, 10, 12, 13, 15, 16, 38, 44
23: 0, 7, 10, 11, 29, 30, 39, 44
24: 0, 10, 12, 13, 14, 15, 17, 18, 22, 23, 32, 33, 37, 44
25: 0, 12, 19, 20, 24, 25, 37, 44
26: 0, 12, 13, 14, 15, 16, 35, 43
27: 0, 14, 17, 18, 35, 42
28: 0, 14, 15, 16, 21, 22, 27, 28, 35, 42
29: 0, 15, 16, 17, 18, 19, 23, 24, 34, 41
30: 0, 16, 29, 30, 34, 35, 36, 37, 38, 39
31: 0, 16, 17, 18, 19, 20
32: 0, 17, 22, 23, 25, 26
33: 0, 17, 18, 19, 20, 21, 31, 32
34: 0, 17
35: 0, 17, 18, 19, 24, 25, 27, 28
36: 0, 18, 19, 20, 21, 22
37: 0, 17
38: 0, 17, 18, 19
