0: 20, 26, 32, 52
1: 20, 26, 32, 52
2: 21, 26, 32, 52
3: 21, 26, 32, 52
4: 21, 26, 31, 52
5: 21, 26, 31, 52
6: 21, 26, 31, 52
7: 20, 26, 32, 52
8: 21, 26, 31, 52
9: 21, 26, 32, 52
10: 20, 26, 33, 52
11: 20, 26, 32, 52
12: 20, 26, 32, 52
13: 21, 26, 32, 52
14: 21, 26, 31, 52
15: 22, 26, 31, 52
16: 22, 26, 31, 52
17: 23, 24, 25, 26, 28, 29, 31, 52
18: 22, 26, 30, 31, 32, 52
19: 21, 22, 23, 26, 30, 31, 32, 52
20: 22, 26, 31, 32, 33, 52
21: 21, 26, 32, 52
22: 21, 26, 31, 52
23: 21, 26, 32, 52
24: 21, 26, 31, 52
25: 22, 26, 31, 52
26: 21, 26, 32, 52
27: 24, 26, 28, 52
28: 26, 52
29: 26, 52
30: 26, 52
31: 26, 52
32: 26, 52
33: 26, 52
34: 26, 52
35: 26, 52
36: 26, 52
37: 26, 52
38: 26, 52
