0: 9, 10, 11, 13, 39, 40, 42, 44
1: 6, 7, 8, 13, 15, 16, 39, 40, 42, 43
2: 6, 16, 39, 44
3: 3, 18, 37, 48
4: 3, 18, 37, 49
5: 3, 18, 37, 51
6: 4, 18, 37, 51
7: 4, 17, 37, 51
8: 5, 17, 34, 35, 37, 51
9: 5, 17, 36, 51
10: 6, 16, 37, 51
11: 6, 16, 36, 50
12: 5, 6, 7, 16, 37, 50
13: 5, 6, 7, 16, 34, 35, 37, 49
14: 3, 4, 6, 7, 8, 15, 37, 48
15: 2, 4, 5, 7, 8, 15, 37, 47
16: 2, 7, 8, 15, 32, 33, 37, 47
17: 2, 7, 9, 14, 35, 36, 37, 46
18: 2, 8, 9, 14, 37, 45
19: 2, 14, 33, 34, 37, 45
20: 2, 14, 37, 45
21: 2, 14, 36, 37, 38, 45
22: 3, 15, 37, 45
23: 4, 14, 34, 35, 37, 45
24: 4, 14, 22, 23, 37, 45
25: 5, 12, 36, 37, 38, 46
26: 4, 12, 39, 45
27: 5, 10, 35, 36, 37, 38, 40, 46
28: 5, 11, 41, 46
29: 4, 11, 35, 36, 38, 39, 41, 47
30: 5, 10, 40, 47
31: 3, 10, 34, 35, 37, 38, 39, 40, 41, 47
32: 4, 10, 41, 47
33: 3, 7, 35, 36, 37, 38, 41, 46
34: 2, 3, 39, 40, 42, 43, 44, 45, 46, 47
35: 35, 36, 37, 38, 46, 48
36: 40, 41, 46, 48
37: 35, 36, 37, 38, 39, 40
38: 
