0: 0, 11, 26, 43
1: 0, 12, 26, 44
2: 0, 12, 26, 44
3: 0, 13, 26, 45
4: 0, 14, 26, 46
5: 0, 15, 26, 46
6: 0, 15, 26, 47
7: 0, 16, 26, 47
8: 0, 17, 26, 48
9: 0, 17, 26, 49
10: 0, 17, 26, 49
11: 0, 18, 26, 49
12: 0, 19, 25, 49
13: 0, 19, 25, 48
14: 0, 19, 26, 48
15: 0, 18, 26, 48
16: 0, 19, 26, 39, 40, 48
17: 0, 18, 25, 39, 44, 48
18: 0, 17, 25, 37
19: 0, 16, 29, 37
20: 0, 16, 29, 36, 40, 42
21: 0, 15, 28, 33, 40, 43
22: 0, 15, 28, 33, 39, 40
23: 0, 16, 28, 33, 38, 46, 47, 48, 49, 50
24: 0, 17, 28, 49
25: 0, 16, 28, 49
26: 0, 17, 29, 49
27: 0, 17, 29, 48
28: 0, 17, 28, 49
29: 0, 16, 24, 26, 27, 49
30: 0, 16, 25, 48
31: 0, 16, 24, 48
32: 0, 19, 23, 47
33: 0, 19, 21, 48
34: 0, 50
35: 0, 52
36: 0, 52
37: 0, 52
38: 0, 52
