0: 23, 33
1: 24, 34
2: 23, 34
3: 24, 34
4: 24, 34
5: 24, 34
6: 25, 34
7: 23, 34
8: 23, 34
9: 23, 34
10: 25, 34
11: 25, 34
12: 24, 33
13: 23, 33
14: 23, 33, 41, 44, 46, 47
15: 23, 33, 40, 41, 45, 46
16: 23, 25, 26, 33, 44, 47
17: 23, 25, 26, 33, 35, 36, 39, 40, 43, 47
18: 24, 25, 26, 33, 34, 35, 36, 47
19: 24, 25, 26, 32, 37, 46
20: 25, 33, 35, 46
21: 25, 32, 33, 45
22: 26, 45
23: 21, 22, 24, 43
24: 20, 21, 23, 43
25: 19, 20, 24, 41
26: 23, 41
27: 17, 20, 21, 41
28: 19, 41
29: 17, 41
30: 18, 41
31: 20, 41
32: 30, 40
33: 31, 40
34: 32, 39
35: 34, 35, 37, 39
36: 37, 39
37: 38, 39
38: 
