0: 18, 25
1: 18, 25
2: 19, 25
3: 21, 25
4: 22, 26
5: 21, 26
6: 21, 27
7: 21, 27
8: 21, 28
9: 20, 29
10: 20, 29
11: 20, 29
12: 20, 25, 26, 28
13: 0, 2, 3, 6, 7, 10, 11, 14, 15, 17, 23, 24, 31, 33, 34, 36, 37, 40, 41, 44, 45, 48, 49, 52
14: 0, 17, 22, 25, 30, 52
15: 0, 17, 18, 19, 23, 24, 28, 30, 31, 52
16: 0, 20, 21, 24, 26, 52
17: 0, 21, 22, 24, 27, 52
18: 0, 21, 22, 25, 26, 52
19: 0, 22, 23, 25, 26, 52
20: 0, 22, 26, 52
21: 0, 22, 26, 52
22: 0, 22, 26, 52
23: 0, 22, 25, 52
24: 0, 23, 25, 52
25: 0, 24, 25, 52
26: 0, 23, 24, 52
27: 0, 52
28: 0, 52
29: 0, 52
30: 0, 52
31: 0, 52
32: 0, 52
33: 0, 52
34: 0, 52
35: 0, 52
36: 0, 52
37: 0, 52
38: 0, 52
