0: 0, 20
1: 0, 21
2: 0, 21
3: 0, 22
4: 0, 21
5: 0, 21
6: 0, 20
7: 0, 20, 28, 29
8: 0, 19, 25, 30
9: 0, 18, 24, 30
10: 0, 18, 24, 30
11: 0, 18, 23, 31
12: 0, 17, 23, 30
13: 0, 17, 23, 31, 35, 36
14: 0, 17, 23, 30, 34, 36
15: 0, 17, 24, 31, 34, 35
16: 0, 16, 23, 30
17: 0, 17, 24, 31
18: 0, 18, 23, 30
19: 0, 20, 21, 22, 24, 31
20: 0, 22, 24, 30
21: 0, 23, 24, 30
22: 0, 23, 25, 30
23: 0, 24, 25, 30
24: 0, 28
25: 0, 27
26: 0, 25
27: 0, 24
28: 0, 25
29: 0, 25, 26, 27
30: 0, 27
31: 0, 28
32: 0, 30
33: 0, 30
34: 0, 31
35: 0, 31, 51, 52
36: 0, 32, 50, 52
37: 0, 33, 49, 52
38: 0, 34, 48, 52
