0: 0, 15, 16, 22, 31, 33, 37, 52
1: 0, 15, 16, 23, 30, 33, 37, 52
2: 0, 14, 16, 22, 30, 32, 37, 52
3: 0, 14, 15, 22, 30, 32, 38, 52
4: 0, 14, 16, 22, 31, 32, 37, 52
5: 0, 14, 15, 22, 37, 52
6: 0, 14, 15, 22, 37, 52
7: 0, 14, 15, 22, 37, 52
8: 0, 14, 15, 22, 37, 52
9: 0, 14, 15, 23, 37, 52
10: 0, 14, 15, 23, 38, 52
11: 0, 14, 16, 24, 37, 52
12: 0, 25, 38, 52
13: 0, 14, 16, 25, 38, 52
14: 0, 15, 16, 24, 38, 39, 41, 52
15: 0, 15, 16, 21, 42, 52
16: 0, 15, 16, 19, 27, 28, 43, 52
17: 0, 15, 16, 18, 25, 28, 44, 52
18: 0, 15, 17, 18, 21, 22, 23, 27, 44, 52
19: 0, 15, 16, 17, 21, 27, 44, 52
20: 0, 16, 20, 27, 45, 52
21: 0, 16, 20, 28, 44, 52
22: 0, 16, 19, 28, 41, 52
23: 0, 16, 19, 30, 42, 52
24: 0, 15, 19, 26, 27, 29, 44, 45, 46, 52
25: 0, 15, 19, 21, 27, 30, 39, 40, 48, 52
26: 0, 14, 19, 20, 27, 31, 32, 33, 34, 36, 39, 43, 47, 52
27: 0, 15, 27, 38, 40, 45, 49, 52
28: 0, 15, 27, 39, 40, 48, 50, 52
29: 0, 17, 28, 52
30: 0, 15, 27, 52
31: 0, 14, 27, 52
32: 0, 14, 26, 52
33: 0, 13, 24, 52
34: 0, 13, 24, 52
35: 0, 13, 24, 52
36: 0, 13, 24, 52
37: 0, 14, 24, 52
38: 0, 15, 23, 52
