0: 0, 29, 46, 47, 50, 52
1: 0, 30, 47, 48, 50, 52
2: 0, 29, 46, 47, 49, 52
3: 0, 30, 46, 47, 49, 52
4: 0, 30, 45, 46, 48, 52
5: 0, 30, 47, 52
6: 0, 26, 27, 29, 47, 52
7: 0, 26, 27, 30, 47, 52
8: 0, 26, 27, 30, 46, 52
9: 0, 25, 27, 31, 45, 52
10: 0, 25, 28, 30, 45, 52
11: 0, 24, 27, 30, 31, 32, 44, 52
12: 0, 25, 28, 30, 31, 33, 44, 52
13: 0, 25, 27, 29, 31, 34, 43, 44, 45, 52
14: 0, 24, 27, 29, 31, 33, 44, 52
15: 0, 25, 27, 28, 31, 32, 44, 52
16: 0, 25, 44, 52
17: 0, 25, 45, 52
18: 0, 25, 44, 52
19: 0, 22, 44, 52
20: 0, 20, 44, 52
21: 0, 20, 44, 52
22: 0, 20, 43, 52
23: 0, 19, 43, 52
24: 0, 19, 43, 52
25: 0, 20, 43, 52
26: 0, 19, 42, 52
27: 0, 19, 42, 52
28: 0, 20, 41, 52
29: 0, 20, 41, 52
30: 0, 20, 41, 52
31: 0, 18, 40, 52
32: 0, 17, 39, 52
33: 0, 16, 39, 52
34: 0, 16, 38, 52
35: 0, 16, 37, 52
36: 0, 16, 25, 26, 37, 52
37: 0, 18, 19, 20, 21, 22, 23, 27, 36, 52
38: 0, 30, 34, 52
