0: 51, 52
1: 34, 35, 48, 52
2: 31, 36, 37, 38, 45, 52
3: 32, 41, 42, 52
4: 11, 13, 14, 15, 16, 17, 32, 52
5: 0, 5, 6, 7, 8, 9, 11, 21, 27, 28, 29, 52
6: 0, 49
7: 0, 46
8: 0, 43
9: 0, 42
10: 4, 5, 6, 7, 8, 27, 28, 29, 30, 42
11: 11, 23, 31, 42
12: 12, 23, 31, 43
13: 12, 24, 32, 44
14: 14, 24, 33, 44
15: 14, 25, 33, 44
16: 14, 25, 33, 45
17: 13, 25, 32, 45
18: 15, 26, 33, 45
19: 15, 27, 33, 45
20: 17, 27, 34, 46
21: 18, 28, 35, 46
22: 19, 29, 35, 46
23: 20, 30, 36, 47
24: 20, 30, 36, 47
25: 21, 31, 37, 48
26: 22, 32, 38, 48
27: 23, 33, 38, 48
28: 23, 33, 38, 49
29: 24, 33, 39, 50
30: 25, 33, 39, 50
31: 25, 34, 40, 50
32: 26, 34, 40, 51
33: 26, 34, 40, 52
34: 26, 34, 41, 52
35: 24, 34, 41, 52
36: 23, 35, 42, 52
37: 22, 34, 42, 52
38: 22, 35, 42, 52
