0: 0, 14
1: 0, 14
2: 0, 13
3: 0, 12
4: 0, 11, 25, 26
5: 0, 10
6: 0, 9, 23, 25
7: 0, 9, 23, 24
8: 0, 8, 22, 24
9: 0, 7, 21, 23
10: 0, 6, 20, 23
11: 0, 5, 20, 23
12: 0, 5, 18, 23
13: 0, 4, 18, 24
14: 0, 3, 17, 25
15: 0, 3, 16, 25
16: 0, 2, 15, 29
17: 0, 2, 14, 29
18: 0, 1, 13, 29
19: 0, 1, 12, 30
20: 11, 32
21: 11, 33, 38, 39
22: 11, 33, 36, 39, 40, 41
23: 11, 33, 35, 38, 41, 42
24: 11, 39
25: 10, 27, 28, 39
26: 11, 26, 27, 40
27: 10, 26, 27, 41
28: 10, 26, 30, 42
29: 10, 26, 30, 43
30: 10, 25, 30, 44
31: 9, 25, 31, 46
32: 10, 24, 30, 48
33: 9, 22, 32, 48
34: 9, 20, 33, 48, 50, 52
35: 9, 18, 35, 52
36: 8, 16, 36, 52
37: 9, 16, 38, 52
38: 8, 15, 38, 52
