0: 0, 5, 32, 52
1: 0, 5, 33, 52
2: 0, 5, 33, 52
3: 0, 5, 33, 52
4: 0, 5, 33, 52
5: 0, 6, 33, 52
6: 0, 5, 34, 52
7: 0, 6, 33, 52
8: 0, 5, 34, 52
9: 0, 6, 33, 52
10: 0, 6, 33, 52
11: 0, 5, 36, 52
12: 0, 6, 38, 52
13: 0, 6, 39, 52
14: 0, 5, 22, 25, 26, 27, 28, 29, 32, 33, 39, 52
15: 0, 6, 20, 33, 39, 52
16: 0, 6, 19, 33, 39, 52
17: 0, 6, 18, 34, 38, 52
18: 0, 6, 18, 35, 36, 52
19: 0, 5, 6, 7, 16, 52
20: 0, 5, 16, 52
21: 0, 4, 16, 52
22: 0, 2, 16, 52
23: 0, 3, 17, 52
24: 0, 2, 16, 52
25: 0, 2, 17, 52
26: 0, 2, 17, 52
27: 0, 2, 18, 52
28: 0, 2, 18, 52
29: 0, 2, 20, 52
30: 0, 2, 20, 52
31: 0, 2, 20, 52
32: 0, 2, 20, 52
33: 0, 3, 20, 52
34: 0, 3, 19, 52
35: 0, 4, 19, 52
36: 0, 4, 18, 52
37: 0, 4, 17, 52
38: 0, 5, 16, 52
