0: 
1: 31, 32, 33, 35, 50, 52
2: 31, 38, 46, 52
3: 12, 13, 31, 40, 42, 52
4: 11, 16, 17, 18, 32, 52
5: 0, 1, 2, 3, 10, 21, 30, 31, 32, 52
6: 0, 50
7: 0, 47
8: 0, 44
9: 0, 42
10: 1, 2, 3, 42
11: 11, 23, 31, 42
12: 12, 23, 31, 43
13: 13, 24, 32, 44
14: 14, 24, 32, 44
15: 14, 24, 33, 44
16: 13, 25, 33, 45
17: 14, 25, 33, 45
18: 14, 26, 32, 45
19: 16, 27, 33, 45
20: 16, 27, 34, 46
21: 18, 28, 34, 46
22: 19, 29, 35, 46
23: 20, 29, 36, 47
24: 20, 30, 36, 47
25: 21, 31, 37, 48
26: 22, 32, 38, 48
27: 22, 32, 38, 49
28: 23, 33, 38, 49
29: 24, 33, 39, 50
30: 24, 33, 39, 50
31: 25, 33, 40, 51
32: 26, 34, 40, 51
33: 26, 34, 41, 52
34: 24, 34, 41, 52
35: 22, 34, 41, 52
36: 22, 34, 42, 52
37: 22, 34, 42, 52
38: 21, 35, 42, 52
