0: 14, 38
1: 14, 38
2: 14, 38
3: 14, 38
4: 15, 38
5: 15, 37
6: 15, 37
7: 15, 37
8: 16, 36
9: 17, 35
10: 17, 35
11: 18, 34
12: 19, 34
13: 19, 33
14: 18, 23, 24, 28, 29, 34
15: 18, 23, 30, 34, 44, 45
16: 18, 22, 30, 34, 41, 46
17: 17, 23, 30, 34, 39, 45
18: 18, 22, 30, 34, 38, 45
19: 17, 22, 30, 34, 36, 45
20: 17, 22, 30, 44
21: 17, 22, 31, 43
22: 11, 22, 31, 42
23: 11, 22, 32, 41
24: 10, 21, 33, 38
25: 11, 21
26: 11, 20
27: 12, 19
28: 13, 15, 16, 17
29: 
30: 
31: 
32: 
33: 
34: 
35: 
36: 
37: 
38: 
