0: 20, 22, 31, 33
1: 21, 22, 31, 32
2: 21, 23, 27, 28, 31, 33
3: 21, 32
4: 22, 34
5: 23, 35
6: 23, 36
7: 18, 19, 23, 35
8: 17, 20, 23, 34
9: 19, 22, 23, 33
10: 21, 31
11: 1, 4, 5, 8, 23, 37
12: 6, 7, 8, 9, 23, 31, 32, 33
13: 5, 9, 20, 30
14: 5, 9, 17, 19, 20, 21, 25, 31
15: 6, 9, 25, 33
16: 5, 9, 25, 30, 31, 35
17: 6, 8, 26, 30, 33, 34
18: 5, 9, 25, 29
19: 6, 9, 25, 30, 34, 35
20: 5, 9, 25, 34
21: 6, 8, 26, 32
22: 6, 8, 25, 31
23: 6, 8, 25, 30
24: 6, 8, 23, 31
25: 21, 23, 24, 31
26: 18, 21, 25, 29
27: 14, 15, 16, 18, 27, 28
28: 13, 14, 15, 17
29: 12, 15
30: 
31: 38, 40
32: 36, 38
33: 29, 30, 36, 37
34: 28, 32, 34, 36
35: 18, 22, 28, 32, 34, 35
36: 16, 22, 27, 34
37: 14, 22, 27, 34
38: 14, 21, 27, 32
