0: 18, 34
1: 18, 33
2: 18, 33
3: 18, 33, 34, 35
4: 16, 17, 18, 36
5: 15, 37
6: 15, 37
7: 14, 37
8: 14, 37
9: 14, 37
10: 13, 38
11: 13, 38
12: 12, 18, 19, 39
13: 12, 18, 19, 32, 33, 39
14: 13, 18, 20, 32, 33, 38
15: 12, 17, 19, 32, 33, 39
16: 11, 17, 19, 32, 33, 40
17: 10, 18, 19, 32, 34, 41
18: 9, 19, 20, 32, 33, 42
19: 7, 8, 9, 18, 19, 32, 33, 42
20: 8, 41, 42, 43
21: 7, 8, 9, 42
22: 4, 5, 6, 7, 8, 41, 42, 43
23: 3, 4, 6, 8, 9, 43, 44, 45
24: 4, 7, 8, 43
25: 3, 4, 7, 44, 46, 47
26: 5, 6, 7, 43, 44, 46, 47, 48
27: 7, 45, 46, 47, 48, 49
28: 7, 24, 28, 44, 45, 47
29: 6, 23, 24, 25, 27, 45, 47, 48
30: 5, 6, 7, 24, 27, 30, 32, 43, 44, 46
31: 6, 7, 8, 23, 26, 27, 28, 31, 32, 43
32: 5, 6, 7, 16, 17, 24, 27, 28, 29, 30, 31, 42, 45, 46
33: 7, 18, 19, 23, 24, 25, 26, 27, 31, 43
34: 6, 7, 8, 16, 17, 21, 22, 24, 27, 28, 29, 30, 32, 39, 40, 42
35: 7, 8, 9, 14, 15, 22, 23, 24, 25, 26, 32, 38, 39, 43
36: 7, 13, 14, 21, 22, 23, 24, 25, 26, 27, 29, 30, 32, 33, 34, 38, 39, 42
37: 8, 9, 10, 22, 23, 24, 31, 32, 33, 38, 39, 43, 47, 48
38: 7, 8, 9, 22, 23, 24, 30, 31, 33, 34, 35, 38, 39, 43
