0: 7, 8, 13, 33
1: 13, 32
2: 9, 10, 12, 33
3: 12, 16, 17, 32, 33, 34
4: 11, 32
5: 3, 4, 11, 15, 16, 33
6: 7, 8, 11, 32, 33, 34
7: 9, 15, 16, 33
8: 10, 33, 34, 35
9: 5, 6, 9, 10, 11, 33
10: 10, 33
11: 10, 33, 34, 35
12: 7, 8, 11, 33
13: 10, 12, 13, 32
14: 13, 32
15: 9, 10, 12, 13, 15, 31, 32, 33
16: 14, 15, 16, 31
17: 16, 31, 32, 33
18: 11, 12, 17, 31
19: 17, 31
20: 13, 14, 16, 31
21: 17, 30, 31, 32
22: 17, 31
23: 8, 9, 11, 12, 15, 30, 31, 32
24: 14, 32, 33, 34
25: 13, 14, 15, 32
26: 10, 11, 15, 31
27: 15, 31
28: 14, 15, 16, 32
29: 11, 12, 14, 15, 16, 31
30: 16, 32
31: 14, 15, 17, 30
32: 17, 29
33: 19, 28
34: 
35: 
36: 
37: 
38: 
