0: 20, 29, 37, 40, 45, 48
1: 20, 30, 34, 35, 36, 41, 45, 48
2: 20, 41, 43, 47
3: 20, 42, 43, 46
4: 20, 45
5: 20, 35, 36, 45
6: 20, 35, 38, 44
7: 19, 35, 39, 44
8: 20, 35, 37, 43
9: 19, 35, 36, 41
10: 19, 39
11: 19, 38
12: 19, 37
13: 19, 29, 30, 36
14: 18, 35
15: 18, 34
16: 18, 31
17: 16, 29
18: 15, 27
19: 14, 26
20: 14, 27
21: 12, 27
22: 0, 1, 2, 3, 5, 6, 7, 28
23: 0, 28
24: 0, 11, 12, 13, 15, 29
25: 2, 3, 5, 6, 13, 29
26: 13, 29
27: 14, 29
28: 15, 30
29: 15, 30
30: 15, 30
31: 15, 29
32: 15, 29
33: 16, 29
34: 16, 31
35: 18, 26, 27, 31
36: 20, 25
37: 
38: 
