0: 0, 20, 22, 23, 39, 52
1: 0, 21, 39, 52
2: 0, 21, 22, 23, 39, 52
3: 0, 21, 38, 52
4: 0, 22, 23, 24, 39, 52
5: 0, 21, 39, 52
6: 0, 21, 39, 52
7: 0, 21, 28, 30, 40, 52
8: 0, 22, 25, 29, 39, 52
9: 0, 22, 24, 28, 40, 52
10: 0, 23, 24, 28, 40, 52
11: 0, 23, 24, 27, 40, 52
12: 0, 23, 24, 27, 40, 52
13: 0, 23, 25, 27, 40, 52
14: 0, 24, 25, 27, 40, 52
15: 0, 24, 25, 26, 40, 52
16: 0, 24, 25, 27, 40, 52
17: 0, 24, 26, 28, 41, 52
18: 0, 25, 26, 28, 40, 52
19: 0, 25, 29, 32, 41, 52
20: 0, 25, 29, 31, 41, 52
21: 0, 25, 29, 31, 41, 52
22: 0, 25, 28, 30, 41, 52
23: 0, 26, 28, 31, 41, 52
24: 0, 26, 27, 30, 41, 52
25: 0, 26, 28, 30, 41, 52
26: 0, 26, 28, 30, 40, 52
27: 0, 27, 28, 31, 40, 52
28: 0, 27, 29, 31, 39, 52
29: 0, 27, 28, 33, 34, 35, 36, 37, 38, 52
30: 0, 27, 29, 52
31: 0, 27, 29, 52
32: 0, 28, 29, 52
33: 0, 28, 30, 52
34: 0, 52
35: 0, 52
36: 0, 52
37: 0, 52
38: 0, 52
