0: 0, 2, 34, 48
1: 0, 3, 35, 48
2: 0, 2, 36, 50
3: 0, 3, 36, 51
4: 0, 3, 37, 52
5: 0, 3, 37, 52
6: 0, 3, 37, 52
7: 0, 3, 37, 52
8: 0, 3, 37, 52
9: 0, 3, 37, 52
10: 0, 3, 37, 52
11: 0, 4, 37, 52
12: 0, 4, 37, 52
13: 0, 4, 36, 52
14: 0, 4, 37, 52
15: 0, 4, 36, 52
16: 0, 4, 37, 52
17: 0, 5, 36, 51
18: 0, 5, 37, 51
19: 0, 5, 37, 50
20: 0, 5, 35, 50, 51, 52
21: 0, 5, 36, 52
22: 0, 5, 36, 52
23: 0, 6, 36, 52
24: 0, 6, 36, 52
25: 0, 6, 37, 51
26: 0, 6, 36, 50
27: 0, 7, 34, 50
28: 0, 7, 33, 51
29: 0, 7, 33, 51
30: 0, 7, 32, 51
31: 0, 12, 13, 14, 31, 51
32: 0, 16, 28, 51
33: 0, 19, 20, 21, 22, 50
34: 0, 52
35: 0, 31, 34, 52
36: 0, 7, 17, 26, 27, 28, 32, 52
37: 0, 2, 3, 4, 32, 52
38: 33, 52
