0: 22, 26, 33, 52
1: 23, 26, 32, 52
2: 23, 26, 32, 52
3: 23, 26, 32, 52
4: 23, 26, 32, 52
5: 23, 26, 32, 52
6: 23, 26, 34, 52
7: 23, 26, 33, 37, 38, 52
8: 23, 26, 33, 36, 39, 52
9: 23, 26, 32, 36, 39, 52
10: 23, 26, 32, 37, 39, 52
11: 24, 26, 32, 36, 39, 52
12: 23, 26, 31, 37, 39, 52
13: 24, 26, 29, 37, 39, 52
14: 23, 26, 33, 34, 39, 52
15: 22, 23, 24, 26, 40, 52
16: 22, 23, 24, 26, 39, 52
17: 22, 26, 34, 37, 39, 52
18: 22, 26, 33, 37, 39, 52
19: 23, 26, 33, 52
20: 23, 26, 32, 52
21: 23, 26, 32, 52
22: 25, 26, 30, 31, 32, 52
23: 26, 52
24: 26, 52
25: 26, 52
26: 26, 52
27: 26, 52
28: 26, 52
29: 26, 52
30: 26, 52
31: 26, 52
32: 26, 52
33: 26, 52
34: 26, 52
35: 26, 52
36: 26, 52
37: 26, 52
38: 26, 52
