0: 0, 52
1: 0, 52
2: 0, 52
3: 0, 52
4: 0, 52
5: 0, 52
6: 0, 52
7: 0, 52
8: 0, 52
9: 0, 52
10: 0, 17, 19, 52
11: 0, 17, 19, 52
12: 0, 18, 20, 52
13: 0, 18, 21, 52
14: 0, 19, 22, 52
15: 0, 20, 24, 52
16: 0, 21, 25, 52
17: 0, 21, 26, 52
18: 0, 22, 27, 52
19: 0, 23, 27, 52
20: 0, 24, 28, 52
21: 0, 24, 29, 52
22: 0, 25, 29, 52
23: 0, 26, 30, 52
24: 0, 26, 30, 52
25: 0, 26, 30, 52
26: 0, 17, 18, 21, 22, 26, 30, 52
27: 0, 18, 24, 25, 31, 52
28: 0, 18, 31, 52
29: 0, 17, 31, 52
30: 0, 16, 31, 52
31: 0, 15, 32, 33, 34, 35, 36, 37, 38, 52
32: 0, 15, 41, 52
33: 0, 15, 42, 43, 44, 52
34: 0, 15, 43, 45, 46, 52
35: 0, 16, 45, 48
36: 0, 16
37: 0, 17
38: 0, 18
