0: 0, 11, 22, 36, 39, 52
1: 0, 11, 22, 35, 39, 52
2: 0, 11, 21, 33, 42, 52
3: 0, 11, 21, 33, 41, 52
4: 0, 11, 21, 34, 41, 52
5: 0, 11, 21, 34, 41, 52
6: 0, 12, 21, 34, 40, 52
7: 0, 12, 20, 35, 40, 52
8: 0, 12, 21, 35, 40, 52
9: 0, 12, 20, 35, 40, 52
10: 0, 12, 20, 36, 40, 52
11: 0, 13, 20, 36, 39, 52
12: 0, 12, 19, 35, 40, 52
13: 0, 13, 19, 35, 39, 52
14: 0, 13, 19, 29, 30, 33, 34, 35, 39, 41, 42, 43, 44, 52
15: 0, 13, 18, 27, 46, 52
16: 0, 13, 19, 27, 30, 31, 32, 33, 38, 42, 47, 52
17: 0, 14, 19, 27, 29, 31, 38, 52
18: 0, 14, 20, 31, 39, 52
19: 0, 14, 19, 32, 40, 52
20: 0, 14, 19, 33, 41, 52
21: 0, 13, 19, 33, 40, 52
22: 0, 14, 19, 32, 37, 52
23: 0, 15, 19, 34, 36, 52
24: 0, 15, 19, 52
25: 0, 16, 20, 52
26: 0, 15, 21, 52
27: 0, 15, 21, 52
28: 0, 14, 20, 52
29: 0, 14, 20, 52
30: 0, 14, 19, 52
31: 0, 17, 18, 52
32: 0, 52
33: 0, 52
34: 0, 52
35: 0, 52
36: 0, 52
37: 0, 52
38: 0, 52
