0: 0, 15, 33, 34, 37, 52
1: 0, 16, 37, 52
2: 0, 17, 37, 52
3: 0, 21, 37, 52
4: 0, 22, 36, 52
5: 0, 21, 36, 52
6: 0, 22, 36, 52
7: 0, 21, 36, 52
8: 0, 22, 36, 52
9: 0, 21, 36, 52
10: 0, 22, 36, 52
11: 0, 21, 35, 52
12: 0, 22, 34, 52
13: 0, 22, 33, 52
14: 0, 22, 34, 52
15: 0, 22, 33, 52
16: 0, 22, 34, 52
17: 0, 22, 34, 52
18: 0, 22, 35, 52
19: 0, 22, 35, 52
20: 0, 22, 35, 52
21: 0, 21, 35, 52
22: 0, 21, 34, 52
23: 0, 21, 37, 52
24: 0, 22, 38, 52
25: 0, 22, 38, 52
26: 0, 21, 38, 52
27: 0, 19, 39, 52
28: 0, 18, 38, 52
29: 0, 17, 21, 24, 25, 29, 30, 31, 38, 52
30: 0, 17, 20, 33, 38, 52
31: 0, 16, 18, 35, 39, 52
32: 0, 15, 17, 34, 39, 52
33: 0, 15, 16, 34, 40, 52
34: 0, 34, 40, 52
35: 0, 34, 41, 52
36: 0, 35, 36, 37, 38, 39, 42, 52
37: 0, 40, 42, 52
38: 0, 41, 43, 52
