0: 0, 11, 13, 22, 29, 40, 42, 45, 46, 52
1: 0, 10, 12, 24, 26, 28, 29, 41, 42, 45, 46, 52
2: 0, 10, 12, 25, 26, 28, 29, 41, 42, 45, 46, 52
3: 0, 9, 12, 25, 26, 28, 29, 41, 43, 44, 46, 52
4: 0, 9, 11, 24, 26, 28, 29, 41, 43, 44, 46, 52
5: 0, 9, 12, 24, 25, 27, 29, 40, 46, 52
6: 0, 9, 14, 24, 28, 40, 48, 52
7: 0, 8, 14, 23, 29, 40, 47, 52
8: 0, 5, 14, 22, 28, 40, 46, 52
9: 0, 3, 14, 23, 29, 40, 45, 52
10: 13, 24, 28, 40, 45, 52
11: 6, 7, 13, 24, 28, 41, 44, 52
12: 7, 9, 13, 24, 28, 40, 44, 52
13: 0, 6, 9, 10, 12, 24, 28, 41, 45, 52
14: 0, 8, 12, 25, 28, 39, 40, 41, 45, 47, 48, 52
15: 0, 9, 13, 25, 27, 38, 50, 52
16: 0, 10, 13, 22, 23, 24, 28, 37, 47, 52
17: 0, 10, 12, 22, 29, 42, 45, 46, 47, 48, 49, 52
18: 0, 10, 14, 22, 28, 41, 46, 52
19: 0, 9, 13, 20, 24, 25, 29, 42, 45, 52
20: 0, 9, 13, 25, 28, 41, 46, 52
21: 0, 9, 13, 25, 29, 42, 45, 52
22: 0, 10, 12, 25, 28, 43, 44, 52
23: 0, 27, 28, 52
24: 0, 52
25: 0, 52
26: 0, 52
27: 0, 52
28: 0, 52
29: 0, 52
30: 0, 52
31: 0, 52
32: 0, 52
33: 0, 52
34: 0, 52
35: 0, 52
36: 0, 52
37: 0, 52
38: 0, 52
