0: 0, 11, 24, 25, 29, 30, 37, 52
1: 0, 12, 24, 26, 29, 30, 36, 52
2: 0, 11, 25, 26, 37, 52
3: 0, 12, 25, 26, 37, 52
4: 0, 12, 36, 52
5: 0, 13, 37, 52
6: 0, 13, 21, 22, 36, 52
7: 0, 13, 21, 22, 36, 52
8: 0, 14, 21, 23, 35, 52
9: 0, 13, 22, 23, 35, 52
10: 0, 14, 35, 52
11: 0, 12, 35, 52
12: 0, 12, 35, 52
13: 0, 11, 35, 52
14: 0, 12, 36, 52
15: 0, 13, 36, 40, 41, 42, 43, 52
16: 0, 13, 43, 52
17: 0, 14, 43, 52
18: 0, 15, 42, 52
19: 0, 16, 40, 52
20: 0, 16, 38, 52
21: 0, 16, 37, 52
22: 0, 15, 23, 24, 26, 27, 37, 52
23: 0, 12, 25, 28, 37, 52
24: 0, 13, 27, 28, 37, 52
25: 0, 13, 27, 29, 38, 52
26: 0, 13, 28, 29, 39, 52
27: 0, 14, 27, 29, 38, 52
28: 0, 13, 27, 29, 36, 52
29: 0, 13, 27, 30, 32, 33, 34, 52
30: 0, 12, 26, 52
31: 0, 13, 25, 52
32: 0, 13, 25, 52
33: 0, 13, 24, 52
34: 0, 14, 22, 52
35: 0, 15, 16, 19, 20, 52
36: 0, 52
37: 0, 52
38: 0, 52
