0: 8, 9, 11, 13, 19, 20, 21, 23, 24, 52
1: 8, 10, 11, 12, 18, 19, 21, 22, 23, 52
2: 8, 13, 17, 18, 20, 23, 24, 52
3: 6, 16, 19, 20, 21, 22, 23, 52
4: 3, 18, 19, 20, 21, 52
5: 3, 18, 19, 52
6: 3, 18, 20, 52
7: 4, 20, 21, 52
8: 4, 17, 20, 52
9: 4, 17, 18, 52
10: 5, 17, 18, 19, 20, 52
11: 6, 17, 19, 20, 21, 52
12: 6, 16, 18, 52
13: 7, 16, 17, 18, 19, 52
14: 3, 4, 7, 16, 18, 19, 20, 52
15: 3, 6, 8, 15, 17, 18, 19, 52
16: 0, 1, 4, 7, 8, 15, 16, 17, 18, 52
17: 0, 2, 4, 6, 8, 14, 17, 18, 19, 20, 21, 52
18: 0, 7, 8, 15, 16, 17, 18, 52
19: 0, 7, 8, 14, 17, 18, 20, 21, 22, 52
20: 0, 9, 10, 14, 16, 17, 18, 23, 24, 52
21: 1, 14, 15, 16, 18, 19, 20, 21, 22, 52
22: 1, 14, 17, 18, 19, 52
23: 2, 14, 16, 17, 18, 19, 20, 22, 23, 52
24: 3, 15, 18, 19, 20, 52
25: 3, 14, 15, 16, 17, 18, 19, 21, 22, 52
26: 4, 13, 18, 19, 20, 52
27: 4, 12, 15, 16, 17, 18, 19, 20, 21, 52
28: 3, 10, 12, 13, 14, 15, 18, 19, 20, 52
29: 4, 9, 10, 11, 17, 18, 19, 52
30: 3, 10, 12, 13, 14, 15, 16, 17, 19, 20, 21, 52
31: 1, 9, 11, 12, 17, 18, 19, 52
32: 2, 9, 14, 15, 16, 17, 18, 52
33: 1, 8, 10, 11, 18, 19, 20, 50, 51, 52
34: 3, 4, 12, 13, 15, 16, 17, 48, 49, 52
35: 16, 17, 18, 37, 38, 50, 51, 52
36: 15, 16, 17, 49, 50, 52
37: 14, 15, 17, 18, 19, 35, 36, 37, 38, 48, 49, 51
38: 16, 49, 50, 52
