0: 0, 52
1: 0, 52
2: 0, 4, 5, 6, 7, 8, 16, 23, 25, 52
3: 18, 23, 26, 52
4: 18, 23, 28, 52
5: 19, 24, 29, 52
6: 20, 24, 30, 52
7: 21, 25, 31, 52
8: 21, 26, 32, 52
9: 22, 27, 32, 52
10: 23, 27, 33, 52
11: 23, 29, 33, 52
12: 24, 30, 32, 52
13: 24, 52
14: 23, 52
15: 22, 52
16: 21, 52
17: 20, 43, 44, 52
18: 19, 43, 44, 52
19: 18, 24, 26, 42, 43, 52
20: 15, 23, 26, 42, 44, 49
21: 13, 22, 25, 41, 45, 49
22: 12, 20, 25, 42, 43, 44, 45, 46, 47, 48
23: 11, 20, 25, 45
24: 12, 21, 26, 48
25: 11, 20, 27, 47
26: 12, 20, 27, 47, 51, 52
27: 13, 19, 27, 45, 47, 48, 49, 52
28: 14, 18, 28, 51
29: 27, 49
30: 27, 49, 50, 51
31: 25, 26, 27, 52
32: 23, 52
33: 23, 52
34: 22, 52
35: 21, 52
36: 22, 52
37: 19, 52
38: 18, 52
