0: 16, 36
1: 18, 36
2: 21, 36
3: 20, 35
4: 19, 35
5: 20, 34
6: 20, 35
7: 8, 9, 20, 34
8: 6, 11, 20, 34
9: 6, 12, 13, 14, 20, 34
10: 5, 15, 16, 17, 20, 34
11: 5, 19, 20, 35
12: 4, 34
13: 4, 9, 10, 34
14: 4, 8, 12, 33
15: 3, 7, 13, 33
16: 3, 7, 15, 33
17: 2, 7, 18, 21, 22, 33
18: 2, 6, 18, 21, 22, 33
19: 0, 6, 19, 33
20: 0, 5, 19, 33
21: 0, 5, 19, 32
22: 0, 4, 19, 32
23: 0, 2, 20, 32
24: 1, 3, 18, 31
25: 1, 2, 18, 31
26: 17, 31
27: 16, 33
28: 17, 33
29: 18, 33
30: 18, 35
31: 17, 19, 21, 31
32: 22, 31
33: 28, 29, 30, 31
34: 
35: 
36: 
37: 
38: 
