0: 13, 27
1: 13, 27
2: 12, 28
3: 3, 4, 10, 28
4: 8, 26
5: 7, 27
6: 8, 27
7: 9, 27
8: 10, 27
9: 13, 27
10: 16, 27, 39, 40
11: 18, 27
12: 19, 26
13: 20, 27
14: 21, 26
15: 22, 27, 29, 30, 31, 32
16: 20, 30, 31, 32
17: 20, 29, 31, 32
18: 20, 26, 28, 29
19: 20, 26, 28, 29
20: 21, 27
21: 20, 26, 27, 28
22: 20, 25, 26, 28, 43, 44
23: 21, 24
24: 19, 23
25: 19, 24, 26, 27
26: 14, 16, 17, 25
27: 13, 26
28: 13, 26
29: 14, 28, 29, 30
30: 12, 13, 14, 30
31: 15, 33, 46, 47
32: 15, 35
33: 16, 36
34: 17, 36, 44, 45
35: 2, 3, 19, 35
36: 20, 33
37: 23, 31, 33, 34
38: 
