0: 0, 10
1: 0, 11
2: 0, 10
3: 0, 11
4: 0, 10
5: 0, 11
6: 0, 10
7: 0, 11
8: 0, 10
9: 0, 11, 44, 45
10: 0, 10, 34, 36, 41, 47
11: 0, 11, 34, 36, 37, 47
12: 0, 10, 31, 46
13: 0, 11, 25, 26, 28, 29, 30, 45
14: 0, 10, 22, 28, 29, 31, 32, 37, 38, 40, 41, 42
15: 0, 11, 20, 23, 31, 32, 33, 38
16: 0, 10, 32, 37
17: 0, 11, 31, 37
18: 0, 10, 32, 36
19: 0, 11, 32, 36
20: 0, 10, 31, 35
21: 0, 11, 30, 34, 35, 36
22: 0, 10, 29, 35
23: 0, 11, 29, 31
24: 0, 10
25: 0, 11
26: 0, 10
27: 0, 11
28: 0, 10
29: 0, 11
30: 0, 10
31: 0, 11
32: 0, 10
33: 0, 11
34: 0, 10
35: 0, 11
36: 0, 10
37: 0, 11
38: 0, 10
