0: 0, 22
1: 0, 22
2: 0, 22
3: 0, 22
4: 0, 21
5: 0, 21
6: 0, 20
7: 0, 19, 26, 27
8: 0, 18, 25, 29
9: 0, 18, 24, 29
10: 0, 17, 23, 29
11: 0, 17, 23, 30
12: 0, 17, 22, 30, 34, 36
13: 0, 16, 23, 30, 34, 36
14: 0, 16, 22, 31, 34, 36
15: 0, 15, 23, 31, 34, 36
16: 0, 15, 23, 31
17: 0, 16, 22, 31
18: 0, 18, 22, 31
19: 0, 20, 22, 31
20: 0, 20, 22, 31
21: 0, 20, 22, 31
22: 0, 20, 22, 31
23: 0, 20, 22, 30
24: 0, 20, 21, 29
25: 0, 25
26: 0, 26
27: 0, 26, 27, 28
28: 0, 29
29: 0, 30
30: 0, 30
31: 0, 31
32: 0, 31
33: 0, 32
34: 0, 32
35: 0, 32
36: 0, 33, 51, 52
37: 0, 34, 50, 52
38: 0, 36, 48, 52
