0: 
1: 
2: 
3: 
4: 
5: 
6: 4, 5
7: 4, 5, 28, 29, 44, 46
8: 9, 10, 23, 24
9: 
10: 
11: 29, 30
12: 4, 5, 31, 32, 51, 52
13: 4, 5, 17, 18, 51, 52
14: 31, 32
15: 8, 9, 32, 33
16: 35, 36, 46, 47, 49, 50
17: 39, 40
18: 
19: 19, 20, 25, 26, 37, 38, 43, 45
20: 6, 7, 19, 20
21: 11, 12, 16, 17, 51, 52
22: 12, 13, 16, 17, 18, 19, 47, 48, 51, 52
23: 
24: 16, 17, 35, 37
25: 0, 1
26: 1, 2, 33, 34
27: 24, 25, 27, 28
28: 30, 31
29: 
30: 
31: 29, 30, 35, 36
32: 16, 17, 28, 31
33: 
34: 28, 29
35: 6, 7
36: 
37: 
38: 16, 17
