0: 3, 5, 13, 35
1: 4, 6, 14, 35
2: 3, 5, 15, 35
3: 3, 6, 17, 34
4: 3, 6, 18, 34
5: 3, 6, 19, 34
6: 4, 7, 20, 35
7: 3, 7, 21, 35
8: 3, 7, 22, 34
9: 2, 7, 23, 33
10: 2, 6, 24, 32
11: 2, 6, 24, 32
12: 1, 6, 25, 32
13: 1, 6, 25, 31
14: 1, 5, 24, 31
15: 1, 5, 23, 31, 32, 33
16: 1, 5, 22, 24, 25, 36
17: 0, 5, 22, 39, 51, 52
18: 0, 5, 22, 33, 34, 41, 47, 52
19: 1, 5, 23, 32, 38, 42, 44, 50, 51, 52
20: 0, 5, 24, 32, 39, 46
21: 0, 6, 23, 31, 36, 43
22: 1, 5, 24, 31, 33, 38, 39, 40
23: 0, 6, 24, 34
24: 1, 6, 23, 31
25: 1, 6, 21, 29
26: 1, 7, 20, 29
27: 1, 7, 17, 30
28: 2, 7, 15, 18, 22, 31
29: 2, 8, 12, 15, 20, 32
30: 2, 8, 9, 13, 20, 32
31: 2, 10, 21, 32
32: 3, 9, 22, 32
33: 3, 6, 23, 31
34: 3, 4, 24, 29
35: 26, 27
36: 
37: 
38: 
