0: 26, 43
1: 26, 43
2: 26, 42
3: 22, 23, 26, 43
4: 17, 18, 22, 23, 26, 42, 47, 48
5: 17, 18, 22, 23, 27, 42, 47, 49
6: 17, 18, 21, 23, 27, 43, 47, 49
7: 16, 18, 21, 24, 27, 43, 47, 49
8: 12, 13, 16, 18, 21, 24, 27, 43, 46, 49
9: 0, 1, 6, 7, 12, 13, 16, 19, 21, 24, 27, 43, 46, 49, 51, 52
10: 0, 1, 6, 7, 11, 13, 16, 19, 21, 24, 27, 44, 46, 50, 51, 52
11: 0, 1, 5, 7, 11, 14, 15, 19, 21, 24, 27, 43, 46, 49, 51, 52
12: 0, 1, 5, 7, 11, 13, 16, 19, 22, 24, 26, 42, 47, 49, 51, 52
13: 0, 2, 5, 8, 11, 14, 16, 19, 20, 49, 51, 52
14: 0, 2, 5, 8, 11, 14, 17, 20, 26, 43, 44, 47, 48, 52
15: 0, 1, 5, 9, 10, 14, 16, 18, 27, 42
16: 4, 8, 11, 14, 15, 17, 28, 42
17: 0, 2, 5, 8, 11, 13, 14, 16, 24, 25, 28, 41
18: 0, 4, 5, 7, 12, 15, 24, 26, 29, 40
19: 2, 7, 11, 14, 23, 26, 31, 38
20: 4, 8, 10, 13, 23, 26, 30, 31, 33, 37
21: 7, 11, 23, 27, 30, 38
22: 8, 10, 23, 27, 29, 38
23: 23, 27, 28, 39
24: 23, 27, 28, 41
25: 24, 27, 28, 41
26: 24, 42
27: 25, 41
28: 23, 41
29: 22, 40
30: 22, 41
31: 23, 40
32: 24, 40
33: 25, 27, 28, 40
34: 29, 39
35: 31, 35, 36, 37
36: 
37: 
38: 
