0: 23, 40
1: 23, 40
2: 18, 21, 23, 40
3: 19, 39
4: 19, 39
5: 19, 39
6: 18, 38
7: 18, 38
8: 18, 38
9: 19, 38
10: 18, 38
11: 18, 38
12: 17, 37, 48, 52
13: 16, 38, 46, 48, 50, 52
14: 15, 38, 45, 47, 50, 52
15: 15, 38, 44, 46, 48, 52
16: 14, 37, 44, 45, 47, 52
17: 13, 24, 26, 38, 43, 45, 46, 52
18: 13, 22, 26, 37, 43, 52
19: 16, 17, 26, 27, 28, 38, 39, 40, 41, 52
20: 26, 38, 41, 52
21: 26, 37, 40, 52
22: 26, 37, 38, 52
23: 26, 52
24: 24, 52
25: 24, 52
26: 23, 52
27: 22, 51
28: 22, 24, 25, 51
29: 23, 24, 25, 52
30: 24, 25, 26, 52
31: 22, 23, 25, 52
32: 21, 22, 25, 52
33: 20, 21, 24, 52
34: 20, 22, 23, 52
35: 18, 20, 22, 52
36: 17, 19, 20, 52
37: 17, 18, 19, 52
38: 17, 18, 19, 35, 36, 51
