0: 0, 52
1: 0, 33, 34, 52
2: 0, 32, 33, 34, 35, 52
3: 0, 33, 35, 52
4: 0, 27, 30, 36, 37, 52
5: 0, 27, 31, 34, 37, 52
6: 0, 26, 32, 38, 39, 52
7: 0, 26, 32, 35, 40, 52
8: 0, 26, 41, 52
9: 0, 24, 25, 26, 35, 38, 40, 52
10: 0, 23, 34, 40, 41, 52
11: 0, 23, 24, 25, 35, 52
12: 0, 21, 35, 52
13: 0, 20, 37, 52
14: 0, 20, 27, 32, 33, 34, 36, 52
15: 0, 20, 26, 52
16: 0, 19, 25, 52
17: 0, 18, 24, 52
18: 0, 18, 22, 23, 27, 52
19: 0, 17, 22, 25, 27, 52
20: 0, 18, 22, 52
21: 0, 19, 20, 52
22: 0, 52
23: 0, 52
24: 0, 52
25: 0, 52
26: 0, 52
27: 0, 52
28: 0, 52
29: 0, 52
30: 0, 52
31: 0, 52
32: 0, 52
33: 0, 52
34: 0, 52
35: 0, 52
36: 0, 52
37: 0, 52
38: 0, 52
