0: 0, 17, 22, 23, 25, 29, 44, 52
1: 0, 16, 22, 23, 25, 29, 45, 52
2: 0, 15, 25, 29, 44, 52
3: 0, 15, 25, 29, 45, 52
4: 0, 14, 25, 28, 44, 52
5: 0, 14, 25, 27, 44, 52
6: 0, 14, 26, 27, 44, 52
7: 0, 14, 27, 28, 44, 52
8: 4, 14, 44, 52
9: 7, 14, 44, 52
10: 9, 14, 43, 52
11: 11, 14, 23, 24, 44, 52
12: 12, 15, 22, 24, 43, 52
13: 11, 16, 21, 24, 43, 52
14: 10, 16, 21, 24, 26, 27, 28, 30, 44, 52
15: 8, 15, 20, 24, 26, 30, 44, 52
16: 7, 12, 18, 24, 26, 31, 44, 52
17: 5, 11, 17, 24, 26, 31, 44, 52
18: 4, 10, 16, 24, 26, 32, 44, 52
19: 2, 11, 12, 25, 26, 31, 44, 52
20: 1, 11, 12, 24, 26, 30, 44, 52
21: 0, 25, 26, 30, 45, 52
22: 0, 24, 26, 30, 44, 52
23: 0, 14, 15, 25, 26, 30, 44, 52
24: 0, 15, 17, 24, 26, 30, 44, 52
25: 0, 14, 16, 25, 26, 29, 44, 52
26: 0, 25, 27, 29, 43, 52
27: 0, 25, 26, 29, 43, 52
28: 0, 24, 27, 30, 42, 52
29: 0, 25, 26, 30, 42, 52
30: 1, 31, 41, 52
31: 0, 33, 39, 52
32: 2, 3, 4, 5, 6, 8, 9, 52
33: 1, 2, 10, 52
34: 5, 52
35: 0, 52
36: 0, 52
37: 0, 52
38: 0, 52
