0: 
1: 11, 12
2: 11, 12, 15, 17
3: 11, 13, 14, 16, 17, 18
4: 11, 13, 15, 19, 50, 52
5: 11, 13, 14, 16, 17, 18, 41, 42, 43, 44, 45, 52
6: 12, 13, 15, 16, 17, 18, 20, 21, 33, 34, 35, 52
7: 10, 11, 12, 14, 15, 22, 23, 52
8: 0, 52
9: 0, 52
10: 0, 48
11: 0, 43, 44, 45
12: 5, 6, 7, 9, 10, 37, 38, 43
13: 13, 22, 23, 24, 25, 26, 27, 28, 30, 31, 38, 45
14: 13, 24, 39, 45
15: 14, 24, 39, 46
16: 15, 25, 39, 46
17: 15, 25, 39, 47
18: 15, 25, 34, 36, 40, 47
19: 14, 26, 34, 36, 39, 47
20: 15, 26, 35, 38, 39, 47
21: 16, 26, 36, 47
22: 16, 27, 36, 47, 49, 50
23: 17, 27, 37, 50
24: 18, 28, 38, 51
25: 19, 28, 39, 51
26: 19, 29, 40, 52
27: 20, 29, 39, 52
28: 21, 30, 39, 52
29: 21, 30, 40, 52
30: 22, 31, 40, 52
31: 22, 32, 41, 52
32: 23, 33, 42, 52
33: 23, 32, 43, 52
34: 24, 33, 43, 52
35: 24, 33, 44, 52
36: 25, 33, 45, 52
37: 25, 33, 45, 52
38: 25, 34, 46, 52
