0: 0, 14
1: 0, 14
2: 0, 14
3: 0, 14
4: 0, 14
5: 0, 14
6: 0, 14
7: 0, 14
8: 0, 14
9: 0, 14
10: 0, 14
11: 0, 14, 36, 37
12: 0, 14, 34, 37, 45, 48
13: 0, 14, 30, 40, 41, 50
14: 0, 14, 23, 24, 30, 51
15: 0, 14, 18, 20, 21, 24, 25, 50
16: 1, 14, 15, 26, 27, 50
17: 2, 14, 29, 48
18: 2, 14, 30, 38, 44, 45, 46, 47
19: 3, 14, 31, 38
20: 2, 14, 29, 38
21: 2, 14, 27, 38
22: 2, 14, 26, 37
23: 1, 14, 25, 37
24: 0, 14, 25, 37
25: 0, 14, 25, 36
26: 0, 14, 29, 35
27: 0, 14
28: 0, 14
29: 0, 14
30: 0, 14
31: 0, 14
32: 0, 14
33: 0, 14
34: 0, 14
35: 0, 14
36: 0, 14
37: 0, 14
38: 0, 14
