0: 
1: 
2: 
3: 
4: 
5: 
6: 
7: 
8: 
9: 0, 6
10: 1, 5
11: 1, 5
12: 2, 6
13: 0, 4
14: 0, 4
15: 0, 1, 2, 8, 9, 10
16: 0, 9, 10, 14
17: 0, 15, 21, 22
18: 0, 15, 21, 22
19: 0, 15, 21, 23
20: 0, 16, 17, 18, 20, 23, 24, 25, 26, 27, 28, 29, 30, 31, 32, 33, 34, 35, 36, 37, 38, 39, 40, 41, 42, 43, 44, 45
21: 0, 15, 16, 17, 18, 23, 24, 25, 26, 27, 28, 29, 30, 31, 32, 33, 34, 35, 36, 37, 38, 39, 40, 41, 42, 43
22: 0, 12, 20, 22
23: 0, 10, 18, 21
24: 0, 10, 18, 21
25: 0, 9, 17, 19
26: 0, 8, 16, 19
27: 1, 6, 15, 17
28: 2, 8, 14, 17
29: 2, 9, 13, 15
30: 0, 8, 12, 15
31: 1, 9, 11, 13
32: 0, 8, 9, 12
33: 0, 8, 9, 11
34: 0, 10
35: 2, 5, 6, 9
36: 1, 3, 6, 8
37: 0, 6
38: 0, 6
