0: 0, 42
1: 0, 41
2: 0, 40
3: 0, 39
4: 0, 39
5: 0, 38
6: 0, 36
7: 0, 35
8: 0, 34, 50, 52
9: 0, 33, 44, 45, 46, 52
10: 0, 32, 42, 52
11: 0, 31, 40, 52
12: 0, 30, 40, 52
13: 0, 29, 39, 52
14: 0, 28, 38, 52
15: 0, 27, 35, 52
16: 0, 27, 34, 52
17: 0, 26, 32, 52
18: 0, 25, 32, 52
19: 0, 25, 30, 52
20: 0, 23, 29, 52
21: 0, 22, 28, 52
22: 0, 21, 28, 52
23: 0, 19, 27, 52
24: 0, 17, 23, 24, 25, 52
25: 0, 15, 19, 52
26: 0, 52
27: 0, 52
28: 0, 52
29: 0, 52
30: 0, 52
31: 0, 52
32: 0, 52
33: 0, 52
34: 0, 52
35: 0, 52
36: 0, 52
37: 0, 52
38: 0, 52
