0: 6, 9, 13, 36
1: 6, 9, 14, 36
2: 6, 9, 15, 36
3: 6, 9, 16, 35
4: 6, 10, 17, 36
5: 5, 9, 18, 35
6: 5, 9, 20, 37
7: 4, 9, 21, 36
8: 4, 8, 23, 35
9: 3, 8, 24, 34
10: 3, 7, 25, 34
11: 3, 7, 26, 34
12: 2, 7, 27, 33
13: 2, 7, 26, 33
14: 2, 7, 24, 33
15: 2, 6, 23, 35
16: 2, 7, 23, 25, 26, 38
17: 1, 6, 23, 25, 26, 40
18: 2, 7, 24, 34, 36, 42
19: 1, 6, 24, 34, 39, 43, 49, 52
20: 2, 7, 24, 33, 40, 44, 45, 52
21: 1, 7, 22, 23, 25, 33, 37, 38, 39, 46
22: 2, 7, 21, 33, 34, 39, 40, 42
23: 2, 7, 21, 34
24: 2, 7, 21, 32
25: 2, 8, 19, 29
26: 2, 8, 15, 29
27: 2, 8, 11, 15, 16, 30
28: 3, 12, 17, 30
29: 3, 9, 19, 30
30: 2, 7, 19, 30
31: 20, 30
32: 21, 30
33: 24, 29
34: 
35: 
36: 
37: 
38: 
