0: 0, 3, 13, 44
1: 0, 3, 12, 44
2: 0, 2, 11, 42
3: 0, 2, 10, 41
4: 0, 2, 9, 40
5: 0, 2, 9, 40
6: 0, 2, 9, 39
7: 0, 2, 8, 39
8: 0, 2, 9, 38
9: 0, 2, 8, 32
10: 0, 2, 8, 30
11: 0, 2, 9, 29
12: 0, 2, 8, 17, 19, 28, 39, 40
13: 0, 3, 8, 16, 21, 28, 39, 41
14: 0, 3, 9, 16, 22, 27, 40, 43
15: 0, 3, 8, 16, 20, 26, 41, 44
16: 0, 4, 9, 16, 19, 26, 42, 45
17: 0, 4, 8, 16, 17, 27, 42, 46
18: 0, 5, 9, 26, 42, 46
19: 0, 6, 9, 27, 31, 33, 43, 47
20: 0, 6, 9, 26, 30, 33, 43, 48
21: 0, 7, 10, 26, 29, 34, 43, 48
22: 0, 8, 11, 26, 28, 34, 43, 48
23: 0, 10, 12, 25, 29, 34, 43, 49
24: 0, 11, 13, 24, 31, 32, 43, 49
25: 0, 12, 15, 23, 43, 50
26: 0, 15, 17, 22, 43, 49
27: 0, 16, 43, 50
28: 0, 15, 43, 50
29: 0, 14, 43, 50
30: 0, 14, 42, 50
31: 0, 14, 42, 50
32: 0, 13, 41, 50
33: 0, 13, 41, 50
34: 0, 12, 39, 50
35: 0, 13, 39, 50
36: 0, 12, 37, 50
37: 0, 12, 36, 49
38: 0, 12, 34, 49
