0: 0, 26, 51, 52
1: 0, 25, 51, 52
2: 0, 25
3: 0, 26, 42, 47
4: 0, 25, 41, 49
5: 0, 26, 40, 50
6: 0, 25, 40, 52
7: 0, 26, 39, 52
8: 0, 25, 41, 52
9: 0, 26, 41, 48
10: 0, 26, 43, 47
11: 0, 25, 43, 46
12: 0, 26, 42, 44
13: 0, 26
14: 0, 26
15: 0, 26
16: 0, 26
17: 0, 26
18: 0, 26
19: 3, 26
20: 3, 26
21: 4, 26
22: 4, 26
23: 4, 26
24: 3, 14, 16, 26
25: 2, 9, 15, 26
26: 2, 8, 14, 27
27: 0, 5, 12, 26
28: 0, 4, 11, 26
29: 8, 26
30: 7, 27
31: 4, 26
32: 2, 27
33: 0, 26
34: 0, 27
35: 0, 26
36: 0, 27
37: 0, 26
38: 0, 27
