0: 32, 34, 37, 39
1: 32, 35, 37, 39
2: 33, 35, 37, 39
3: 33, 35, 37, 40
4: 33, 36, 37, 39
5: 33, 40
6: 34, 39
7: 34, 41
8: 32, 42
9: 33, 41
10: 33, 41
11: 34, 41
12: 34, 40
13: 31, 32, 34, 41
14: 31, 32, 35, 41
15: 32, 33, 35, 41
16: 32, 33, 34, 40
17: 32, 33, 35, 40
18: 33, 40
19: 30, 39
20: 29, 39
21: 28, 32, 33, 39
22: 28, 30, 33, 39
23: 28, 31, 33, 39
24: 29, 31, 32, 39
25: 29, 31, 33, 38
26: 30, 32, 34, 37
27: 31, 32, 33, 35, 36, 37
28: 32, 34, 36, 37
29: 32, 34, 36, 39
30: 32, 33, 37, 38
31: 
32: 
33: 
34: 
35: 
36: 
37: 
38: 
