0: 0, 26, 40, 47
1: 0, 26, 39, 47
2: 0, 26, 39, 48
3: 0, 27, 38, 46
4: 0, 26, 38, 45
5: 0, 25, 36, 37, 38, 45
6: 0, 23, 37, 44
7: 0, 23, 36, 37, 38, 44
8: 0, 21, 37, 44
9: 0, 20, 38, 44
10: 0, 17, 37, 38, 39, 43
11: 0, 17, 26, 27, 41, 44
12: 0, 17, 22, 23, 26, 27
13: 0, 17, 21, 22, 25, 28
14: 0, 16, 19, 21, 25, 28
15: 0, 16, 24, 28
16: 0, 16, 19, 20, 26, 27
17: 0, 15, 18, 21, 22, 29
18: 0, 15, 17, 30, 51, 52
19: 0, 14, 17, 31, 36, 39, 50, 52
20: 0, 32, 39, 40, 48, 52
21: 0, 32, 39, 41, 47, 52
22: 0, 30, 40, 42, 46, 52
23: 0, 29, 41, 43, 45, 52
24: 0, 28, 41, 43, 44, 52
25: 0, 29, 41, 52
26: 0, 27, 40, 52
27: 0, 27, 40, 52
28: 0, 26, 40, 52
29: 0, 26, 40, 52
30: 0, 26, 40, 52
31: 0, 27, 39, 52
32: 0, 27, 39, 52
33: 0, 28, 38, 52
34: 0, 29, 37, 52
35: 0, 29, 35, 52
36: 0, 30, 35, 52
37: 0, 31, 33, 52
38: 0, 52
