0: 22, 43, 44, 48
1: 25, 45
2: 25, 26, 29, 43
3: 32, 42
4: 33, 42
5: 31, 45
6: 30, 33, 34, 48
7: 28, 32, 35, 42, 45, 51
8: 25, 28, 35, 42, 47, 51
9: 25, 26, 35, 42
10: 36, 41
11: 35, 42
12: 35, 41
13: 35, 41
14: 36, 41
15: 34, 42
16: 34, 42
17: 35, 41
18: 34, 42
19: 32, 41
20: 6, 7, 9, 10, 12, 13, 27, 28, 29, 41
21: 6, 41
22: 14, 15, 17, 18, 19, 20, 22, 23, 24, 25, 27, 28, 29, 30, 33, 41
23: 34, 40
24: 36, 40
25: 
26: 
27: 
28: 
29: 44, 52
30: 43, 52
31: 42, 44, 50, 52
32: 42, 43, 49, 52
33: 42, 43, 49, 52
34: 41, 42, 49, 52
35: 41, 42, 49, 52
36: 50, 52
37: 50, 52
38: 
