0: 1, 52
1: 1, 52
2: 0, 16, 21, 52
3: 1, 15, 22, 52
4: 0, 15, 23, 52
5: 0, 14, 23, 52
6: 0, 14, 23, 52
7: 0, 14, 23, 52
8: 0, 15, 22, 52
9: 1, 16, 21, 52
10: 0, 18, 19, 52
11: 1, 52
12: 1, 52
13: 2, 52
14: 2, 52
15: 3, 52
16: 4, 32, 39, 40, 41, 52
17: 4, 29, 43, 52
18: 5, 6, 7, 27, 44, 52
19: 6, 26, 46, 52
20: 8, 24, 47, 52
21: 10, 22, 48, 52
22: 13, 14, 15, 16, 17, 18, 49, 52
23: 50, 52
24: 50, 52
25: 51, 52
26: 51, 52
27: 51, 52
28: 
29: 33, 34
30: 31, 36
31: 30, 37
32: 30, 37
33: 29, 37
34: 30, 37
35: 30, 36
36: 31, 36
37: 
38: 51, 52
