0: 0, 23, 35, 52
1: 0, 24, 34, 52
2: 0, 24, 34, 52
3: 0, 24, 34, 47, 49, 52
4: 0, 24, 33, 46, 50, 52
5: 0, 23, 34, 45
6: 0, 22, 34, 44
7: 0, 21, 34, 43
8: 0, 20, 35, 42
9: 0, 19, 36, 41
10: 0, 14, 15, 16, 18, 19
11: 0, 12, 42, 43, 45, 46, 47, 49
12: 0, 11, 40, 52
13: 0, 11, 23, 25, 38, 52
14: 0, 11, 22, 25, 38, 52
15: 0, 11, 20, 25, 38, 52
16: 0, 27, 37, 52
17: 0, 27, 37, 52
18: 0, 28, 37, 52
19: 0, 29, 36, 52
20: 0, 31, 36, 52
21: 0, 28, 37, 52
22: 0, 26, 39, 52
23: 0, 27, 40, 52
24: 0, 26, 39, 52
25: 0, 25, 42, 52
26: 0, 24, 41, 52
27: 0, 23, 40, 52
28: 0, 20, 40, 52
29: 0, 20, 40, 52
30: 0, 22, 40, 52
31: 0, 24, 42, 52
32: 0, 24, 43, 52
33: 0, 24, 44, 52
34: 0, 25, 45, 52
35: 0, 25, 42, 52
36: 0, 26, 44, 52
37: 0, 27, 44, 52
38: 0, 30, 43, 52
