0: 0, 19, 22, 52
1: 0, 20, 24, 26, 27, 28, 29, 30, 31, 32, 33, 34, 35, 52
2: 0, 20, 25, 26, 27, 28, 29, 30, 31, 32, 33, 35, 36, 52
3: 0, 22, 24, 25, 26, 27, 28, 29, 30, 31, 32, 33, 35, 52
4: 0, 22, 25, 26, 27, 28, 29, 30, 31, 32, 33, 52
5: 0, 23, 25, 52
6: 0, 23, 25, 52
7: 0, 21, 27, 28, 29, 52
8: 0, 19, 30, 52
9: 0, 19, 33, 52
10: 0, 19, 34, 52
11: 0, 20, 35, 52
12: 0, 20, 35, 52
13: 0, 21, 35, 52
14: 0, 22, 34, 52
15: 0, 22, 33, 52
16: 0, 23, 32, 52
17: 0, 23, 31, 52
18: 0, 24, 30, 52
19: 0, 24, 30, 31, 32, 52
20: 0, 24, 30, 31, 33, 52
21: 0, 24, 29, 31, 32, 52
22: 0, 25, 32, 52
23: 0, 24, 32, 52
24: 0, 19, 21, 24, 31, 52
25: 0, 19, 22, 24, 31, 52
26: 0, 19, 31, 52
27: 0, 21, 31, 52
28: 0, 23, 30, 52
29: 0, 24, 29, 52
30: 0, 23, 28, 52
31: 0, 23, 30, 52
32: 0, 23, 30, 52
33: 0, 22, 29, 52
34: 0, 23, 28, 52
35: 0, 24, 27, 52
36: 0, 52
37: 0, 52
38: 0, 52
