0: 23, 41
1: 24, 42
2: 24, 41
3: 20, 22, 24, 41
4: 20, 23, 24, 40
5: 21, 40
6: 21, 39
7: 20, 39
8: 20, 38
9: 19, 23, 24, 38
10: 19, 23, 24, 38, 51, 52
11: 19, 23, 24, 38
12: 20, 23, 24, 38, 49, 50, 51, 52
13: 20, 23, 25, 38, 45, 49, 50, 52
14: 20, 23, 25, 38, 44, 46, 49, 52
15: 20, 23, 26, 37, 43, 45, 48, 52
16: 19, 24, 27, 38, 42, 44, 47, 52
17: 19, 24, 26, 37, 42, 43, 45, 52
18: 19, 25, 26, 37, 40, 42, 43, 52
19: 18, 25, 26, 27, 28, 38, 40, 52
20: 18, 26, 27, 37, 40, 52
21: 18, 25, 27, 37, 39, 52
22: 20, 22, 23, 24, 26, 37, 38, 52
23: 26, 52
24: 25, 51
25: 24, 50
26: 23, 49
27: 22, 24, 25, 49
28: 23, 50
29: 24, 50
30: 22, 23, 24, 25, 26, 50
31: 23, 24, 25, 50
32: 18, 20, 21, 22, 24, 51
33: 17, 19, 20, 21, 22, 50
34: 17, 18, 19, 50
35: 17, 18, 20, 50
36: 17, 18, 20, 49
37: 17, 31, 36, 48
38: 18, 28, 38, 49
