0: 19, 33
1: 19, 32
2: 20, 32
3: 20, 32
4: 21, 31
5: 21, 31
6: 21, 31
7: 21, 30
8: 21, 31
9: 22, 32
10: 20, 21, 22, 32
11: 19, 31
12: 21, 31
13: 20, 32
14: 18, 34
15: 18, 35
16: 17, 35
17: 17, 35
18: 16, 35
19: 16, 36
20: 16, 36
21: 16, 20, 21, 31, 32, 36
22: 15, 19, 21, 31, 32, 36
23: 15, 17, 21, 31, 34, 37
24: 14, 15, 17, 20, 21, 31, 32, 33, 34, 35, 36, 38
25: 16, 31, 32, 36
26: 15, 37
27: 15, 37
28: 14, 37
29: 14, 38
30: 14, 21, 22, 30, 31, 38
31: 13, 14, 15, 37, 38, 39
32: 15, 38
33: 15, 25, 26, 33, 34, 38
34: 15, 23, 28, 33, 35, 36, 37, 38
35: 15, 17, 19, 20, 21, 22, 30, 31, 32, 33, 35, 37
36: 15, 16, 18, 19, 20, 21, 31, 32, 33, 34, 36, 37
37: 15, 16, 18, 19, 20, 21, 31, 32, 36, 37
38: 36, 37
