0: 0, 52
1: 0, 52
2: 0, 52
3: 0, 52
4: 0, 52
5: 0, 52
6: 0, 52
7: 0, 52
8: 0, 52
9: 0, 52
10: 0, 52
11: 0, 52
12: 0, 52
13: 0, 38, 41, 52
14: 0, 36, 44, 52
15: 0, 35, 43, 52
16: 0, 33, 44, 52
17: 0, 32, 45, 52
18: 0, 30, 44, 49
19: 0, 29, 45, 48
20: 0, 29, 45, 49
21: 0, 28, 45, 49
22: 0, 27, 45, 50
23: 0, 26, 45, 49
24: 0, 24, 34, 37, 38, 39, 43, 49
25: 0, 24, 34, 50
26: 0, 22, 33, 51
27: 0, 22, 34, 51
28: 0, 22, 29, 31, 34, 52
29: 0, 22, 27, 52
30: 0, 22, 27, 52
31: 0, 23, 27, 52
32: 0, 23, 26, 52
33: 0, 24, 26, 52
34: 0, 52
35: 0, 52
36: 0, 52
37: 0, 52
38: 0, 52
