0: 0, 4, 26, 48, 49, 52
1: 0, 3, 24, 49, 50, 52
2: 0, 3, 23, 24, 25, 49, 50, 52
3: 0, 2, 24, 50, 51, 52
4: 0, 1, 23, 51
5: 0, 1, 22, 51
6: 23, 33, 34, 35, 37, 52
7: 22, 33, 38, 52
8: 22, 32, 39, 52
9: 22, 31, 39, 52
10: 22, 32, 40, 52
11: 22, 32, 39, 52
12: 23, 33, 39, 52
13: 22, 34, 37, 52
14: 23, 52
15: 23, 52
16: 24, 52
17: 24, 52
18: 25, 52
19: 26, 52
20: 27, 52
21: 28, 52
22: 28, 52
23: 29, 52
24: 29, 52
25: 30, 52
26: 15, 18, 30, 52
27: 13, 19, 30, 52
28: 13, 19, 30, 52
29: 13, 20, 30, 52
30: 13, 19, 30, 52
31: 14, 18, 19, 20, 30, 52
32: 15, 16, 17, 18, 30, 52
33: 0, 1, 30, 51
34: 0, 1, 29, 51
35: 1, 2, 29, 50
36: 2, 3, 29, 49
37: 3, 4, 28, 49
38: 27, 48
