0: 5, 8, 19, 36
1: 5, 8, 20, 36
2: 5, 9, 21, 35
3: 4, 8, 22, 36
4: 4, 8, 22, 36
5: 3, 8, 23, 35
6: 3, 7, 24, 35
7: 2, 7, 25, 34
8: 2, 7, 25, 33
9: 2, 6, 26, 33
10: 1, 6, 26, 32
11: 1, 6, 25, 33
12: 1, 6, 24, 32
13: 1, 6, 23, 36
14: 1, 5, 22, 25, 26, 39
15: 1, 6, 23, 41
16: 1, 5, 23, 33, 37, 43, 49, 52
17: 1, 6, 24, 34, 40, 43, 44, 45, 46, 52
18: 0, 6, 24, 33, 39, 47
19: 1, 6, 24, 32, 36, 43
20: 1, 6, 24, 37
21: 1, 6, 22, 33
22: 1, 7, 21, 31
23: 1, 7, 19, 20, 21, 29
24: 1, 7, 17, 29
25: 2, 8, 13, 17, 20, 30
26: 2, 8, 10, 14, 21, 31
27: 2, 10, 21, 30
28: 3, 9, 21, 31
29: 2, 6, 22, 32
30: 3, 4, 23, 31
31: 23, 30
32: 26, 28
33: 
34: 
35: 
36: 
37: 
38: 
