0: 39, 44, 45, 46, 51, 52
1: 40, 45, 51, 52
2: 39, 44, 50, 52
3: 38, 44, 50, 52
4: 36, 44, 51, 52
5: 37, 44
6: 37, 44, 51, 52
7: 38, 44, 50, 51
8: 37, 44, 50, 52
9: 38, 44, 50, 51
10: 38, 44, 49, 51
11: 38, 44, 50, 52
12: 39, 44, 49, 51
13: 33, 34, 39, 44, 47, 52
14: 33, 34, 35, 36, 39, 44, 46, 51
15: 34, 35, 36, 37, 40, 44, 47, 52
16: 36, 37, 39, 44, 46, 52
17: 36, 37, 40, 44, 47, 51
18: 37, 38, 40, 44
19: 40, 44
20: 17, 18, 20, 21, 25, 26, 27, 28, 37, 38, 39, 44
21: 15, 32, 35, 36, 37, 44, 51, 52
22: 15, 23, 24, 25, 26, 44, 49, 52
23: 28, 36, 37, 44, 47, 48, 49, 52
24: 37, 44, 49, 52
25: 38, 41, 42, 44, 50, 52
26: 39, 40, 41, 44
27: 39, 40, 42, 44
28: 40, 44
29: 42, 44
30: 43, 44
31: 51, 52
32: 44, 46, 48, 52
33: 44, 52
34: 44, 52
35: 44, 52
36: 44, 52
37: 44, 52
38: 44, 52
