0: 0, 21
1: 0, 21
2: 0, 22
3: 0, 21
4: 0, 21, 51, 52
5: 0, 20, 51, 52
6: 0, 19, 51, 52
7: 0, 18, 25, 26, 27, 28, 51, 52
8: 0, 17, 24, 28, 51, 52
9: 0, 17, 23, 28, 51, 52
10: 0, 16, 22, 29
11: 0, 15, 21, 29, 34, 35
12: 0, 14, 21, 29, 33, 36
13: 0, 13, 21, 29, 33, 36
14: 0, 13, 21, 30, 33, 35
15: 0, 14, 20, 30, 33, 34
16: 0, 14, 20, 30
17: 0, 15, 16, 17, 19, 30
18: 0, 16, 18, 30
19: 0, 15, 17, 30
20: 0, 14, 16, 30
21: 0, 13, 15, 30
22: 0, 30
23: 0, 30
24: 0, 28
25: 0, 25, 26, 27
26: 0, 25
27: 0, 25
28: 0, 28
29: 0, 28
30: 0, 28
31: 0, 31
32: 0, 31
33: 0, 32, 51, 52
34: 0, 32, 51, 52
35: 0, 33, 49, 52
36: 0, 34, 48, 52
37: 0, 37, 38, 39, 45, 52
38: 0, 41, 44, 52
