0: 0, 14, 43, 52
1: 0, 14, 44, 52
2: 0, 14, 46, 52
3: 0, 13, 46, 52
4: 0, 12, 47, 52
5: 0, 12, 45, 46, 47, 52
6: 0, 11, 47, 52
7: 0, 9, 47, 48, 49, 52
8: 0, 8, 48, 52
9: 0, 7, 49, 52
10: 0, 7
11: 0, 7, 50, 51
12: 0, 7, 49, 52
13: 0, 8, 49, 52
14: 0, 9, 47, 52
15: 0, 9, 47, 52
16: 0, 10, 46, 52
17: 0, 11, 44, 52
18: 0, 12, 45, 52
19: 0, 11, 46, 52
20: 0, 12, 47, 52
21: 0, 12, 45, 52
22: 0, 14, 42, 52
23: 0, 14, 42, 52
24: 0, 15, 39, 52
25: 0, 15, 37, 38, 39, 52
26: 0, 16, 37, 52
27: 0, 15, 35, 52
28: 0, 19, 36, 52
29: 0, 19, 36, 37, 38, 52
30: 0, 16, 35, 52
31: 0, 16, 36, 52
32: 0, 16, 37, 38, 39, 52
33: 0, 15, 38, 52
34: 0, 13, 40, 52
35: 0, 11, 39, 40, 41, 52
36: 0, 11, 41, 52
37: 0, 10, 41, 52
38: 0, 9, 42, 52
