0: 27, 30, 34, 35
1: 27, 30, 34, 35
2: 26, 29, 32, 34
3: 26, 29, 32, 34
4: 24, 35
5: 22, 33
6: 22, 34
7: 21, 34
8: 20, 34
9: 20, 34
10: 19, 34
11: 19, 33
12: 19, 32
13: 20, 31
14: 20, 33
15: 21, 33
16: 23, 32
17: 24, 32
18: 23, 33
19: 23, 34
20: 0, 1, 2, 3, 4, 5, 6, 18, 19, 20, 21, 22, 23, 39, 41, 42, 43, 44, 45, 47, 48, 49, 50, 52
21: 0, 7, 8, 52
22: 22, 40
23: 22, 40
24: 22, 23, 24, 39
25: 21, 23, 25, 27, 33, 37
26: 21, 23
27: 21, 23
28: 20, 22
29: 20, 22
30: 20, 22
31: 20, 22
32: 20, 21
33: 19, 21
34: 19, 21
35: 19, 20
36: 19, 20
37: 18, 20
38: 18, 20
