0: 20, 28, 46, 49
1: 20, 29, 37, 40, 45, 48
2: 20, 30, 31, 32, 33, 40, 44, 47
3: 20, 41, 43, 47
4: 20, 46
5: 20, 45
6: 20, 34, 36, 44
7: 19, 35, 38, 44
8: 19, 35, 38, 43
9: 18, 34, 37, 42
10: 18, 34, 35, 40
11: 18, 39
12: 19, 37
13: 18, 28, 29, 36
14: 17, 36
15: 17, 34
16: 17, 32
17: 15, 29
18: 14, 27
19: 13, 25
20: 13, 26
21: 11, 26
22: 0, 2, 3, 4, 5, 27
23: 0, 27
24: 0, 10, 14, 27
25: 11, 28
26: 12, 28
27: 13, 27
28: 14, 28
29: 14, 29
30: 13, 28
31: 14, 29
32: 13, 27
33: 14, 27
34: 15, 28
35: 16, 29
36: 17, 23, 26, 27, 28, 29
37: 20, 21
38: 
