0: 0, 11
1: 0, 10
2: 0, 10
3: 0, 11
4: 0, 10
5: 0, 10
6: 0, 11
7: 0, 10
8: 0, 10
9: 0, 11
10: 0, 10
11: 0, 10
12: 0, 11, 32, 35, 42, 43
13: 0, 10, 33, 34, 37, 38, 39, 45
14: 0, 10, 29, 45
15: 0, 11, 20, 44
16: 0, 10, 18, 22, 23, 24, 28, 35, 36, 44
17: 0, 10, 29, 30, 31, 37
18: 0, 11, 30, 35
19: 0, 10, 29, 33, 34, 35
20: 0, 10, 30, 35
21: 0, 11, 30, 35
22: 0, 10, 28, 34
23: 0, 10, 26, 32
24: 0, 11, 26, 27, 28, 31, 32, 33
25: 0, 10, 29, 32
26: 0, 10
27: 0, 11
28: 0, 10
29: 0, 10
30: 0, 11
31: 0, 10
32: 0, 10
33: 0, 11
34: 0, 10
35: 0, 10
36: 0, 11
37: 0, 10
38: 0, 10
