0: 0, 26, 47, 52
1: 0, 26, 47, 52
2: 0, 26, 47, 52
3: 0, 26, 48, 52
4: 0, 26, 47, 52
5: 0, 26, 42, 43, 47, 52
6: 0, 26, 41, 52
7: 0, 26, 40, 52
8: 0, 26, 40, 52
9: 0, 26, 41, 52
10: 0, 26, 43, 45, 47, 52
11: 0, 26, 44, 46, 47, 52
12: 0, 26, 45, 46, 48, 52
13: 0, 26, 48, 52
14: 0, 26, 47, 52
15: 0, 26, 47, 52
16: 0, 26, 48, 52
17: 0, 26, 50, 51
18: 1, 26
19: 3, 26
20: 7, 26
21: 8, 26
22: 8, 26
23: 7, 13, 14, 26
24: 7, 11, 14, 26
25: 5, 10, 13, 26
26: 3, 8, 12, 26
27: 2, 3, 10, 26
28: 8, 26
29: 4, 5, 6, 26
30: 3, 26
31: 2, 26
32: 3, 26
33: 3, 26
34: 3, 26
35: 3, 26
36: 4, 26
37: 3, 26
38: 3, 26
