0: 23, 41, 42, 43
1: 23, 42
2: 23, 42
3: 19, 20, 23, 41
4: 19, 22, 24, 41
5: 20, 22, 24, 40
6: 21, 23, 24, 40
7: 21, 40
8: 22, 39
9: 20, 39
10: 20, 39
11: 18, 39, 51, 52
12: 19, 38
13: 19, 23, 24, 38, 51, 52
14: 19, 24, 26, 38, 44, 45, 46, 48, 49, 52
15: 18, 37, 43, 44, 49, 52
16: 17, 38, 48, 52
17: 15, 37, 42, 43, 47, 52
18: 14, 37, 44, 52
19: 13, 37, 42, 52
20: 12, 38, 39, 40, 41, 52
21: 13, 36, 40, 52
22: 15, 37, 39, 52
23: 17, 36, 38, 52
24: 22, 52
25: 22, 52
26: 20, 52
27: 22, 52
28: 21, 22, 24, 52
29: 23, 52
30: 25, 52
31: 26, 52
32: 22, 23, 24, 52
33: 21, 22, 25, 52
34: 24, 52
35: 20, 21, 24, 52
36: 19, 20, 21, 52
37: 18, 20, 21, 52
38: 18, 52
