0: 
1: 
2: 23, 24
3: 22, 24, 25, 26
4: 21, 24, 25, 26, 28, 29
5: 20, 26, 27, 28
6: 20, 28, 29, 30
7: 20, 29, 30, 31
8: 19, 31, 32, 33
9: 19, 33, 34, 35
10: 19, 34, 35, 36
11: 19, 36
12: 18, 38
13: 18, 39
14: 18, 41, 48, 52
15: 18, 42, 46, 52
16: 18, 44, 46, 52
17: 18, 45, 47, 52
18: 18, 52
19: 18, 52
20: 18, 52
21: 18, 52
22: 18, 52
23: 18, 52
24: 18, 52
25: 18, 46, 51, 52
26: 19, 45
27: 18, 45
28: 19, 43
29: 19, 43
30: 20, 42
31: 19, 41
32: 20, 40
33: 20, 39
34: 21, 38
35: 21, 37
36: 21, 36
37: 22, 35
38: 22, 34
