0: 0, 8, 21, 22, 31, 32, 35, 52
1: 0, 8, 21, 22, 31, 32, 36, 52
2: 0, 9, 30, 32, 35, 52
3: 0, 10, 31, 32, 35, 52
4: 0, 11, 35, 52
5: 0, 12, 34, 52
6: 0, 12, 35, 52
7: 0, 12, 34, 52
8: 0, 13, 34, 52
9: 0, 14, 20, 21, 33, 52
10: 0, 18, 20, 21, 34, 52
11: 0, 21, 33, 52
12: 0, 21, 33, 52
13: 0, 21, 33, 52
14: 0, 21, 33, 52
15: 0, 22, 32, 52
16: 0, 21, 32, 52
17: 0, 22, 23, 24, 32, 52
18: 0, 22, 33, 52
19: 0, 22, 33, 52
20: 0, 22, 33, 52
21: 0, 22, 33, 52
22: 0, 21, 34, 52
23: 0, 21, 33, 52
24: 0, 21, 33, 35, 36, 52
25: 0, 21, 36, 52
26: 0, 22, 36, 52
27: 0, 21, 36, 52
28: 0, 21, 36, 52
29: 0, 20, 23, 24, 36, 52
30: 0, 19, 22, 28, 35, 52
31: 0, 19, 21, 29, 33, 52
32: 0, 19, 20, 30, 33, 52
33: 0, 30, 33, 52
34: 0, 30, 34, 52
35: 0, 30, 34, 52
36: 0, 31, 35, 52
37: 0, 32, 34, 52
38: 0, 33, 35, 52
