0: 0, 16, 17, 23, 35, 52
1: 0, 16, 17, 22, 35, 52
2: 0, 16, 17, 22, 34, 52
3: 0, 16, 17, 21, 35, 52
4: 0, 17, 18, 22, 35, 52
5: 0, 16, 17, 22, 35, 52
6: 0, 16, 17, 22, 35, 52
7: 0, 16, 17, 22, 35, 52
8: 0, 17, 18, 22, 35, 52
9: 0, 16, 17, 23, 35, 52
10: 0, 17, 18, 23, 35, 52
11: 0, 16, 17, 23, 35, 52
12: 0, 17, 18, 24, 37, 52
13: 0, 16, 17, 25, 38, 52
14: 0, 17, 18, 24, 39, 52
15: 0, 17, 18, 22, 40, 52
16: 0, 17, 18, 20, 26, 27, 40, 52
17: 0, 17, 18, 19, 25, 26, 40, 52
18: 0, 17, 23, 25, 40, 52
19: 0, 17, 21, 25, 39, 52
20: 0, 17, 20, 25, 41, 43, 44, 52
21: 0, 17, 20, 26, 44, 52
22: 0, 17, 20, 26, 44, 52
23: 0, 17, 20, 27, 38, 52
24: 0, 17, 20, 27, 38, 52
25: 0, 16, 20, 26, 28, 29, 39, 52
26: 0, 17, 20, 22, 27, 29, 30, 31, 32, 36, 40, 52
27: 0, 17, 20, 21, 28, 38, 41, 52
28: 0, 16, 29, 39, 42, 52
29: 0, 16, 29, 41, 43, 52
30: 0, 17, 29, 42, 43, 52
31: 0, 20, 29, 52
32: 0, 18, 28, 52
33: 0, 17, 27, 52
34: 0, 17, 27, 52
35: 0, 17, 27, 52
36: 0, 16, 27, 52
37: 0, 16, 27, 52
38: 0, 17, 27, 52
