0: 6, 9, 13, 36
1: 6, 9, 14, 36
2: 6, 9, 14, 36
3: 6, 10, 15, 36
4: 6, 10, 16, 36
5: 5, 9, 18, 35
6: 5, 9, 19, 37
7: 4, 9, 21, 36
8: 4, 8, 23, 35
9: 3, 8, 24, 34
10: 3, 7, 25, 34
11: 3, 7, 26, 34
12: 2, 7, 27, 33
13: 2, 7, 26, 33
14: 2, 7, 25, 33
15: 2, 7, 23, 36
16: 2, 6, 23, 25, 26, 38
17: 1, 7, 23, 26, 27, 41
18: 2, 6, 24, 34, 36, 42
19: 2, 7, 24, 34, 40, 43, 49, 52
20: 1, 7, 24, 33, 40, 52
21: 2, 7, 22, 23, 25, 33, 38, 45, 46, 47
22: 2, 7, 21, 24, 25, 39, 40, 41, 42, 43
23: 2, 8, 21, 33, 34, 35
24: 2, 7, 21, 32
25: 2, 8, 19, 30
26: 2, 8, 15, 29
27: 3, 9, 11, 15, 16, 30
28: 3, 12, 17, 30
29: 3, 9, 19, 30
30: 3, 7, 19, 30
31: 20, 31
32: 21, 30
33: 24, 29
34: 
35: 
36: 
37: 
38: 
