0: 26, 41
1: 25, 42
2: 26, 41
3: 26, 42
4: 22, 23, 27, 42
5: 17, 18, 23, 24, 26, 42, 47, 48
6: 18, 19, 22, 24, 27, 42, 47, 48
7: 17, 19, 23, 25, 27, 43, 46, 48
8: 18, 19, 22, 25, 27, 43, 47, 49
9: 1, 2, 17, 20, 22, 26, 27, 43, 46, 49, 51, 52
10: 1, 2, 13, 14, 17, 20, 22, 25, 27, 44, 46, 49, 51, 52
11: 1, 3, 7, 8, 13, 14, 17, 21, 22, 26, 27, 44, 46, 50, 51, 52
12: 1, 3, 7, 9, 13, 15, 17, 21, 23, 25, 27, 43, 46, 49, 51, 52
13: 1, 4, 7, 9, 13, 15, 18, 20, 23, 43, 47, 49, 51, 52
14: 1, 4, 7, 10, 12, 15, 18, 24, 25, 26, 27, 49, 51, 52
15: 1, 4, 7, 10, 13, 16, 19, 21, 27, 42, 44, 45, 46, 48, 49, 52
16: 1, 5, 7, 10, 12, 16, 18, 20, 28, 41
17: 1, 4, 7, 11, 13, 16, 17, 19, 28, 41
18: 2, 4, 7, 11, 13, 18, 29, 40
19: 0, 6, 8, 10, 14, 17, 31, 38
20: 2, 10, 13, 16, 24, 26, 32, 37
21: 6, 10, 13, 15, 24, 27, 29, 30, 31, 36
22: 9, 14, 24, 27, 29, 36, 37, 38
23: 11, 13, 24, 28, 29, 39
24: 25, 40
25: 22, 41
26: 23, 41
27: 22, 43
28: 22, 41
29: 23, 40
30: 25, 40
31: 25, 40
32: 26, 40
33: 26, 40
34: 27, 39
35: 28, 37
36: 30, 35
37: 
38: 
