0: 23, 42
1: 24, 41
2: 24, 41
3: 19, 21, 24, 41
4: 19, 22, 24, 40
5: 20, 22, 25, 40
6: 20, 23, 24, 39
7: 21, 39
8: 22, 39
9: 23, 39
10: 23, 39
11: 24, 38
12: 18, 38
13: 17, 38, 51, 52
14: 16, 38, 51, 52
15: 16, 22, 23, 37, 46, 47, 50, 52
16: 15, 19, 22, 38, 44, 45, 48, 52
17: 14, 18, 23, 25, 26, 37, 43, 44, 47, 52
18: 13, 17, 25, 37, 42, 43, 47, 52
19: 13, 17, 25, 37, 45, 52
20: 14, 19, 25, 37, 41, 42, 43, 52
21: 15, 18, 25, 37, 38, 39, 41, 52
22: 17, 19, 24, 37, 39, 52
23: 18, 19, 22, 36, 39, 52
24: 19, 20, 22, 36, 37, 52
25: 20, 21, 22, 52
26: 20, 52
27: 21, 24, 25, 52
28: 21, 22, 23, 52
29: 23, 52
30: 25, 51
31: 24, 25, 26, 51
32: 25, 50
33: 20, 21, 22, 51
34: 19, 20, 23, 51
35: 22, 51
36: 17, 19, 20, 51
37: 17, 18, 19, 51
38: 16, 51
