0: 0, 52
1: 0, 52
2: 0, 52
3: 0, 52
4: 0, 52
5: 0, 52
6: 0, 52
7: 0, 52
8: 0, 52
9: 0, 52
10: 0, 52
11: 0, 52
12: 0, 52
13: 0, 47
14: 0, 44
15: 0, 40
16: 0, 35, 36, 37
17: 0, 32
18: 0, 20, 22, 32
19: 0, 21, 23, 28, 29, 30
20: 0, 17, 19, 22, 24, 25
21: 0, 18, 48, 52
22: 0, 20, 44, 52
23: 0, 15, 18, 19, 20, 21, 40, 52
24: 0, 16, 37, 52
25: 0, 21, 30, 52
26: 0, 17, 26, 52
27: 0, 15, 21, 22, 23, 52
28: 0, 52
29: 0, 52
30: 0, 52
31: 0, 52
32: 0, 52
33: 0, 52
34: 0, 52
35: 0, 52
36: 0, 52
37: 0, 52
38: 0, 52
