0: 12, 26
1: 10, 26
2: 9, 26
3: 7, 26
4: 8, 26
5: 8, 26
6: 10, 26, 41, 43
7: 12, 26
8: 14, 26
9: 15, 26, 47, 48
10: 16, 26
11: 18, 25
12: 10, 11, 18, 26
13: 19, 25
14: 20, 25
15: 19, 26
16: 19, 28
17: 9, 11, 19, 31
18: 9, 12, 19, 25, 26, 29
19: 9, 13, 19, 26, 29, 31
20: 8, 14, 19, 26
21: 8, 15, 19, 25, 43, 44
22: 8, 15, 20, 24
23: 8, 17, 18, 23, 30, 31
24: 9, 22
25: 3, 5, 8, 23, 35, 36
26: 9, 24
27: 9, 24
28: 10, 25
29: 10, 24
30: 11, 24, 51, 52
31: 11, 22, 41, 42, 51, 52
32: 10, 11, 12, 24
33: 14, 24
34: 15, 24
35: 17, 25
36: 19, 24
37: 
38: 
