0: 0, 9, 25, 31
1: 0, 9, 24, 30
2: 0, 9, 22, 30, 51, 52
3: 0, 10, 22, 29, 50, 52
4: 0, 10, 22, 28, 50, 52
5: 0, 9, 20, 21, 22, 28, 49, 52
6: 0, 8, 20, 21, 22, 28, 49, 52
7: 0, 7, 20, 21, 23, 27, 50, 51
8: 0, 6, 20, 22, 23, 27, 51, 52
9: 0, 6, 20, 22, 23, 27
10: 0, 4, 22, 27, 51, 52
11: 0, 3, 7, 8, 24, 26, 50, 52
12: 0, 2, 6, 8, 49, 52
13: 0, 1, 6, 8, 48, 52
14: 0, 1, 10, 12, 48, 52
15: 6, 7, 10, 12, 47, 52
16: 6, 7, 10, 12, 46, 52
17: 5, 6, 9, 13, 45, 52
18: 9, 14, 44, 52
19: 11, 12, 13, 15, 21, 23, 44, 52
20: 4, 5, 7, 17, 22, 23, 42, 52
21: 0, 14, 23, 24, 33, 52
22: 0, 14, 24, 25, 30, 52
23: 0, 12, 25, 26, 28, 52
24: 0, 13, 24, 26, 27, 52
25: 0, 12, 25, 52
26: 0, 10, 24, 52
27: 0, 10, 24, 52
28: 0, 9, 23, 52
29: 0, 10, 23, 52
30: 0, 10, 23, 52
31: 0, 11, 22, 52
32: 0, 12, 21, 52
33: 0, 12, 20, 52
34: 0, 13, 18, 52
35: 0, 13, 18, 52
36: 0, 14, 16, 52
37: 0, 52
38: 0, 52
