0: 17, 18
1: 16, 18
2: 15, 19
3: 14, 19
4: 13, 20
5: 12, 21
6: 11, 22
7: 10, 23
8: 9, 23
9: 8, 24
10: 7, 28
11: 6, 30
12: 5, 30
13: 3, 31
14: 3, 32
15: 1, 31
16: 0, 32
17: 0, 32
18: 0, 34
19: 0, 37
20: 0, 38
21: 0, 39
22: 0, 39
23: 0, 39, 47, 49, 50, 51
24: 0, 39, 47, 50, 51, 52
25: 0, 26, 28, 40, 45, 47
26: 0, 26, 27, 40, 44, 48
27: 0, 42, 43, 48
28: 0, 49
29: 0, 50
30: 0, 26, 27, 28, 29, 51
31: 0, 25, 32, 52
32: 0, 24, 32, 52
33: 0, 25, 33, 52
34: 0, 24, 32, 52
35: 0, 24, 33, 52
36: 0, 24, 32, 52
37: 0, 23, 33, 52
38: 0, 23, 33, 52
