0: 19, 33
1: 20, 32
2: 20, 32
3: 20, 32
4: 21, 33
5: 21, 32
6: 21, 33
7: 22, 33
8: 22, 33
9: 22, 32
10: 23, 33
11: 23, 33
12: 24, 33
13: 24, 32
14: 23, 32
15: 23, 32
16: 23, 31
17: 23, 32, 38, 39, 40, 41
18: 23, 31, 33, 34, 37, 38, 42, 43
19: 23, 30, 34, 38, 43, 44
20: 19, 20, 21, 22, 23, 31, 32, 44
21: 18, 19, 24, 45
22: 22, 44
23: 16, 17, 18, 19, 20, 44
24: 17, 43
25: 17, 42
26: 16, 41
27: 17, 39
28: 18, 37
29: 20, 37
30: 23, 24, 25, 37
31: 26, 36
32: 27, 36
33: 27, 36
34: 28, 35
35: 31, 33
36: 31, 33
37: 32, 34
38: 
