0: 8, 10, 11, 12, 22, 23, 24, 52
1: 5, 6, 8, 10, 11, 13, 21, 22, 23, 52
2: 8, 10, 11, 13, 22, 23, 24, 52
3: 7, 15, 20, 21, 22, 52
4: 5, 17, 22, 23, 24, 52
5: 2, 18, 20, 21, 22, 52
6: 2, 17, 21, 52
7: 2, 17, 20, 21, 22, 52
8: 3, 18, 21, 22, 23, 52
9: 3, 17, 19, 20, 22, 23, 24, 52
10: 4, 17, 21, 22, 23, 52
11: 5, 17, 19, 20, 22, 23, 24, 52
12: 5, 16, 21, 22, 23, 52
13: 6, 16, 17, 18, 23, 52
14: 4, 5, 7, 16, 21, 22, 23, 24, 25, 52
15: 4, 6, 7, 16, 19, 20, 23, 52
16: 4, 16, 17, 18, 22, 23, 24, 52
17: 5, 7, 8, 15, 20, 21, 22, 23, 24, 52
18: 6, 15, 16, 17, 19, 20, 22, 23, 24, 52
19: 3, 4, 5, 14, 15, 16, 17, 18, 21, 22, 23, 24, 25, 52
20: 6, 15, 19, 20, 21, 22, 23, 52
21: 4, 5, 6, 15, 16, 17, 18, 19, 20, 21, 22, 23, 24, 52
22: 5, 6, 7, 16, 19, 20, 21, 52
23: 3, 4, 6, 15, 17, 18, 19, 20, 21, 52
24: 5, 15, 16, 17, 18, 19, 20, 21, 22, 52
25: 3, 4, 6, 15, 16, 17, 18, 19, 20, 31, 32, 52
26: 5, 13, 14, 15, 16, 17, 18, 52
27: 4, 5, 6, 13, 14, 15, 16, 17, 19, 20, 21, 52
28: 5, 11, 13, 14, 15, 16, 17, 52
29: 5, 10, 11, 13, 15, 16, 17, 18, 19, 52
30: 4, 11, 14, 15, 16, 17, 18, 19, 20, 52
31: 4, 11, 12, 13, 14, 15, 17, 52
32: 5, 11, 13, 14, 16, 17, 19, 52
33: 3, 10, 11, 12, 13, 14, 15, 16, 17, 52
34: 3, 10, 11, 12, 15, 16, 17, 18, 19, 52
35: 2, 7, 9, 10, 12, 13, 14, 15, 17, 18, 19, 52
36: 5, 6, 8, 9, 11, 12, 13, 14, 15, 16, 17, 18, 19, 52
37: 7, 8, 10, 11, 13, 14, 16, 17, 18, 52
38: 9, 10, 12, 13, 15, 16, 18, 19, 20, 52
