0: 0, 50
1: 0, 49
2: 0, 50
3: 0, 49
4: 0, 50
5: 0, 49
6: 0, 50
7: 0, 16, 18, 49
8: 0, 15, 16, 17, 18, 50
9: 0, 15, 19, 49
10: 0, 16, 19, 50
11: 0, 17, 19, 49
12: 0, 16, 20, 26, 27, 50
13: 0, 17, 20, 25, 29, 49
14: 0, 17, 20, 24, 30, 50
15: 0, 17, 20, 25, 33, 34, 40, 49
16: 0, 17, 20, 25, 42, 50
17: 0, 17, 21, 25, 43, 49
18: 0, 17, 21, 25, 43, 50
19: 0, 18, 22, 26, 43, 49
20: 0, 18, 22, 26, 43, 50
21: 0, 19, 23, 27, 43, 49
22: 0, 19, 24, 27, 39, 40, 43, 50
23: 0, 20, 24, 28, 38, 41, 43, 49
24: 0, 20, 25, 28, 37, 41, 43, 50
25: 0, 21, 26, 28, 37, 42, 44, 49
26: 0, 22, 37, 50
27: 0, 23, 38, 49
28: 0, 23, 38, 50
29: 0, 23, 39, 49
30: 0, 23, 38, 50
31: 0, 23, 39, 49
32: 0, 23, 38, 50
33: 0, 23, 35, 49
34: 0, 22, 36, 50
35: 0, 23, 36, 49
36: 0, 22, 37, 50
37: 0, 22, 37, 49
38: 0, 22, 37, 50
