0: 0, 13
1: 0, 13
2: 0, 13
3: 0, 13
4: 0, 13
5: 0, 13
6: 0, 13
7: 0, 13
8: 0, 13
9: 0, 13
10: 0, 13, 36, 37
11: 0, 13, 35, 37, 45, 47
12: 0, 13, 24, 25, 30, 31, 32, 37, 41, 42, 43, 49
13: 0, 13, 23, 24, 30, 50
14: 0, 13, 19, 20, 21, 24, 26, 49
15: 0, 13, 16, 27, 28, 48
16: 0, 13, 17, 18, 29, 31, 32, 47
17: 1, 13, 30, 31, 32, 41, 44, 45
18: 1, 13, 30, 31, 32, 37
19: 2, 13, 30, 34, 35, 37
20: 1, 13, 30, 34, 35, 36
21: 1, 13, 31, 37
22: 0, 13, 30, 38
23: 0, 13, 27, 36
24: 0, 13, 25, 36
25: 0, 13, 26, 33
26: 0, 13, 29, 35
27: 0, 13, 30, 33
28: 0, 13
29: 0, 13
30: 0, 13
31: 0, 13
32: 0, 13
33: 0, 13
34: 0, 13
35: 0, 13
36: 0, 13
37: 0, 13
38: 0, 13
