0: 10, 22, 31, 47
1: 10, 21, 31, 47
2: 11, 21, 31, 46
3: 11, 21, 30, 31, 32, 45
4: 12, 20, 22, 23, 28, 29, 31, 44
5: 13, 21, 22, 23, 28, 29, 30, 31, 32, 42
6: 13, 24, 28, 39
7: 14, 24, 28, 38
8: 14, 24, 28, 38
9: 15, 24, 28, 37
10: 15, 24, 27, 37
11: 15, 25, 27, 37
12: 14, 25, 27, 38
13: 15, 37
14: 14, 37
15: 15, 37
16: 15, 38
17: 14, 37
18: 15, 38
19: 14, 27, 28, 37
20: 14, 24, 28, 38
21: 14, 24, 28, 38
22: 14, 24, 28, 38
23: 14, 24, 28, 38
24: 14, 24, 28, 38
25: 14, 24, 28, 38
26: 14, 24, 28, 38
27: 14, 24, 28, 37
28: 15, 23, 28, 38
29: 15, 23, 29, 39
30: 16, 22, 29, 36, 38, 39
31: 15, 20, 28, 30, 39, 40
32: 14, 21, 29, 30, 38, 40, 41, 42
33: 16, 22, 28, 29, 37, 42
34: 16, 19, 29, 30, 39, 41
35: 13, 20, 29, 30
36: 13, 14, 15, 19, 20, 21, 29, 30
37: 14, 16, 18, 19, 21, 22
38: 14, 15, 18, 19
