0: 33, 35
1: 
2: 51, 52
3: 51, 52
4: 51, 52
5: 50, 52
6: 51, 52
7: 51, 52
8: 51, 52
9: 49, 52
10: 48, 52
11: 47, 52
12: 47, 52
13: 48, 52
14: 48, 52
15: 46, 52
16: 43, 52
17: 40, 52
18: 35, 36, 38, 44, 45, 52
19: 0, 10, 11, 13, 14, 15, 16, 17, 18, 19, 20, 21, 22, 23, 24, 25, 27, 28, 29, 30, 31, 32, 33, 34, 35, 42, 43, 44, 45, 52
20: 2, 52
21: 10, 11, 13, 14, 15, 16, 17, 18, 19, 21, 22, 24, 25, 27, 28, 29, 30, 32, 33, 34, 35, 41, 46, 52
22: 35, 36, 46, 52
23: 47, 52
24: 49, 52
25: 51, 52
26: 
27: 
28: 
29: 
30: 
31: 
32: 
33: 
34: 
35: 
36: 
37: 
38: 
