0: 0, 38, 48, 52
1: 0, 39, 49, 52
2: 0, 38, 49, 52
3: 0, 38, 49, 52
4: 0, 39, 49, 52
5: 0, 38, 49, 52
6: 0, 39, 49, 52
7: 0, 38, 49, 52
8: 0, 38, 48, 52
9: 0, 39, 49, 52
10: 0, 38, 48, 50, 51, 52
11: 0, 39
12: 0, 38
13: 0, 39
14: 0, 38
15: 0, 38
16: 0, 39
17: 0, 38
18: 0, 39
19: 0, 14, 17, 38
20: 0, 6, 19, 39
21: 0, 6, 18, 38
22: 0, 5, 19, 38
23: 0, 5, 17, 19, 20, 39
24: 0, 5, 7, 8, 18, 38
25: 0, 4, 7, 9, 19, 39
26: 0, 4, 8, 11, 19, 38
27: 0, 5, 19, 38
28: 0, 7, 18, 39
29: 0, 8, 16, 38
30: 0, 9, 17, 39
31: 0, 8, 17, 38
32: 0, 9, 17, 38
33: 0, 8, 17, 39
34: 0, 9, 17, 38
35: 0, 8, 16, 39
36: 0, 8, 16, 38
37: 0, 7, 16, 39
38: 0, 7, 15, 38
