0: 28, 33, 43, 44
1: 29, 33, 42, 44
2: 29, 33, 42, 44
3: 29, 34, 40, 46
4: 29, 33, 41, 45
5: 30, 33, 40, 45
6: 30, 33, 41, 44, 45, 47
7: 13, 14, 15, 16, 19, 20, 21, 22, 30, 33, 41, 45
8: 10, 11, 12, 26, 31, 33, 42, 45
9: 7, 26, 29, 33, 41, 45
10: 6, 29, 30, 33, 35, 37, 41, 45
11: 5, 29, 31, 36, 38, 39, 41, 45
12: 5, 29, 30, 35, 36, 37, 41, 44
13: 5, 31, 32, 34, 35, 37, 39, 43
14: 4, 35, 37, 44
15: 4, 30, 31, 33, 35, 37, 38, 39, 40, 44
16: 4, 34, 36, 38, 39, 44
17: 5, 33, 34, 36, 38, 42
18: 5, 34, 40, 43
19: 5, 32, 33, 36, 39, 40, 41, 42, 43, 45
20: 7, 31, 35, 36, 37, 40, 41, 43, 44, 48, 49, 51
21: 8, 28, 29, 32, 38, 39, 40, 42, 43, 47, 48, 49, 51, 52
22: 8, 27, 29, 31, 32, 33, 42, 44, 45, 48, 50, 51
23: 7, 27, 28, 30, 33, 35, 43, 45, 47, 48, 49, 51
24: 8, 27, 28, 31, 33, 34, 35, 37, 38, 39, 41, 42, 43, 44, 45, 46, 48, 49, 51, 52
25: 8, 27, 28, 30, 31, 32, 33, 34, 36, 37, 38, 39, 40, 41, 43, 44, 46, 47, 48, 49
26: 9, 29, 30, 32, 39, 40, 42, 44, 49, 50
27: 9, 30, 31, 35, 39, 41
28: 11, 31, 32, 34, 39, 40, 41, 42, 43, 44
29: 12, 29, 30, 31, 32, 33, 35, 36, 40, 42, 43, 44
30: 12, 31, 35, 36
31: 13, 31, 36, 38, 39, 40
32: 13, 31, 36, 37, 38, 39, 41, 42
33: 14, 31, 33, 34, 40, 41
34: 14, 30, 37, 38
35: 16, 30
36: 16, 29
37: 18, 27, 28, 29
38: 18, 27
