0: 0, 21, 35, 42
1: 0, 21, 34, 41
2: 0, 21, 33, 40
3: 0, 22, 34, 40
4: 0, 21, 33, 39
5: 0, 21, 31, 32, 33, 38
6: 0, 19, 31, 32, 33, 39
7: 0, 19, 31, 32, 33, 38
8: 0, 18, 34, 38
9: 0, 17, 32, 38
10: 0, 15, 35, 38
11: 0, 14, 37, 38
12: 0, 13, 21, 23
13: 0, 13, 21, 23
14: 0, 12, 21, 23
15: 0, 12, 16, 17, 20, 23
16: 0, 12, 20, 24
17: 0, 12, 19, 24, 49, 52
18: 0, 11, 20, 25, 33, 34, 45, 52
19: 0, 10, 14, 16, 18, 19, 20, 21, 22, 27, 33, 35, 44, 52
20: 0, 10, 14, 28, 33, 36, 42, 52
21: 0, 25, 35, 37, 42, 52
22: 0, 25, 36, 38, 41, 52
23: 0, 23, 36, 38, 40, 52
24: 0, 24, 36, 52
25: 0, 22, 36, 52
26: 0, 21, 35, 52
27: 0, 21, 35, 52
28: 0, 21, 35, 52
29: 0, 21, 34, 52
30: 0, 21, 34, 52
31: 0, 22, 34, 52
32: 0, 23, 33, 52
33: 0, 24, 32, 52
34: 0, 23, 30, 52
35: 0, 24, 29, 52
36: 0, 25, 28, 52
37: 0, 52
38: 0, 52
