0: 0, 17, 18, 21, 29, 31, 37, 52
1: 0, 17, 18, 21, 29, 31, 38, 52
2: 0, 17, 18, 21, 28, 32, 39, 52
3: 0, 17, 18, 21, 29, 32, 39, 52
4: 0, 17, 18, 20, 28, 31, 39, 52
5: 0, 17, 18, 21, 29, 31, 38, 52
6: 0, 17, 18, 20, 29, 31, 37, 52
7: 0, 17, 18, 21, 37, 52
8: 0, 17, 18, 20, 35, 52
9: 0, 17, 18, 21, 35, 52
10: 0, 17, 18, 21, 36, 52
11: 0, 16, 35, 52
12: 0, 16, 36, 52
13: 0, 16, 36, 52
14: 0, 16, 19, 23, 36, 52
15: 0, 16, 19, 25, 36, 52
16: 0, 15, 19, 25, 37, 52
17: 0, 16, 19, 26, 37, 38, 39, 52
18: 0, 15, 18, 26, 40, 52
19: 0, 14, 19, 25, 40, 52
20: 0, 14, 19, 20, 24, 25, 41, 52
21: 0, 15, 41, 52
22: 0, 17, 42, 52
23: 0, 14, 42, 52
24: 0, 13, 26, 27, 37, 38, 41, 52
25: 0, 11, 26, 27, 38, 52
26: 0, 11, 25, 27, 39, 52
27: 0, 11, 25, 29, 32, 33, 35, 36, 40, 41, 42, 52
28: 0, 11, 22, 38, 45, 52
29: 0, 11, 22, 39, 44, 52
30: 0, 11, 21, 41, 44, 52
31: 0, 12, 21, 42, 45, 52
32: 0, 13, 20, 44, 46, 52
33: 0, 14, 19, 45, 47, 52
34: 0, 52
35: 0, 52
36: 0, 52
37: 0, 52
38: 0, 52
