0: 0, 20, 33, 52
1: 0, 21, 32, 52
2: 0, 21, 31, 52
3: 0, 21, 32, 52
4: 0, 21, 32, 52
5: 0, 22, 31, 52
6: 0, 21, 31, 52
7: 0, 19, 33, 52
8: 0, 19, 33, 52
9: 0, 19, 33, 48, 49, 52
10: 0, 20, 32, 48
11: 0, 2, 3, 9, 10, 13, 16, 19, 33, 36, 38, 40, 42, 47
12: 4, 9, 18, 19, 33, 34
13: 5, 6, 50, 52
14: 49, 52
15: 0, 1, 14, 18, 35, 37, 38, 39, 48, 52
16: 0, 3, 12, 19, 33, 40, 48, 52
17: 0, 4, 11, 19, 33, 42, 47, 52
18: 0, 5, 10, 20, 32, 44, 46, 52
19: 0, 6, 8, 22, 29, 52
20: 0, 7, 8, 24, 28, 52
21: 0, 21, 31, 52
22: 0, 20, 32, 52
23: 0, 21, 31, 52
24: 0, 20, 32, 52
25: 0, 19, 33, 52
26: 0, 18, 33, 52
27: 0, 20, 34, 52
28: 0, 20, 34, 52
29: 0, 20, 36, 52
30: 0, 20, 35, 52
31: 0, 20, 35, 52
32: 0, 21, 31, 32, 35, 52
33: 0, 22, 30, 33, 34, 52
34: 0, 52
35: 0, 52
36: 0, 52
37: 0, 52
38: 0, 52
