0: 0, 11, 12, 52
1: 0, 10, 13, 52
2: 0, 8, 11, 12, 15, 52
3: 0, 8, 9, 10, 12, 13, 15, 52
4: 0, 6, 10, 11, 13, 47, 48, 52
5: 0, 5, 6, 7, 9, 10, 12, 43, 46, 47, 48, 49
6: 0, 4, 7, 8, 11, 12, 14, 44, 45, 46, 50, 52
7: 0, 3, 6, 7, 9, 11, 13, 14, 15, 43, 46, 47, 48, 52
8: 0, 2, 4, 5, 8, 9, 10, 12, 15, 26, 27, 43, 45, 46, 47, 52
9: 0, 4, 6, 11, 17, 25, 26, 27, 29, 41, 43, 44, 48, 52
10: 0, 12, 14, 15, 17, 27, 28, 29, 30, 41, 47, 52
11: 0, 12, 16, 25, 30, 41, 42, 44, 45, 52
12: 0, 13, 15, 26, 27, 28, 29, 30, 31, 41, 43, 44, 45, 52
13: 0, 13, 15, 25, 31, 42, 44, 45, 46, 52
14: 0, 12, 15, 26, 27, 29, 30, 43, 46, 52
15: 0, 11, 14, 25, 26, 30, 31, 43, 46, 52
16: 0, 12, 14, 26, 27, 29, 30, 41, 48, 52
17: 0, 10, 14, 25, 26, 29, 30, 41, 48, 52
18: 0, 8, 17, 25, 27, 28, 30, 41, 48, 52
19: 0, 6, 16, 26, 31, 42, 47, 52
20: 0, 4, 16, 25, 32, 42, 47, 52
21: 0, 3, 15, 25, 31, 43, 47, 52
22: 9, 10, 14, 25, 30, 43, 46, 52
23: 0, 1, 6, 7, 9, 11, 14, 25, 29, 43, 47, 52
24: 0, 4, 5, 9, 14, 25, 29, 44, 47, 50, 51, 52
25: 0, 10, 14, 25, 28, 43, 48, 49
26: 0, 11, 14, 25, 28, 43, 50, 52
27: 0, 10, 14, 25, 29, 44, 48, 49, 50, 52
28: 0, 11, 13, 24, 29, 43, 47, 52
29: 0, 10, 14, 25, 30, 44, 48, 50, 51, 52
30: 0, 10, 14, 25, 29, 43, 47, 52
31: 0, 10, 14, 26, 29, 44, 48, 52
32: 0, 10, 13, 26, 29, 44, 46, 52
33: 0, 11, 13, 26, 29, 52
34: 0, 27, 28, 52
35: 0, 27, 28, 52
36: 0, 52
37: 0, 52
38: 0, 52
