0: 22, 26, 32, 52
1: 22, 26, 33, 52
2: 22, 26, 33, 52
3: 22, 26, 31, 52
4: 21, 26, 30, 52
5: 21, 26, 30, 52
6: 20, 21, 22, 26, 30, 52
7: 21, 26, 28, 30, 31, 52
8: 20, 26, 30, 52
9: 21, 26, 30, 52
10: 20, 26, 30, 52
11: 20, 26, 30, 52
12: 20, 26, 30, 52
13: 20, 26, 30, 52
14: 20, 26, 30, 52
15: 21, 26, 29, 52
16: 22, 26, 27, 52
17: 22, 25, 26, 52
18: 23, 52
19: 23, 26, 27, 52
20: 23, 52
21: 23, 52
22: 24, 26, 27, 52
23: 24, 52
24: 24, 26, 27, 52
25: 24, 52
26: 24, 52
27: 24, 25, 26, 52
28: 23, 52
29: 24, 25, 26, 52
30: 23, 25, 26, 52
31: 23, 25, 26, 52
32: 23, 25, 26, 52
33: 23, 25, 26, 52
34: 23, 25, 26, 52
35: 23, 24, 26, 52
36: 26, 52
37: 26, 52
38: 26, 52
