0: 0, 27, 38, 40, 41, 42, 43, 44
1: 0, 26, 37, 45
2: 0, 26, 37, 47
3: 0, 25, 36, 49
4: 0, 24, 35, 50
5: 0, 23, 34, 51
6: 0, 23, 33, 52
7: 0, 22, 33, 52
8: 0, 22, 32, 52
9: 0, 22, 31, 52
10: 0, 21, 31, 52
11: 0, 22, 32, 52
12: 0, 21, 32, 52
13: 0, 22, 33, 52
14: 0, 21, 33, 52
15: 0, 22, 34, 52
16: 0, 22, 33, 52
17: 0, 20, 34, 52
18: 0, 21, 34, 52
19: 0, 21, 33, 52
20: 0, 22, 34, 52
21: 0, 24, 25, 26, 30, 31, 34, 52
22: 0, 27, 28, 32, 35, 52
23: 0, 32, 35, 52
24: 0, 33, 36, 52
25: 0, 34, 36, 48, 49, 50
26: 0, 34, 37, 47
27: 0, 35, 37, 46
28: 0, 35, 38, 43, 44, 45
29: 0, 44
30: 0, 44
31: 0, 40
32: 0, 41
33: 0, 40
34: 0, 41
35: 0, 40
36: 0, 41
37: 0, 41
38: 0, 42
