0: 22, 24
1: 22, 26
2: 22, 26
3: 22, 27
4: 21, 26
5: 2, 3, 6, 7, 10, 11, 14, 15, 20, 25, 39, 40, 43, 44, 47, 48, 51, 52
6: 0, 20, 25, 52
7: 0, 19, 25, 52
8: 0, 19, 25, 52
9: 0, 18, 25, 52
10: 0, 18, 25, 52
11: 0, 19, 21, 22, 25, 52
12: 0, 21, 26, 52
13: 0, 21, 26, 52
14: 0, 21, 26, 52
15: 0, 21, 27, 52
16: 0, 21, 27, 52
17: 0, 20, 28, 52
18: 0, 20, 28, 52
19: 0, 19, 29, 52
20: 0, 20, 28, 52
21: 0, 20, 21, 23, 25, 26, 28, 52
22: 0, 23, 25, 52
23: 0, 22, 24, 52
24: 0, 22, 24, 52
25: 0, 22, 24, 52
26: 0, 22, 24, 52
27: 0, 23, 25, 52
28: 0, 52
29: 0, 52
30: 0, 52
31: 0, 52
32: 0, 52
33: 0, 52
34: 0, 52
35: 0, 52
36: 0, 52
37: 0, 52
38: 0, 52
