0: 19, 21, 27, 29
1: 20, 21, 27, 28
2: 19, 21, 27, 28
3: 19, 21, 26, 28
4: 20, 21, 26, 28
5: 19, 21, 26, 28
6: 20, 21, 26, 27
7: 19, 27
8: 19, 29, 34, 35
9: 18, 30, 31, 32, 33, 34, 37, 38, 40, 41
10: 1, 2, 18, 30, 31, 32, 34, 35, 36, 37, 38, 39
11: 2, 5, 6, 10, 11, 12, 19, 30, 33, 34, 41, 42
12: 6, 7, 8, 9, 10, 14, 19, 29, 31, 33, 35, 36, 37, 38, 39, 40, 44, 45
13: 5, 10, 13, 16, 19, 28, 29, 32, 34, 35, 42, 43, 46, 47
14: 5, 9, 15, 18, 20, 29, 30, 31, 33, 34, 37, 38, 40, 41, 49, 50
15: 6, 9, 17, 28, 29, 30, 31, 32, 34, 35, 36, 37
16: 6, 9, 19, 29, 30, 31, 33, 34, 39, 40, 42, 43, 45, 46
17: 5, 9, 19, 26, 27, 29, 30, 31, 32, 33, 35, 36, 37, 38
18: 6, 10, 18, 25, 28, 30, 31, 32, 33, 34
19: 5, 9, 17, 18, 19, 20, 22, 26, 28, 31, 33, 34, 35, 36, 37, 38, 39, 40
20: 6, 8, 15, 17, 19, 20, 21, 26, 29, 31, 32, 33, 41, 42
21: 6, 9, 18, 20, 22, 26, 30, 32, 33, 34, 35, 36
22: 6, 8, 19, 26, 30, 33, 36, 37, 38, 39
23: 6, 9, 19, 26, 31, 33, 34, 35
24: 7, 8, 20, 25, 32, 34, 35, 36
25: 21, 28, 32, 34
26: 22, 29, 33, 36
27: 21, 26, 27, 31, 34, 35
28: 20, 26, 30, 34, 35, 37
29: 20, 26, 33, 36
30: 21, 27, 36, 37
31: 22, 28, 37, 38
32: 26, 28, 38, 39
33: 27, 28, 39, 40
34: 39, 41
35: 31, 33, 38, 43
36: 30, 35, 37, 40
37: 29, 39
38: 29, 38
