0: 0, 52
1: 0, 52
2: 0, 52
3: 0, 52
4: 0, 52
5: 0, 52
6: 0, 52
7: 0, 52
8: 0, 52
9: 0, 52
10: 0, 52
11: 0, 52
12: 0, 52
13: 0, 30, 31, 32, 33, 52
14: 0, 13, 16, 29, 35, 52
15: 0, 14, 18, 21, 24, 25, 26, 27, 35, 52
16: 0, 16, 19, 22, 35, 52
17: 0, 17, 20, 22, 36, 52
18: 0, 17, 20, 23, 33, 35, 37, 52
19: 0, 18, 20, 24, 33, 52
20: 0, 18, 21, 26, 33, 52
21: 0, 18, 22, 26, 34, 52
22: 0, 19, 24, 26, 35, 52
23: 0, 20, 25, 27, 36, 52
24: 0, 21, 33, 34, 36, 52
25: 0, 23, 33, 52
26: 0, 24, 33, 52
27: 0, 24, 34, 52
28: 0, 23, 35, 52
29: 0, 23, 36, 52
30: 0, 24, 36, 52
31: 0, 23, 37, 52
32: 0, 24, 37, 52
33: 0, 23, 28, 29, 38, 52
34: 0, 23, 38, 52
35: 0, 23, 33, 34, 38, 52
36: 0, 22, 31, 32, 33, 36, 37, 52
37: 0, 23, 32, 52
38: 0, 22, 31, 52
