0: 2, 11, 50, 52
1: 1, 11, 24, 25, 26, 27, 51, 52
2: 0, 10, 24, 28
3: 0, 11, 22, 29
4: 0, 10, 22, 30
5: 0, 11, 23, 29
6: 0, 10, 22, 29
7: 0, 11, 23, 29
8: 0, 11, 25, 26
9: 0, 11
10: 0, 12
11: 0, 12
12: 0, 13
13: 0, 14
14: 0, 14
15: 0, 15
16: 0, 17
17: 0, 18
18: 0, 20
19: 0, 23, 24, 25
20: 0, 30
21: 0, 32
22: 0, 34
23: 0, 35
24: 0, 37
25: 0, 37, 38, 39
26: 0, 38
27: 0, 39
28: 0, 39
29: 0, 40
30: 0, 24, 28, 40
31: 0, 23, 29, 40, 41, 42
32: 0, 22, 30, 41
33: 0, 22, 30, 40
34: 0, 22, 31, 41
35: 0, 22, 29, 40, 41, 42
36: 0, 23, 30, 41
37: 1, 24, 28, 41, 51, 52
38: 2, 40, 50, 52
