0: 0, 52
1: 0, 52
2: 0, 12, 13, 14, 23, 27, 28, 52
3: 0, 2, 3, 4, 24, 27, 29, 52
4: 25, 27, 30, 47, 48, 49
5: 25, 28, 32, 45, 51, 52
6: 26, 29, 33, 46, 47, 52
7: 27, 30, 33, 52
8: 27, 30, 33, 48
9: 28, 30, 32, 46
10: 27, 30, 31, 47
11: 27, 47
12: 27, 39, 40, 47
13: 27, 38, 40, 46
14: 27, 38, 41, 42
15: 27, 38, 39, 41
16: 25, 43, 44, 45, 46, 47
17: 23, 28, 29, 47
18: 23, 28, 29, 47
19: 23, 27, 30, 47
20: 24, 27, 28, 45
21: 26, 43
22: 26, 43
23: 25, 43
24: 23, 41
25: 21, 38
26: 19, 36
27: 18, 35
28: 17, 35, 38, 42
29: 20, 23, 24, 36, 37, 40
30: 19, 23, 27, 39
31: 18, 23, 27, 38
32: 19, 20, 28, 36
33: 31, 32
34: 
35: 
36: 
37: 
38: 
