0: 19, 33
1: 20, 32
2: 20, 32
3: 20, 31
4: 21, 31
5: 21, 31
6: 21, 30
7: 21, 31
8: 21, 31
9: 22, 33
10: 19, 31
11: 19, 20, 21, 31
12: 20, 32
13: 20, 33
14: 18, 35
15: 17, 35
16: 17, 35
17: 17, 35
18: 16, 36
19: 16, 36
20: 16, 20, 21, 31, 32, 36
21: 15, 19, 21, 31, 32, 36
22: 15, 19, 21, 31, 33, 37
23: 14, 16, 17, 18, 21, 31, 34, 37
24: 16, 36, 37, 38
25: 15, 31, 32, 37
26: 15, 37
27: 15, 37
28: 14, 37
29: 13, 21, 22, 38
30: 13, 38
31: 14, 38
32: 13, 14, 15, 38
33: 15, 24, 25, 26, 27, 37, 38, 39
34: 14, 23, 27, 28, 29, 33, 34, 38
35: 15, 20, 31, 33, 35, 37, 38, 39
36: 14, 17, 18, 19, 20, 21, 22, 23, 29, 30, 31, 32, 33, 34, 35, 37
37: 15, 16, 18, 19, 20, 21, 31, 32, 35, 36
38: 15, 16, 19, 20, 31, 32, 36, 37
