0: 
1: 
2: 
3: 
4: 
5: 50, 51
6: 48, 52
7: 0, 1, 48, 52
8: 0, 1, 48, 52
9: 0, 2, 47, 52
10: 0, 2, 48, 52
11: 0, 3, 47, 52
12: 0, 3, 47, 52
13: 0, 4, 47, 52
14: 0, 5, 47, 52
15: 0, 5, 47, 52
16: 0, 6, 47, 52
17: 0, 6, 46, 52
18: 0, 7, 45, 52
19: 0, 7, 44, 52
20: 0, 7, 43, 52
21: 0, 7, 41, 52
22: 0, 7, 40, 52
23: 0, 7, 40, 52
24: 0, 7, 17, 19, 40, 52
25: 0, 7, 18, 20, 41, 52
26: 0, 7, 19, 20, 40, 52
27: 0, 7, 20, 21, 38, 39, 40, 52
28: 0, 8, 40, 52
29: 0, 7, 40, 52
30: 0, 8, 41, 52
31: 0, 7, 41, 52
32: 0, 8, 12, 13, 41, 52
33: 0, 8, 41, 52
34: 0, 9, 41, 52
35: 0, 8, 41, 52
36: 0, 9, 41, 52
37: 0, 8, 41, 52
38: 0, 7, 41, 52
