0: 3, 4, 6, 7, 11, 12, 20, 21, 24, 25, 31, 32
1: 8, 9, 13, 14, 16, 17, 19, 20, 22, 23, 26, 27, 29, 30, 34, 35, 37, 38, 44, 45
2: 12, 13, 15, 16, 18, 19, 21, 22, 24, 25, 40, 41, 47, 48
3: 5, 6, 9, 10, 11, 12, 14, 15, 17, 18, 20, 21, 23, 24, 26, 27, 28, 29, 30, 31, 32, 33, 49, 50
4: 7, 10, 11, 12, 13, 14, 15, 24, 25, 26, 27, 28, 34, 35, 37, 38
5: 3, 4, 7, 9, 10, 11, 12, 27, 28, 29, 30, 31, 32, 33, 40, 41, 44, 45
6: 5, 8, 9, 29, 30, 31, 33, 34, 35, 36
7: 2, 3, 5, 6, 7, 31, 32, 33, 37, 38, 47, 48
8: 4, 5, 6, 32, 33, 34, 35, 36, 39, 40, 42, 43
9: 1, 2, 3, 4, 5, 34, 36, 37
10: 4, 34, 35, 36, 37, 38, 40, 41, 44, 45
11: 1, 2, 3, 36, 38, 39, 49, 50
12: 2, 36, 37, 38, 42, 43, 46, 47
13: 1, 37, 38, 39, 40, 41
14: 1, 37, 38, 39, 43, 44
15: 0, 38, 39, 40, 41, 42
16: 0, 39, 44, 45, 47, 48
17: 0, 39, 40, 41, 42, 43, 49, 50
18: 0, 40
19: 0, 40, 41, 42, 43, 44, 46, 47
20: 0, 41
21: 0, 40, 42, 43
22: 0, 40, 41, 42, 44, 45, 47, 48
23: 0, 41, 49, 50
24: 0, 40, 42, 43
25: 0, 40, 41, 42, 44, 45
26: 0, 40, 42, 43, 46, 47
27: 0, 40, 41, 42
28: 0, 39, 40, 41, 44, 45, 48, 49
29: 0, 40, 42, 43
30: 0, 39, 41, 42
31: 0, 39, 40, 41, 45, 46
32: 0, 39, 42, 43
33: 0, 38, 40, 41, 48, 49
34: 0, 37, 38, 39, 44, 45
35: 1, 38, 39, 40, 41, 42
36: 2, 36
37: 1, 2, 3, 36, 37, 38, 39, 40
38: 3, 35
