0: 13, 36, 48, 52
1: 12, 36, 47, 52
2: 12, 36, 47, 52
3: 11, 36, 46, 52
4: 11, 36, 46, 52
5: 10, 36, 46, 52
6: 9, 37, 45, 52
7: 9, 37, 45, 52
8: 10, 37, 44, 52
9: 9, 38, 44, 52
10: 9, 37, 44, 52
11: 9, 37, 45, 52
12: 9, 38, 45, 52
13: 9, 38, 45, 49, 51, 52
14: 9, 38, 51, 52
15: 10, 38, 51, 52
16: 10, 37, 51, 52
17: 9, 37
18: 8, 36, 46, 47
19: 0, 2, 8, 37, 46, 47
20: 0, 1, 9, 37, 43, 45, 47, 49, 51, 52
21: 10, 36, 45, 52
22: 10, 37, 44, 52
23: 10, 37, 45, 52
24: 10, 38, 46, 52
25: 9, 38, 46, 52
26: 9, 37, 46, 52
27: 9, 38, 47, 52
28: 10, 39, 45, 52
29: 9, 40, 43, 52
30: 7, 40, 42, 52
31: 7, 41, 42, 52
32: 0, 1, 6, 52
33: 0, 3, 6, 52
34: 0, 3, 6, 52
35: 0, 3, 5, 52
36: 0, 52
37: 0, 52
38: 0, 52
