0: 24, 36
1: 24, 36
2: 24, 37
3: 25, 37
4: 24, 37
5: 25, 37
6: 22, 24, 25, 36
7: 22, 37
8: 23, 36
9: 25, 36
10: 24, 36
11: 24, 36, 48, 49
12: 22, 35, 46, 48, 49, 50
13: 22, 35, 45, 46, 48, 49, 50, 51
14: 21, 24, 25, 35, 45, 46, 49, 51
15: 22, 24, 26, 35, 40, 41, 44, 46, 47, 51
16: 23, 25, 26, 35, 37, 39, 40, 41, 42, 50
17: 24, 25, 27, 35, 36, 37, 42, 50
18: 24, 25, 27, 36, 42, 50
19: 25, 26, 27, 35, 39, 49
20: 25, 26, 27, 34, 36, 37, 38, 49
21: 26, 36, 37, 48
22: 27, 47
23: 25, 46
24: 23, 45
25: 22, 23, 24, 44
26: 22, 23, 24, 44
27: 21, 22, 24, 25, 26, 44
28: 23, 24, 25, 44
29: 17, 18, 19, 45
30: 18, 19, 21, 44
31: 17, 18, 20, 45
32: 18, 44
33: 19, 28, 29, 30, 32, 44
34: 33, 43
35: 35, 43
36: 36, 38, 39, 43
37: 41, 43
38: 42, 43
