0: 0, 22, 34, 52
1: 0, 22, 33, 52
2: 0, 21, 33, 52
3: 0, 22, 33, 52
4: 0, 22, 32, 52
5: 0, 23, 32, 52
6: 0, 22, 33, 52
7: 0, 20, 33, 52
8: 0, 20, 34, 52
9: 0, 20, 34, 52
10: 0, 17, 18, 21, 33, 52
11: 0, 3, 6, 12, 13, 16, 19, 20, 34, 40, 41, 50
12: 7, 11, 34, 38, 42, 43, 45, 50
13: 0, 2, 34, 35
14: 0, 4
15: 0, 5, 16, 20, 35, 36
16: 0, 6, 14, 20, 34, 41, 51, 52
17: 0, 7, 14, 21, 33, 43, 50, 52
18: 0, 8, 12, 22, 33, 45, 50, 52
19: 0, 9, 11, 25, 29, 30, 31, 47, 49, 52
20: 0, 23, 29, 52
21: 0, 21, 32, 52
22: 0, 21, 33, 52
23: 0, 22, 32, 52
24: 0, 19, 32, 52
25: 0, 19, 33, 52
26: 0, 19, 34, 52
27: 0, 20, 32, 34, 35, 52
28: 0, 21, 35, 52
29: 0, 20, 35, 52
30: 0, 20, 37, 52
31: 0, 21, 35, 52
32: 0, 21, 35, 52
33: 0, 22, 30, 32, 35, 52
34: 0, 52
35: 0, 52
36: 0, 52
37: 0, 52
38: 0, 52
