0: 0, 21, 40, 41
1: 0, 22, 40, 42, 51, 52
2: 0, 24, 39, 41, 51, 52
3: 0, 26, 50, 52
4: 0, 26, 40, 41, 49, 52
5: 0, 26, 48, 52
6: 0, 26, 48, 52
7: 0, 26, 48, 52
8: 0, 26, 45, 46, 48, 52
9: 0, 26, 44, 52
10: 0, 26, 44, 52
11: 0, 27, 43, 52
12: 0, 27, 43, 52
13: 0, 27, 42, 52
14: 0, 27, 43, 52
15: 0, 28, 43, 52
16: 0, 27, 44, 52
17: 0, 27, 44, 52
18: 0, 27, 45, 52
19: 0, 27, 29, 31, 44, 52
20: 0, 27, 29, 30, 45, 52
21: 0, 27, 45, 52
22: 0, 27, 45, 52
23: 0, 27, 45, 52
24: 0, 28, 46, 52
25: 0, 27, 47, 52
26: 0, 26, 47, 52
27: 0, 26, 46, 52
28: 0, 25, 45, 52
29: 0, 25, 44, 52
30: 0, 25, 46, 52
31: 0, 25, 46, 52
32: 0, 26, 46, 52
33: 0, 26, 46, 52
34: 0, 27, 46, 52
35: 0, 26, 45, 52
36: 0, 27, 45, 52
37: 0, 28, 45, 52
38: 0, 31, 32, 38, 44, 52
