0: 0, 29, 44, 52
1: 0, 26, 43, 52
2: 0, 24, 44, 52
3: 0, 22, 44, 52
4: 0, 20, 44, 52
5: 0, 18, 44, 52
6: 0, 18, 43, 52
7: 0, 17, 42, 52
8: 0, 17, 42, 52
9: 0, 18, 41, 52
10: 0, 20, 41, 52
11: 0, 22, 41, 52
12: 0, 25, 40, 52
13: 0, 24, 40, 52
14: 0, 24, 39, 52
15: 0, 24, 28, 29, 40, 52
16: 0, 25, 28, 30, 40, 52
17: 0, 24, 29, 31, 39, 52
18: 0, 25, 29, 32, 38, 46, 48, 52
19: 0, 25, 30, 33, 40, 43, 46, 52
20: 0, 25, 27, 28, 31, 33, 44, 52
21: 0, 25, 27, 29, 31, 34, 42, 52
22: 0, 25, 27, 29, 32, 33, 39, 52
23: 0, 25, 27, 29, 38, 52
24: 0, 26, 28, 30, 39, 52
25: 0, 25, 27, 30, 39, 52
26: 0, 26, 27, 30, 38, 52
27: 0, 21, 22, 23, 24, 30, 38, 52
28: 0, 19, 20, 21, 26, 31, 38, 52
29: 0, 20, 21, 22, 23, 24, 28, 30, 38, 52
30: 0, 26, 38, 52
31: 0, 28, 37, 52
32: 0, 29, 37, 52
33: 0, 29, 36, 52
34: 0, 29, 35, 52
35: 0, 28, 34, 52
36: 0, 29, 34, 52
37: 0, 29, 34, 52
38: 0, 30, 31, 32, 33, 52
