0: 25, 40
1: 25, 41
2: 24, 42
3: 23, 44
4: 22, 44
5: 23, 26, 27, 28, 29, 44
6: 29, 45
7: 29, 44
8: 29, 44
9: 28, 42
10: 28, 41
11: 27, 42
12: 27, 42
13: 27, 43
14: 27, 43
15: 26, 44
16: 26, 45
17: 27, 40, 41, 46
18: 27, 39, 41, 45
19: 27, 28, 29, 30, 31, 37, 41, 46
20: 27, 36, 42, 47
21: 27, 38, 42, 46
22: 27, 39, 42, 46
23: 25, 39, 42, 46
24: 24, 39, 42, 46
25: 23, 39, 42, 46
26: 23, 38, 42, 45
27: 23, 38, 42, 45
28: 23, 38, 42, 44
29: 24, 38, 41, 44
30: 24, 37, 42, 44
31: 23, 37, 42, 43
32: 24, 36, 42, 43
33: 24, 33, 41, 43
34: 26, 27, 28, 29, 42, 43
35: 41, 43
36: 41, 42
37: 41, 43
38: 
