0: 0, 21, 22, 23, 41, 52
1: 0, 21, 22, 23, 41, 52
2: 0, 21, 41, 52
3: 0, 20, 42, 52
4: 0, 21, 42, 52
5: 0, 21, 27, 28, 41, 52
6: 0, 21, 24, 28, 42, 52
7: 0, 22, 24, 28, 42, 52
8: 0, 22, 24, 27, 42, 52
9: 0, 22, 24, 27, 42, 52
10: 0, 23, 24, 27, 41, 52
11: 0, 23, 24, 26, 42, 52
12: 0, 23, 25, 27, 41, 52
13: 0, 23, 25, 26, 42, 52
14: 0, 24, 25, 26, 42, 52
15: 0, 24, 25, 28, 42, 52
16: 0, 24, 26, 28, 42, 52
17: 0, 25, 26, 28, 30, 31, 43, 52
18: 0, 24, 29, 32, 42, 52
19: 0, 25, 29, 32, 43, 52
20: 0, 24, 29, 31, 43, 52
21: 0, 25, 28, 31, 43, 52
22: 0, 25, 28, 30, 43, 52
23: 0, 26, 27, 31, 43, 52
24: 0, 26, 27, 31, 43, 52
25: 0, 26, 27, 30, 42, 52
26: 0, 26, 28, 30, 42, 52
27: 0, 26, 28, 30, 42, 52
28: 0, 26, 28, 31, 41, 52
29: 0, 27, 28, 32, 40, 52
30: 0, 27, 28, 35, 36, 52
31: 0, 27, 29, 52
32: 0, 27, 29, 52
33: 0, 27, 29, 52
34: 0, 52
35: 0, 52
36: 0, 52
37: 0, 52
38: 0, 52
