0: 0, 26, 41, 52
1: 0, 27, 40, 52
2: 0, 27, 41, 52
3: 0, 26, 41, 52
4: 0, 26, 41, 52
5: 0, 25, 26, 27, 41, 52
6: 0, 17, 19, 25, 26, 27, 41, 52
7: 0, 14, 15, 17, 19, 26, 41, 52
8: 0, 14, 15, 17, 21, 26, 41, 52
9: 0, 14, 16, 17, 22, 27, 41, 52
10: 0, 15, 22, 26, 41, 52
11: 0, 15, 24, 26, 40, 52
12: 0, 15, 40, 52
13: 0, 16, 40, 52
14: 0, 18, 39, 52
15: 0, 20, 39, 52
16: 0, 22, 39, 52
17: 0, 25, 39, 52
18: 0, 27, 39, 52
19: 0, 28, 38, 52
20: 0, 28, 39, 52
21: 0, 28, 38, 52
22: 0, 28, 39, 52
23: 0, 28, 39, 52
24: 0, 28, 38, 52
25: 0, 27, 40, 52
26: 0, 24, 39, 52
27: 0, 26, 38, 52
28: 0, 27, 38, 52
29: 0, 26, 39, 52
30: 0, 26, 38, 52
31: 0, 27, 38, 52
32: 0, 27, 37, 52
33: 0, 29, 35, 52
34: 0, 28, 30, 52
35: 0, 52
36: 0, 52
37: 0, 52
38: 0, 52
