0: 19, 21, 27, 29
1: 20, 21, 27, 28
2: 19, 21, 26, 28
3: 19, 21, 27, 28
4: 20, 21, 26, 28
5: 19, 21, 26, 28
6: 20, 22, 26, 28
7: 20, 27
8: 19, 29
9: 19, 30
10: 1, 2, 19, 30
11: 2, 7, 8, 9, 19, 29
12: 6, 7, 8, 9, 10, 11, 19, 29
13: 5, 10, 11, 15, 20, 28, 30, 32
14: 6, 10, 14, 18, 20, 30
15: 6, 9, 17, 27
16: 6, 9, 20, 26
17: 5, 9, 19, 26
18: 5, 10, 17, 28
19: 6, 9, 16, 17, 19, 21, 22, 25, 27, 28
20: 6, 9, 15, 16, 19, 20, 21, 26
21: 6, 8, 18, 20, 22, 26, 49, 52
22: 6, 9, 19, 26, 47, 49, 50, 51
23: 6, 9, 19, 26, 44, 48, 49, 52
24: 7, 8, 20, 25, 42, 45, 46, 47, 48, 49
25: 21, 29, 40, 43, 44, 45, 46, 47, 48, 49, 50, 52
26: 22, 30, 31, 32, 37, 40, 41, 42, 43, 44, 46, 47, 48, 49, 50, 51
27: 20, 25, 27, 28, 29, 33, 35, 38, 39, 40, 41, 42, 43, 44, 45, 46, 48, 49, 51, 52
28: 20, 26, 32, 37, 38, 39, 40, 41, 42, 43, 44, 45, 46, 47, 48, 49, 50, 51
29: 20, 27, 31, 32, 39, 40, 42, 43, 45, 46, 47, 48, 49, 50, 51, 52
30: 21, 27, 29, 30, 33, 34, 36, 37, 38, 39, 41, 42, 44, 45, 47, 48, 51, 52
31: 21, 24, 25, 29, 40, 41, 43, 44, 45, 46, 48, 49, 50, 51
32: 25, 27, 35, 36, 39, 40, 42, 43, 46, 47, 49, 50
33: 37, 38, 44, 45, 46, 47, 48, 49, 51, 52
34: 30, 33, 39, 44, 47, 48, 50, 51
35: 29, 35, 38, 43, 44, 45, 46, 47, 49, 50
36: 29, 35, 36, 40, 48, 49
37: 29, 39, 41, 42, 43, 44, 45, 46, 47, 48
38: 29, 38
