0: 0, 9, 11, 24, 25, 28, 29, 42, 44, 45, 47, 52
1: 0, 8, 11, 24, 25, 28, 29, 42, 44, 45, 46, 52
2: 0, 9, 11, 24, 25, 28, 29, 41, 46, 52
3: 0, 9, 11, 24, 25, 27, 29, 40, 47, 52
4: 0, 8, 14, 23, 28, 40, 47, 52
5: 0, 7, 14, 22, 29, 41, 47, 52
6: 0, 5, 14, 22, 28, 41, 46, 52
7: 0, 3, 13, 22, 28, 41, 46, 52
8: 0, 1, 13, 23, 28, 41, 46, 52
9: 13, 23, 27, 42, 45, 52
10: 4, 5, 8, 9, 12, 24, 28, 41, 45, 52
11: 0, 2, 3, 7, 12, 24, 27, 41, 46, 48, 50, 52
12: 0, 9, 12, 24, 27, 41, 46, 47
13: 0, 9, 13, 24, 27, 42, 51, 52
14: 0, 9, 12, 24, 28, 43, 48, 52
15: 0, 10, 13, 21, 28, 42, 46, 52
16: 0, 10, 13, 22, 28, 43, 47, 52
17: 0, 9, 13, 22, 28, 42, 46, 48, 49, 52
18: 0, 9, 13, 20, 24, 25, 28, 42, 47, 52
19: 0, 9, 12, 20, 21, 25, 29, 43, 45, 52
20: 0, 10, 12, 25, 28, 44, 45, 52
21: 0, 27, 28, 52
22: 0, 52
23: 0, 52
24: 0, 52
25: 0, 52
26: 0, 52
27: 0, 52
28: 0, 52
29: 0, 52
30: 0, 52
31: 0, 52
32: 0, 52
33: 0, 52
34: 0, 52
35: 0, 52
36: 0, 52
37: 0, 52
38: 0, 52
