0: 19, 33
1: 19, 33
2: 19, 33
3: 20, 32
4: 20, 32
5: 20, 32
6: 21, 31
7: 21, 31
8: 21, 30
9: 21, 30
10: 19, 30
11: 19, 30, 35, 41, 42, 43
12: 19, 29, 31, 44
13: 17, 30, 31, 38, 40, 41
14: 14, 30, 31, 34
15: 12, 33
16: 9, 17, 19, 33
17: 9, 10, 11, 12, 18, 33
18: 10, 13, 19, 33
19: 9, 14, 19, 33
20: 10, 14, 20, 32
21: 9, 15, 20, 31
22: 10, 14, 21, 31
23: 10, 15, 21, 29
24: 9, 10, 11, 14, 21, 30
25: 11, 15, 21, 29
26: 11, 13, 21, 30
27: 11, 12, 21, 32
28: 22, 32
29: 22, 32
30: 22, 32
31: 23, 32
32: 22, 32
33: 22, 32
34: 22, 28, 29, 32
35: 23, 27
36: 23, 25
37: 
38: 
