0: 
1: 
2: 
3: 32, 33, 34, 35
4: 29, 38
5: 23, 24, 25, 39
6: 20, 40
7: 17, 41
8: 16, 43
9: 2, 3, 4, 8, 9, 10, 11, 12, 14, 44
10: 0, 45
11: 0, 46
12: 0, 47
13: 0, 48
14: 0, 49
15: 0, 50
16: 0, 51
17: 0, 52
18: 0, 52
19: 12, 13, 14, 15, 16, 52
20: 22, 23, 24, 52
21: 29, 52
22: 29, 31, 32, 52
23: 22, 24, 25, 26, 27, 35, 38, 52
24: 22, 35, 42, 52
25: 24, 34, 46, 52
26: 19, 20, 23, 35, 49, 52
27: 19, 20, 24, 35
28: 18, 20, 24, 35
29: 19, 20, 26, 35
30: 18, 20, 26, 35
31: 19, 21, 27, 35
32: 18, 20, 28, 35
33: 18, 20, 28, 34
34: 18, 20, 29, 33
35: 17, 20, 29, 33
36: 18, 20, 28, 33
37: 17, 20, 28, 33
38: 18, 20, 29, 33
