0: 19, 34
1: 20, 34
2: 20, 33
3: 20, 33
4: 21, 33
5: 21, 32
6: 21, 32
7: 22, 31, 37, 39, 40, 41
8: 22, 31, 37, 41
9: 22, 31, 35, 40
10: 22, 31, 34, 40
11: 22, 30, 32, 37
12: 17, 19, 21, 36
13: 16, 34
14: 13, 33
15: 11, 12, 13, 33
16: 8, 16, 18, 33
17: 9, 12, 18, 32
18: 10, 13, 19, 33
19: 10, 14, 19, 32
20: 9, 14, 20, 32
21: 10, 15, 19, 31
22: 9, 14, 19, 32
23: 9, 15, 20, 29, 30, 31
24: 9, 10, 11, 12, 13, 14, 21, 29, 30, 31
25: 10, 13, 21, 30
26: 11, 12, 21, 31
27: 12, 13, 21, 31
28: 21, 32
29: 22, 32
30: 22, 32
31: 23, 32
32: 21, 32
33: 21, 32
34: 21, 27, 28, 29, 30, 33
35: 22, 26
36: 22, 23
37: 
38: 
