0: 22, 33
1: 22, 34
2: 23, 33
3: 23, 34
4: 23, 33
5: 23, 34
6: 24, 34
7: 24, 34
8: 23, 34
9: 23, 24, 25, 33
10: 23, 34
11: 25, 33
12: 24, 33
13: 24, 32
14: 24, 33
15: 23, 32, 39, 41, 45, 46
16: 23, 32, 37, 38, 41, 43, 44, 45
17: 23, 32, 36, 37, 43, 45
18: 24, 25, 26, 32, 41, 46
19: 24, 32, 33, 34, 35, 46
20: 24, 25, 26, 32, 33, 46
21: 23, 24, 25, 45
22: 23, 24, 25, 44
23: 20, 21, 22, 23, 24, 43
24: 19, 20, 23, 42
25: 18, 19, 22, 41
26: 21, 40
27: 17, 18, 19, 39
28: 17, 40
29: 18, 39
30: 19, 40
31: 22, 23, 24, 25, 27, 39
32: 29, 39
33: 30, 38
34: 31, 37
35: 35, 37
36: 36, 37
37: 36, 37
38: 
