0: 0, 52
1: 0, 34, 35, 52
2: 0, 29, 30, 32, 35, 52
3: 0, 28, 33, 34, 35, 36, 37, 52
4: 0, 27, 32, 34, 35, 36, 37, 52
5: 0, 27, 32, 36, 37, 38, 39, 52
6: 0, 27, 37, 38, 39, 52
7: 0, 26, 34, 35, 36, 38, 39, 52
8: 0, 25, 34, 38, 39, 40, 41, 52
9: 0, 23, 35, 39, 40, 52
10: 0, 22, 36, 52
11: 0, 21, 36, 52
12: 0, 21, 26, 31, 36, 52
13: 0, 20, 26, 34, 35, 36, 37, 52
14: 0, 19, 25, 52
15: 0, 18, 25, 52
16: 0, 18, 23, 24, 27, 52
17: 0, 19, 22, 52
18: 0, 52
19: 0, 52
20: 0, 52
21: 0, 52
22: 0, 52
23: 0, 52
24: 0, 52
25: 0, 52
26: 0, 52
27: 0, 52
28: 0, 52
29: 0, 52
30: 0, 52
31: 0, 52
32: 0, 52
33: 0, 52
34: 0, 52
35: 0, 52
36: 0, 52
37: 0, 52
38: 0, 52
