0: 19, 42
1: 19, 42
2: 20, 42
3: 19, 42
4: 20, 42
5: 20, 42
6: 20, 22, 24, 42
7: 20, 23, 25, 42
8: 20, 42
9: 20, 42
10: 20, 42
11: 19, 42
12: 19, 42
13: 19, 41
14: 19, 42
15: 17, 41
16: 16, 41
17: 16, 41
18: 16, 41
19: 15, 41
20: 15, 40
21: 16, 40
22: 16, 39
23: 17, 39
24: 17, 39
25: 18, 37
26: 19, 36
27: 20, 34
28: 22, 33
29: 22, 30
30: 21, 25, 26, 31
31: 21, 25, 26, 30
32: 20, 24, 25, 30
33: 19, 24, 25, 31
34: 18, 23, 25, 30
35: 17, 23, 25, 30
36: 16, 22, 24, 31
37: 14, 22, 24, 30
38: 13, 21, 24, 30
