0: 24, 39
1: 25, 39
2: 26, 39
3: 26, 38
4: 27, 38
5: 27, 38
6: 28, 38
7: 29, 38
8: 30, 37
9: 30, 37, 39, 41
10: 5, 6, 28, 37
11: 27, 36
12: 8, 12, 28, 36
13: 8, 9, 10, 12, 28, 36, 46, 47
14: 11, 13, 28, 36
15: 1, 2, 12, 13, 28, 36
16: 0, 3, 12, 13, 27, 36
17: 0, 3, 5, 7, 11, 13, 27, 36
18: 0, 12, 26, 37
19: 0, 10, 26, 36
20: 0, 2, 3, 15, 16, 17, 18, 19, 20, 35
21: 0, 34
22: 4, 32
23: 6, 31
24: 8, 10, 11, 12, 13, 14, 16, 17, 26, 32
25: 24, 30, 31, 33
26: 24, 33
27: 23, 33
28: 22, 33
29: 21, 32
30: 22, 33
31: 21, 32
32: 22, 32
33: 22, 32
34: 23, 30
35: 25, 29
36: 
37: 
38: 
