0: 9, 12, 15, 42
1: 9, 13, 16, 42
2: 9, 13, 17, 42
3: 8, 13, 19, 41
4: 8, 12, 21, 42
5: 7, 12, 24, 41
6: 7, 11, 25, 41
7: 6, 11, 27, 40
8: 6, 11, 28, 39
9: 5, 10, 30, 39
10: 5, 10, 30, 39
11: 5, 10, 31, 38
12: 4, 9, 30, 38
13: 5, 10, 29, 38
14: 4, 9, 27, 42
15: 4, 10, 27, 30, 31, 45
16: 4, 9, 27, 29, 30, 47
17: 4, 9, 27, 40, 42, 49
18: 4, 10, 28, 39, 45, 50
19: 4, 9, 28, 39, 46, 50, 51, 52
20: 4, 10, 29, 38, 45, 52
21: 4, 10, 26, 38, 39, 40, 41, 50
22: 4, 10, 25, 41
23: 4, 10, 25, 38
24: 4, 11, 24, 25, 26, 36
25: 5, 11, 22, 34
26: 5, 11, 17, 34
27: 5, 12, 14, 18, 20, 35
28: 5, 15, 22, 35
29: 6, 12, 23, 35
30: 5, 9, 24, 35
31: 6, 7, 25, 35
32: 26, 35
33: 28, 34
34: 30, 31, 32, 33
35: 
36: 
37: 
38: 
