0: 0, 19, 27, 28, 49, 52
1: 0, 19, 27, 28, 45, 47, 49, 52
2: 0, 20, 45, 49, 50, 52
3: 0, 19, 44, 52
4: 0, 20, 44, 52
5: 0, 20, 44, 52
6: 0, 20, 44, 52
7: 0, 20, 43, 52
8: 0, 21, 43, 44, 45, 52
9: 0, 20, 28, 29, 44, 52
10: 0, 19, 28, 30, 45, 52
11: 0, 18, 27, 30, 44, 46, 47, 52
12: 0, 18, 26, 30, 45, 47, 48, 52
13: 0, 18, 26, 30, 44, 45, 48, 52
14: 0, 17, 26, 29, 47, 52
15: 0, 18, 25, 29, 32, 33, 47, 52
16: 0, 18, 26, 29, 47, 52
17: 0, 19, 25, 28, 47, 52
18: 0, 21, 22, 23, 24, 27, 47, 52
19: 0, 27, 47, 52
20: 0, 26, 47, 52
21: 0, 26, 46, 52
22: 0, 26, 47, 52
23: 0, 24, 46, 52
24: 0, 23, 46, 52
25: 0, 23, 46, 52
26: 0, 23, 46, 52
27: 0, 22, 46, 52
28: 0, 23, 45, 52
29: 0, 23, 45, 52
30: 0, 23, 44, 52
31: 0, 24, 44, 52
32: 0, 25, 43, 52
33: 0, 25, 43, 52
34: 0, 27, 43, 52
35: 0, 28, 29, 30, 42, 52
36: 0, 29, 41, 52
37: 0, 29, 40, 52
38: 0, 28, 36, 52
