0: 0, 4, 11, 14, 38, 39, 40, 41, 48, 52
1: 0, 4, 11, 14, 47, 52
2: 0, 4, 12, 14, 48, 52
3: 0, 5, 12, 13, 47, 52
4: 0, 5, 13, 14, 47, 52
5: 0, 5, 13, 14, 46, 52
6: 0, 6, 14, 15, 46, 52
7: 0, 7, 45, 52
8: 0, 8, 45, 52
9: 0, 8, 44, 52
10: 0, 9, 43, 52
11: 0, 10, 42, 52
12: 0, 11, 41, 52
13: 0, 13, 39, 52
14: 0, 15, 17, 18, 33, 34, 36, 37, 38, 52
15: 0, 21, 32, 52
16: 0, 23, 29, 52
17: 0, 52
18: 0, 52
19: 0, 52
20: 0, 52
21: 0, 52
22: 0, 52
23: 0, 52
24: 0, 52
25: 0, 52
26: 0, 52
27: 0, 52
28: 0, 52
29: 0, 52
30: 0, 52
31: 0, 52
32: 0, 52
33: 0, 52
34: 0, 52
35: 0, 52
36: 0, 52
37: 0, 52
38: 0, 52
