0: 0, 20, 37, 52
1: 0, 20, 37, 52
2: 0, 20, 37, 52
3: 0, 19, 21, 22, 37, 52
4: 0, 19, 37, 52
5: 0, 19, 37, 52
6: 0, 16, 37, 52
7: 0, 13, 36, 52
8: 0, 12, 37, 52
9: 0, 12, 36, 52
10: 0, 13, 36, 52
11: 0, 13, 36, 52
12: 0, 14, 36, 52
13: 0, 14, 36, 52
14: 0, 15, 37, 52
15: 0, 15, 36, 52
16: 0, 16, 36, 52
17: 0, 16, 36, 52
18: 0, 17, 37, 52
19: 0, 17, 36, 52
20: 0, 18, 37, 52
21: 0, 19, 37, 52
22: 0, 19, 36, 52
23: 0, 19, 37, 52
24: 0, 19, 36, 52
25: 0, 19, 36, 52
26: 0, 17, 36, 52
27: 0, 18, 36, 52
28: 0, 18, 35, 52
29: 0, 18, 19, 20, 34, 52
30: 0, 17, 34, 52
31: 0, 19, 32, 52
32: 0, 19, 27, 28, 29, 52
33: 0, 20, 27, 52
34: 0, 16, 27, 52
35: 0, 17, 19, 20, 21, 22, 27, 52
36: 0, 21, 28, 52
37: 0, 22, 24, 25, 26, 27, 28, 52
38: 0, 21, 24, 52
