0: 19, 33
1: 19, 33
2: 19, 33
3: 20, 32
4: 20, 32
5: 20, 32
6: 21, 31
7: 21, 31
8: 22, 30
9: 21, 30
10: 21, 30
11: 21, 30, 35, 44
12: 20, 30, 31, 43
13: 17, 30, 31, 38, 40, 41
14: 14, 30, 31, 34, 41, 42
15: 12, 33, 39, 43
16: 9, 17, 19, 33, 40, 43
17: 8, 9, 10, 11, 12, 13, 18, 33
18: 10, 13, 19, 33
19: 10, 14, 19, 33
20: 9, 13, 20, 32
21: 8, 14, 20, 31
22: 10, 14, 20, 30
23: 9, 14, 21, 29
24: 9, 13, 21, 30
25: 10, 11, 12, 13, 14, 15, 21, 29
26: 10, 11, 12, 13, 21, 30
27: 10, 11, 21, 31
28: 21, 32
29: 11, 12, 22, 32
30: 22, 32
31: 22, 32
32: 23, 32
33: 21, 32
34: 22, 28, 29, 32
35: 22, 26
36: 23, 25
37: 
38: 
