0: 19, 32
1: 16, 35
2: 15, 22, 23, 24, 28, 29, 30, 37
3: 13, 19, 32, 39
4: 12, 17, 34, 39
5: 12, 17, 35, 40
6: 12, 16, 36, 40
7: 12, 16, 36, 40
8: 13, 16, 35, 39
9: 13, 17, 34, 38
10: 14, 19, 32, 37
11: 16, 22, 23, 24, 29, 30, 31, 35
12: 19, 32
13: 14, 16, 21, 23, 24, 25, 28, 32, 37, 38
14: 14, 16, 30, 31, 36, 39
15: 9, 11, 15, 16, 37, 39
16: 9, 12, 41, 44
17: 8, 10, 41, 43
18: 8, 10, 42, 45
19: 9, 11, 43, 44
20: 9, 11, 40, 43
21: 12, 14, 37, 38, 41, 42
22: 13, 14, 17, 19, 37, 39
23: 17, 18, 22, 24, 27, 29, 32, 34
24: 28, 29
25: 
26: 
27: 
28: 
29: 
30: 
31: 
32: 
33: 
34: 
35: 
36: 
37: 
38: 
