0: 4, 6, 16, 36
1: 3, 7, 17, 35
2: 4, 7, 18, 35
3: 4, 8, 20, 36
4: 3, 7, 21, 35
5: 3, 7, 22, 35
6: 3, 7, 23, 34
7: 2, 6, 24, 33
8: 2, 6, 25, 33
9: 1, 6, 25, 33
10: 1, 5, 26, 32
11: 1, 6, 25, 32
12: 1, 5, 24, 34, 35, 36
13: 0, 5, 23, 37
14: 1, 5, 22, 24, 26, 40, 51, 52
15: 0, 5, 22, 33, 35, 42, 48, 52
16: 1, 5, 23, 33, 39, 42, 44, 51
17: 0, 5, 24, 33, 39, 46
18: 0, 6, 24, 32, 37, 43
19: 1, 5, 24, 32, 33, 38, 39, 40
20: 0, 6, 25, 34
21: 1, 6, 24, 32
22: 1, 6, 22, 30
23: 1, 7, 20, 29
24: 1, 7, 18, 21, 22, 30
25: 1, 7, 15, 18, 22, 31
26: 2, 8, 12, 16, 21, 32
27: 2, 8, 10, 13, 21, 33
28: 2, 10, 22, 33
29: 3, 9, 23, 32
30: 3, 7, 24, 32
31: 3, 4, 25, 31
32: 26, 27
33: 
34: 
35: 
36: 
37: 
38: 
