0: 0, 3, 8, 16, 21, 23, 25, 29, 44, 52
1: 0, 4, 8, 14, 22, 23, 25, 29, 45, 52
2: 0, 4, 9, 14, 25, 29, 44, 52
3: 0, 2, 3, 4, 10, 11, 12, 13, 25, 29, 45, 52
4: 25, 28, 44, 52
5: 25, 27, 44, 52
6: 25, 27, 44, 52
7: 26, 28, 44, 52
8: 44, 52
9: 44, 52
10: 43, 52
11: 22, 23, 44, 52
12: 22, 24, 43, 52
13: 14, 15, 21, 24, 43, 52
14: 13, 15, 20, 24, 26, 27, 28, 30, 43, 52
15: 13, 14, 19, 24, 26, 30, 44, 52
16: 17, 18, 19, 24, 26, 31, 44, 52
17: 16, 24, 26, 31, 44, 52
18: 0, 1, 15, 24, 26, 32, 44, 52
19: 0, 2, 11, 24, 26, 31, 44, 52
20: 0, 3, 11, 24, 26, 30, 44, 52
21: 0, 3, 10, 13, 14, 24, 26, 30, 44, 52
22: 0, 4, 10, 13, 14, 24, 26, 29, 44, 52
23: 0, 5, 9, 12, 15, 25, 26, 30, 44, 52
24: 0, 6, 9, 13, 14, 24, 26, 30, 44, 52
25: 0, 5, 10, 24, 26, 29, 44, 52
26: 0, 5, 11, 25, 26, 29, 43, 52
27: 0, 4, 10, 24, 26, 29, 43, 52
28: 0, 3, 10, 24, 26, 29, 42, 52
29: 0, 1, 9, 25, 26, 30, 42, 52
30: 0, 2, 3, 4, 11, 31, 41, 52
31: 0, 2, 9, 32, 39, 52
32: 0, 2, 9, 52
33: 0, 1, 9, 52
34: 0, 1, 8, 52
35: 0, 1, 8, 52
36: 0, 1, 8, 52
37: 0, 1, 7, 52
38: 3, 5, 7, 52
