0: 0, 15, 41, 52
1: 0, 15, 42, 52
2: 0, 15, 44, 52
3: 0, 15, 45, 52
4: 0, 16, 46, 52
5: 0, 16, 41, 42, 43, 46, 47, 52
6: 0, 16, 39, 52
7: 0, 17, 37, 52
8: 0, 17, 36, 52
9: 0, 18, 36, 40, 43, 52
10: 0, 18, 35, 41, 45, 52
11: 0, 19, 36, 39, 48, 52
12: 0, 20
13: 0, 20
14: 0, 21
15: 0, 22
16: 0, 23
17: 0, 24
18: 0, 25
19: 0, 26
20: 0, 27
21: 0, 28
22: 0, 29
23: 0, 30
24: 0, 31
25: 0, 32
26: 0, 32
27: 1, 33
28: 2, 34
29: 5, 6, 7, 34
30: 10, 20, 21, 22, 26, 35
31: 12, 19, 21, 22, 26, 35
32: 15, 19, 26, 36
33: 16, 18, 25, 36
34: 16, 18, 25, 36
35: 24, 36
36: 22, 37
37: 21, 37
38: 7, 8, 17, 37
