0: 
1: 31, 32, 33, 35, 51, 52
2: 31, 37, 48, 52
3: 12, 13, 14, 16, 17, 18, 32, 38, 44, 52
4: 10, 11, 12, 16, 17, 18, 19, 21, 32, 52
5: 10, 11, 12, 21, 32, 52
6: 0, 7, 8, 9, 10, 21, 23, 24, 25, 26, 27, 52
7: 0, 49
8: 0, 45
9: 0, 43
10: 0, 43
11: 6, 7, 8, 9, 10, 11, 12, 24, 25, 26, 27, 28, 30, 43
12: 12, 23, 31, 43
13: 13, 24, 32, 43
14: 14, 24, 32, 44
15: 14, 24, 33, 45
16: 13, 25, 34, 45
17: 14, 25, 34, 45
18: 14, 26, 33, 46
19: 16, 26, 33, 46
20: 16, 27, 34, 46
21: 18, 28, 34, 47
22: 18, 28, 35, 47
23: 19, 29, 36, 47
24: 20, 30, 36, 48
25: 21, 30, 37, 48
26: 21, 31, 38, 49
27: 22, 32, 38, 49
28: 23, 32, 39, 50
29: 23, 33, 39, 50
30: 24, 33, 40, 51
31: 25, 33, 40, 51
32: 25, 33, 41, 52
33: 25, 33, 41, 52
34: 22, 34, 42, 52
35: 22, 34, 42, 52
36: 21, 34, 43, 52
37: 21, 34, 43, 52
38: 21, 34, 43, 52
