0: 0, 16, 17, 22, 30, 33, 38, 52
1: 0, 15, 17, 22, 30, 33, 37, 52
2: 0, 15, 16, 22, 30, 33, 37, 52
3: 0, 15, 16, 22, 30, 32, 37, 52
4: 0, 14, 16, 22, 31, 32, 37, 52
5: 0, 15, 16, 22, 37, 52
6: 0, 14, 16, 22, 37, 52
7: 0, 14, 15, 22, 37, 52
8: 0, 14, 15, 22, 37, 52
9: 0, 14, 15, 23, 37, 52
10: 0, 14, 16, 23, 37, 52
11: 0, 14, 15, 24, 38, 52
12: 0, 14, 15, 25, 38, 52
13: 0, 15, 16, 25, 38, 52
14: 0, 14, 16, 22, 39, 40, 41, 52
15: 0, 15, 16, 19, 42, 52
16: 0, 15, 16, 18, 26, 28, 43, 52
17: 0, 15, 16, 18, 23, 28, 44, 52
18: 0, 15, 16, 17, 20, 28, 44, 52
19: 0, 15, 20, 27, 45, 52
20: 0, 16, 20, 27, 45, 52
21: 0, 15, 19, 28, 44, 52
22: 0, 16, 19, 29, 41, 52
23: 0, 15, 19, 30, 42, 52
24: 0, 15, 18, 20, 27, 29, 43, 52
25: 0, 13, 19, 20, 26, 30, 39, 40, 48, 52
26: 0, 14, 27, 32, 34, 37, 39, 42, 48, 52
27: 0, 15, 27, 38, 40, 44, 48, 52
28: 0, 17, 27, 47, 50, 52
29: 0, 15, 27, 49, 50, 52
30: 0, 14, 26, 52
31: 0, 13, 26, 52
32: 0, 13, 24, 52
33: 0, 12, 24, 52
34: 0, 13, 23, 52
35: 0, 13, 24, 52
36: 0, 13, 23, 52
37: 0, 14, 22, 52
38: 0, 15, 22, 52
