0: 0, 26, 42, 52
1: 0, 25, 41, 52
2: 0, 25, 40, 52
3: 0, 24, 39, 52
4: 0, 24, 39, 52
5: 0, 23, 37, 52
6: 0, 24, 36, 52
7: 0, 23, 37, 52
8: 0, 23, 38, 52
9: 0, 23, 38, 52
10: 0, 23, 39, 52
11: 0, 23, 39, 52
12: 0, 23, 39, 52
13: 0, 23, 40, 52
14: 0, 23, 40, 52
15: 0, 23, 40, 52
16: 0, 22, 41, 52
17: 0, 22, 40, 52
18: 0, 22, 40, 52
19: 0, 23, 39, 52
20: 0, 23, 39, 52
21: 0, 26, 35, 36, 40, 52
22: 0, 30, 34, 35, 40, 52
23: 0, 36, 41, 52
24: 0, 37, 41, 52
25: 0, 37, 42, 52
26: 0, 38, 42, 52
27: 0, 38, 43, 52
28: 0, 39, 43, 52
29: 0, 40, 44, 52
30: 0, 39, 44, 52
31: 0, 41, 44, 52
32: 0, 40, 45, 52
33: 0, 52
34: 0, 52
35: 0, 52
36: 0, 52
37: 0, 52
38: 0, 52
