0: 28, 32, 39, 52
1: 29, 33, 40, 52
2: 29, 34, 41, 52
3: 30, 34, 42, 52
4: 30, 35, 42, 52
5: 31, 35, 41, 52
6: 31, 36, 41, 52
7: 32, 37, 40, 52
8: 33, 38, 39, 52
9: 32, 52
10: 31, 52
11: 31, 52
12: 30, 52
13: 29, 52
14: 28, 52
15: 27, 32, 33, 51
16: 27, 31, 32, 51
17: 23, 30, 33, 51
18: 22, 29, 33, 50
19: 21, 28, 34, 52
20: 20, 28, 35, 52
21: 20, 29, 35, 52
22: 20, 28, 35, 52
23: 21, 28, 35, 52
24: 22, 27, 36, 52
25: 23, 26, 36, 52
26: 35, 52
27: 32, 52
28: 31, 52
29: 31, 52
30: 30, 52
31: 29, 52
32: 28, 52
33: 26, 52
34: 24, 52
35: 23, 52
36: 21, 52
37: 20, 52
38: 19, 52
