0: 0, 17, 18, 21, 28, 32, 38, 52
1: 0, 17, 18, 20, 29, 32, 39, 52
2: 0, 17, 18, 21, 28, 32, 38, 52
3: 0, 17, 18, 20, 28, 32, 38, 52
4: 0, 17, 18, 20, 29, 32, 37, 52
5: 0, 17, 18, 21, 29, 31, 37, 52
6: 0, 17, 18, 20, 30, 31, 36, 52
7: 0, 16, 17, 20, 36, 52
8: 0, 17, 18, 21, 36, 52
9: 0, 17, 18, 21, 36, 52
10: 0, 16, 17, 18, 19, 21, 36, 52
11: 0, 17, 37, 52
12: 0, 16, 36, 52
13: 0, 16, 20, 21, 37, 52
14: 0, 16, 19, 25, 37, 52
15: 0, 16, 19, 26, 37, 52
16: 0, 15, 19, 26, 40, 52
17: 0, 16, 19, 27, 41, 52
18: 0, 15, 18, 26, 42, 52
19: 0, 14, 19, 22, 23, 26, 42, 52
20: 0, 14, 19, 20, 25, 26, 43, 52
21: 0, 15, 43, 52
22: 0, 16, 27, 28, 43, 52
23: 0, 15, 16, 17, 26, 28, 38, 40, 41, 52
24: 0, 13, 27, 28, 39, 52
25: 0, 12, 26, 28, 41, 52
26: 0, 11, 26, 29, 33, 34, 46, 52
27: 0, 11, 25, 40, 46, 52
28: 0, 11, 22, 42, 46, 52
29: 0, 11, 22, 43, 46, 52
30: 0, 11, 22, 45, 47, 52
31: 0, 12, 21, 46, 48, 52
32: 0, 13, 21, 52
33: 0, 14, 19, 52
34: 0, 17, 18, 52
35: 0, 52
36: 0, 52
37: 0, 52
38: 0, 52
