0: 0, 41, 42, 43, 47, 52
1: 0, 43, 44, 45, 48, 52
2: 0, 38, 40, 45, 49, 52
3: 0, 37, 45, 46, 50, 52
4: 0, 37, 50, 52
5: 0, 37, 38, 39, 40, 41, 42, 43, 51, 52
6: 0, 46, 51, 52
7: 0, 48
8: 0, 49
9: 0, 50
10: 0, 24, 27, 50
11: 0, 25, 26, 50
12: 0, 24, 27, 43, 46, 50
13: 0, 24, 28, 43, 47, 50
14: 0, 24, 28, 44
15: 0, 24, 27, 45
16: 0, 24, 28, 46
17: 0, 24, 27, 47
18: 0, 24, 27, 47
19: 0, 24, 27, 48
20: 0, 25, 27, 49
21: 0, 25, 27, 49
22: 0, 24, 27, 50
23: 0, 25, 27, 50
24: 0, 25, 27, 51
25: 0, 25, 27, 51
26: 0, 25, 26, 52
27: 0, 52
28: 0, 52
29: 0, 52
30: 0, 52
31: 0, 52
32: 0, 52
33: 0, 52
34: 0, 52
35: 0, 52
36: 0, 52
37: 0, 52
38: 0, 52
