0: 0, 26, 47, 52
1: 0, 26, 48, 52
2: 0, 26, 48, 52
3: 0, 26, 47, 52
4: 0, 26, 48, 52
5: 0, 26, 41, 44, 46, 52
6: 0, 26, 41, 52
7: 0, 26, 40, 52
8: 0, 26, 40, 52
9: 0, 26, 41, 52
10: 0, 26, 42, 45, 47, 52
11: 0, 26, 43, 45, 48, 52
12: 0, 26, 44, 45, 49, 52
13: 0, 26, 48, 52
14: 0, 26, 47, 52
15: 0, 26, 47, 52
16: 0, 26, 48, 52
17: 0, 26, 50, 52
18: 1, 26
19: 3, 26
20: 7, 26
21: 8, 26
22: 8, 26
23: 7, 13, 15, 26
24: 6, 11, 14, 26
25: 5, 10, 13, 26
26: 2, 7, 12, 26
27: 2, 3, 10, 26
28: 8, 26
29: 5, 26
30: 2, 26
31: 2, 26
32: 2, 26
33: 2, 26
34: 2, 26
35: 3, 26
36: 3, 26
37: 3, 26
38: 2, 26
