0: 
1: 
2: 
3: 
4: 
5: 
6: 
7: 
8: 
9: 20, 21, 22, 23, 24, 25, 27, 28
10: 20, 21, 24, 25
11: 20, 21, 24, 25
12: 21, 22, 23, 25
13: 20, 25
14: 20, 27
15: 20, 27, 51, 52
16: 20, 27, 50, 52
17: 21, 27, 49, 52
18: 21, 26, 47, 48, 49, 52
19: 20, 26, 46, 52
20: 21, 25, 44, 52
21: 21, 25, 45, 52
22: 21, 26, 31, 32, 34, 35, 39, 40, 41, 52
23: 18, 19, 21, 26, 27, 28, 29, 30, 31, 32, 33, 34, 35, 52
24: 19, 20, 21, 26, 27, 28, 29, 30, 31, 52
25: 18, 19, 20, 21, 22, 52
26: 18, 19, 20, 51
27: 18, 50
28: 18, 48
29: 18, 48
30: 19, 46
31: 19, 45
32: 19, 44
33: 19, 43
34: 20, 42
35: 20, 41
36: 21, 40
37: 21, 38
38: 22, 37
