0: 19, 32, 33, 35
1: 19, 34
2: 19, 32, 33, 35
3: 20, 32, 33, 34
4: 20, 31, 32, 34
5: 12, 13, 14, 15, 20, 31, 32, 34
6: 12, 17, 21, 33
7: 11, 18, 21, 30, 31, 33
8: 10, 15, 16, 19, 22, 30, 31, 33
9: 11, 12, 17, 20, 21, 33
10: 18, 21, 22, 32
11: 2, 3, 15, 17, 19, 32
12: 1, 3, 14, 15, 16, 17, 18, 32, 46, 47, 50, 52
13: 0, 3, 7, 8, 13, 15, 16, 17, 18, 32, 35, 36, 47, 51
14: 0, 3, 6, 7, 10, 11, 12, 14, 15, 17, 18, 32, 33, 35, 36, 37, 44, 46, 48, 52
15: 0, 2, 5, 7, 10, 11, 12, 18, 19, 32, 33, 38, 41, 42, 45, 48, 50, 52
16: 0, 1, 4, 7, 8, 11, 12, 14, 16, 17, 19, 32, 33, 35, 36, 40, 41, 44, 46, 49, 50, 52
17: 0, 3, 4, 6, 8, 10, 12, 38, 39, 41, 42, 45, 47, 50
18: 2, 5, 8, 12, 17, 18, 19, 32, 33, 34, 37, 42, 43, 45, 46, 48
19: 3, 5, 7, 11, 21, 31, 39, 42, 45, 47
20: 4, 8, 21, 30, 41, 46
21: 5, 6, 23, 28, 33, 34, 43, 44
22: 24, 27, 32, 35
23: 22, 28, 29, 30, 32, 35
24: 21, 30, 32, 35
25: 21, 31, 32, 35
26: 19, 31, 32, 34
27: 19, 31, 32, 35
28: 20, 35
29: 20, 35
30: 20, 34
31: 20, 34
32: 20, 33
33: 21, 31
34: 22, 29
35: 
36: 
37: 
38: 
