0: 18, 52
1: 17, 31, 32, 33, 34, 52
2: 17, 29, 35, 52
3: 17, 28, 36, 52
4: 17, 28, 36, 52
5: 17, 27, 36, 52
6: 17, 28, 37, 52
7: 17, 28, 36, 52
8: 18, 29, 35, 52
9: 17, 30, 34, 52
10: 18, 52
11: 18, 52
12: 19, 52
13: 19, 52
14: 20, 52
15: 21, 52
16: 22, 52
17: 23, 52
18: 24, 52
19: 26, 52
20: 28, 52
21: 30, 52
22: 30, 52
23: 32, 52
24: 32, 52
25: 33, 52
26: 34, 52
27: 34, 52
28: 34, 52
29: 35, 52
30: 18, 21, 35, 52
31: 16, 23, 36, 52
32: 16, 23, 35, 52
33: 16, 24, 36, 52
34: 16, 23, 35, 52
35: 16, 23, 36, 52
36: 17, 22, 35, 52
37: 35, 52
38: 35, 52
