0: 0, 8, 24, 45
1: 0, 7, 25, 45
2: 0, 7, 26, 45
3: 0, 7, 27, 45
4: 0, 7, 28, 44
5: 0, 7, 29, 44
6: 0, 6, 31, 43
7: 0, 7, 32, 42
8: 0, 5, 35, 36, 37, 38, 39, 40
9: 0, 5
10: 0, 5
11: 0, 5, 42, 43, 46, 47
12: 0, 6, 35, 36, 48, 49
13: 0, 5, 50, 51
14: 0, 5
15: 0, 5, 37, 38, 44, 45, 47, 48
16: 0, 4, 39, 40
17: 0, 2, 50, 51
18: 28, 29, 42, 43, 47, 48
19: 33, 34, 39, 40, 44, 45
20: 35, 36, 48, 49
21: 42, 43, 45, 46, 50, 51
22: 39, 40, 48, 49
23: 29, 30, 36, 37, 43, 44, 46, 47, 51, 52
24: 31, 32, 40, 41, 49, 50
25: 33, 34, 43, 44, 47, 48
26: 36, 37, 39, 40, 45, 46, 49, 50, 51, 52
27: 30, 31, 41, 42, 43, 44, 48, 49
28: 24, 25, 34, 35, 39, 40, 45, 46, 47, 48, 51, 52
29: 26, 27, 36, 37, 43, 44, 49, 50
30: 32, 33, 39, 40, 41, 42, 46, 47, 48, 49, 51, 52
31: 29, 30, 35, 36, 43, 44, 45, 46, 50, 51
32: 37, 38, 39, 40, 42, 43, 47, 48, 49, 50
33: 25, 26, 31, 32, 34, 35, 41, 42, 45, 46, 47, 48, 50, 51
34: 37, 38, 40, 41, 44, 45, 49, 50
35: 27, 28, 32, 33, 35, 36, 38, 39, 43, 44, 46, 47, 48, 49, 50, 52
36: 29, 30, 41, 42, 44, 45, 47, 48
37: 33, 34, 36, 37, 38, 39, 40, 41, 43, 44, 46, 47, 49, 50, 51, 52
38: 42, 43, 45, 46, 48, 49, 50, 51
