0: 23, 24
1: 22, 24
2: 22, 24
3: 0, 22, 24, 52
4: 0, 22, 26, 52
5: 0, 22, 27, 52
6: 0, 22, 26, 52
7: 0, 21, 25, 52
8: 0, 20, 25, 52
9: 0, 20, 25, 52
10: 0, 19, 25, 52
11: 0, 18, 25, 52
12: 0, 19, 25, 52
13: 0, 18, 25, 52
14: 0, 19, 21, 22, 25, 52
15: 0, 21, 26, 52
16: 0, 21, 26, 52
17: 0, 21, 26, 52
18: 0, 21, 27, 52
19: 0, 20, 27, 52
20: 0, 20, 28, 52
21: 0, 19, 29, 52
22: 0, 20, 28, 52
23: 0, 19, 28, 52
24: 0, 23, 28, 52
25: 0, 23, 24, 52
26: 0, 22, 24, 52
27: 0, 22, 24, 52
28: 0, 22, 24, 52
29: 0, 22, 24, 52
30: 0, 23, 25, 52
31: 0, 52
32: 0, 52
33: 0, 52
34: 0, 52
35: 0, 52
36: 0, 52
37: 0, 52
38: 0, 52
