0: 39, 52
1: 39, 52
2: 39, 52
3: 40, 52
4: 0, 1, 39, 52
5: 0, 2, 40, 52
6: 0, 3, 39, 52
7: 1, 4, 40, 52
8: 2, 5, 40, 52
9: 3, 7, 40, 52
10: 4, 9, 40, 52
11: 6, 13, 14, 15, 40, 52
12: 8, 19, 20, 21, 28, 29, 30, 32, 36, 37, 38, 52
13: 11, 12, 13, 52
14: 16, 17, 18, 52
15: 27, 33, 37, 52
16: 28, 32, 37, 52
17: 28, 33, 38, 52
18: 29, 33, 37, 52
19: 29, 33, 38, 52
20: 30, 34, 39, 52
21: 30, 34, 40, 52
22: 31, 34, 41, 52
23: 31, 35, 41, 52
24: 31, 35, 41, 52
25: 32, 35, 41, 52
26: 31, 35, 40, 51
27: 31, 35, 38, 50
28: 31, 35, 37, 49
29: 31, 35, 36, 49
30: 30, 48
31: 28, 29, 30, 48
32: 27, 47
33: 27, 47
34: 27, 47
35: 28, 46
36: 30, 46
37: 30, 45
38: 25, 26, 28, 45
