0: 0, 52
1: 0, 52
2: 0, 22, 24, 52
3: 0, 21, 25, 52
4: 0, 21, 25, 52
5: 2, 21, 25, 52
6: 2, 21, 24, 52
7: 2, 21, 24, 26, 27, 51
8: 2, 21, 27, 49
9: 1, 22, 24, 25, 28, 49
10: 2, 22, 23, 24, 28, 48
11: 2, 22, 28, 48
12: 2, 22, 28, 49
13: 0, 22, 23, 24, 27, 50
14: 0, 23, 28, 50
15: 0, 21, 22, 23, 27, 51
16: 0, 23, 27, 52
17: 0, 22, 27, 52
18: 0, 22, 27, 52
19: 0, 21, 22, 24, 27, 52
20: 0, 21, 22, 23, 27, 52
21: 0, 21, 27, 52
22: 0, 21, 28, 52
23: 0, 21, 22, 23, 27, 52
24: 0, 21, 22, 24, 27, 52
25: 0, 21, 22, 25, 26, 52
26: 0, 52
27: 0, 21, 22, 52
28: 0, 20, 21, 52
29: 0, 52
30: 0, 52
31: 0, 52
32: 0, 52
33: 0, 52
34: 0, 52
35: 0, 52
36: 0, 52
37: 0, 52
38: 0, 52
