0: 0, 21, 32, 33
1: 0, 21, 32, 33
2: 0, 22, 31, 33
3: 0, 22, 30, 33
4: 0, 18, 19, 22, 30, 34
5: 0, 18, 20, 21, 30, 34
6: 0, 17, 20, 21, 29, 34, 51, 52
7: 0, 17, 20, 21, 30, 35, 51, 52
8: 0, 17, 32, 35, 50, 52
9: 0, 17, 20, 21, 33, 35, 50, 52
10: 0, 17, 20, 21, 49, 52
11: 0, 17, 48, 52
12: 0, 17, 25, 28, 48, 52
13: 0, 18, 24, 30, 47, 52
14: 0, 18, 23, 30, 46, 52
15: 0, 18, 22, 32, 46, 52
16: 0, 18, 23, 33, 46, 52
17: 0, 18, 23, 34, 46, 52
18: 0, 18, 23, 35, 45, 52
19: 0, 19, 22, 35, 45, 52
20: 0, 20, 21, 35, 45, 52
21: 0, 35, 45, 52
22: 0, 35, 45, 52
23: 0, 35, 45, 52
24: 0, 34, 46, 52
25: 0, 34, 46, 52
26: 0, 35, 46, 52
27: 0, 34, 47, 52
28: 0, 35, 49, 52
29: 0, 35, 48, 52
30: 0, 35, 49, 52
31: 0, 36, 49, 52
32: 0, 37, 51, 52
33: 0, 38
34: 0, 39, 50, 52
35: 0, 40
36: 0, 40, 51, 52
37: 0, 38, 51, 52
38: 0, 38, 51, 52
