0: 0, 10, 22, 31, 40, 52
1: 0, 10, 21, 31, 40, 52
2: 0, 10, 22, 31, 39, 52
3: 0, 10, 21, 30, 31, 32, 39, 52
4: 0, 10, 21, 29, 30, 32, 39, 52
5: 0, 10, 21, 28, 31, 32, 39, 52
6: 0, 10, 21, 28, 38, 42, 43, 52
7: 0, 11, 20, 28, 32, 33, 38, 40, 43, 52
8: 0, 11, 21, 28, 32, 33, 38, 39, 43, 52
9: 0, 11, 22, 29, 31, 33, 43, 52
10: 0, 11, 23, 30, 32, 33, 42, 52
11: 0, 12, 23, 30, 32, 33, 39, 52
12: 0, 12, 18, 20, 24, 30, 39, 52
13: 0, 13, 18, 20, 24, 31, 39, 52
14: 0, 13, 18, 21, 24, 32, 38, 52
15: 0, 13, 18, 21, 25, 32, 38, 52
16: 0, 13, 19, 22, 26, 32, 38, 52
17: 0, 12, 19, 22, 25, 32, 38, 40, 41, 52
18: 0, 12, 25, 32, 43, 52
19: 0, 12, 24, 31, 42, 52
20: 0, 13, 23, 30, 42, 52
21: 0, 13, 23, 29, 41, 52
22: 0, 14, 22, 29, 39, 52
23: 0, 15, 21, 30, 31, 32, 39, 52
24: 0, 15, 20, 34, 39, 52
25: 0, 14, 22, 34, 40, 52
26: 0, 12, 22, 34, 38, 52
27: 0, 13, 23, 52
28: 0, 13, 23, 52
29: 0, 14, 22, 52
30: 0, 13, 22, 52
31: 0, 13, 22, 52
32: 0, 13, 21, 52
33: 0, 14, 19, 52
34: 0, 52
35: 0, 52
36: 0, 52
37: 0, 52
38: 0, 52
