0: 1, 6, 11, 14, 24, 32, 33, 50
1: 2, 5, 11, 12, 23, 50, 51, 52
2: 0, 1, 4, 5, 10, 11, 22, 49
3: 0, 2, 21, 31, 33, 49, 50, 51
4: 0, 3, 20, 30, 32, 43, 45, 51
5: 0, 1, 19, 30, 32, 43, 45, 52
6: 18, 28, 31, 42, 45, 52
7: 15, 28, 30, 40, 46, 52
8: 15, 29, 31, 38, 45, 52
9: 17, 38, 45, 46, 47, 52
10: 2, 3, 18, 37, 48, 52
11: 0, 3, 19, 36, 48, 51
12: 0, 2, 19, 36, 49, 50
13: 0, 2, 9, 10, 20, 30, 32, 34
14: 0, 2, 8, 11, 20, 30, 51, 52
15: 0, 1, 8, 12, 20, 30, 51, 52
16: 0, 2, 7, 13, 21, 30, 50, 52
17: 0, 2, 6, 16, 21, 29, 35, 38, 45, 47, 50, 52
18: 0, 3, 5, 18, 22, 39, 44, 52
19: 0, 3, 4, 21, 22, 40, 42, 52
20: 0, 52
21: 0, 52
22: 0, 8, 9, 52
23: 0, 7, 10, 36, 43, 52
24: 0, 1, 3, 5, 10, 15, 16, 17, 18, 35, 46, 52
25: 18, 30, 33, 35, 48, 52
26: 18, 28, 34, 35, 49, 52
27: 17, 27, 34, 35, 50, 52
28: 17, 26, 50, 52
29: 16, 26, 51, 52
30: 16, 25, 51, 52
31: 17, 25
32: 18, 24, 51, 52
33: 19, 24, 50, 52
34: 18, 24, 48, 52
35: 17, 23, 46, 52
36: 16, 24, 45, 52
37: 15, 23, 44, 52
38: 15, 25, 26, 27, 42, 52
