0: 0, 10, 11, 12, 13, 52
1: 0, 9, 13, 14, 15, 52
2: 0, 8, 10, 11, 12, 13, 15, 46, 47, 52
3: 0, 7, 8, 9, 14, 45, 46, 52
4: 0, 6, 9, 10, 11, 12, 13, 44, 45, 49, 50, 51
5: 0, 4, 7, 8, 13, 14, 15, 43, 44, 46, 47, 48, 51, 52
6: 0, 3, 4, 5, 6, 7, 9, 12, 15, 44, 49, 52
7: 0, 2, 8, 9, 10, 12, 14, 15, 16, 17, 18, 43, 45, 46, 47, 52
8: 0, 3, 4, 5, 7, 10, 12, 13, 17, 32, 34, 42, 43, 44, 48, 52
9: 0, 12, 17, 28, 32, 41, 47, 52
10: 0, 13, 16, 27, 29, 30, 31, 41, 42, 44, 45, 52
11: 0, 13, 15, 28, 31, 41, 42, 44, 46, 52
12: 0, 13, 15, 26, 29, 30, 32, 41, 43, 45, 46, 52
13: 0, 12, 14, 26, 28, 29, 31, 42, 44, 45, 46, 52
14: 0, 11, 14, 27, 28, 30, 31, 43, 44, 45, 47, 52
15: 0, 11, 15, 26, 27, 30, 31, 43, 45, 46, 47, 52
16: 0, 12, 18, 27, 28, 30, 31, 42, 48, 52
17: 0, 9, 17, 26, 31, 41, 48, 52
18: 0, 8, 17, 26, 32, 42, 48, 52
19: 0, 5, 16, 26, 32, 42, 48, 52
20: 0, 4, 16, 27, 31, 43, 47, 52
21: 0, 1, 9, 11, 15, 26, 31, 44, 48, 52
22: 0, 1, 10, 12, 15, 27, 31, 44, 47, 52
23: 0, 3, 5, 9, 15, 27, 30, 44, 48, 52
24: 0, 11, 15, 27, 30, 32, 34, 44, 48, 52
25: 0, 11, 14, 27, 33, 44, 48, 52
26: 0, 11, 14, 27, 32, 43
27: 0, 11, 15, 27, 31, 44
28: 0, 10, 14, 28, 31, 44, 47, 48, 49, 52
29: 0, 10, 14, 27, 31, 44, 47, 52
30: 0, 11, 14, 28, 31, 43, 48, 52
31: 0, 11, 13, 27, 31, 44, 48, 52
32: 0, 28, 30, 44, 46, 52
33: 0, 29, 30, 52
34: 0, 52
35: 0, 52
36: 0, 52
37: 0, 52
38: 0, 52
