0: 0, 35
1: 0, 35
2: 0, 36
3: 0, 36
4: 0, 37
5: 0, 37
6: 0, 38
7: 0, 38
8: 0, 38
9: 0, 36
10: 0, 25, 26, 27, 28, 37
11: 0, 25, 27, 38
12: 0, 26, 27, 39
13: 0, 24, 28, 40
14: 0, 24, 28, 41
15: 0, 24, 28, 41
16: 0, 24, 28, 42
17: 0, 24, 28, 38, 40, 42
18: 0, 24, 27, 36, 37, 38, 40, 42, 51, 52
19: 0, 25, 27, 28, 29, 30, 34, 35, 36, 37, 51, 52
20: 0, 25, 28, 29, 30, 35, 36, 37, 39, 42, 51, 52
21: 0, 25, 27, 37, 39, 42, 51, 52
22: 0, 25, 27, 37, 39, 43
23: 0, 25, 27, 37, 39, 43
24: 0, 26, 27, 37, 39, 43
25: 0, 25, 28, 37, 39, 43
26: 0, 25, 26, 37, 39, 43, 51, 52
27: 0, 37, 39, 42, 50, 52
28: 0, 38, 40, 41, 50, 52
29: 0, 38, 40, 41, 49, 52
30: 0, 38, 49, 52
31: 0, 38, 48, 52
32: 0, 39, 48, 52
33: 0, 39, 48, 52
34: 0, 40, 48, 52
35: 0, 39, 48, 52
36: 0, 38, 47, 52
37: 0, 38, 46, 52
38: 0, 38, 45, 52
