0: 14, 27, 36, 37
1: 8, 9, 13, 27, 36, 37
2: 11, 27
3: 9, 26
4: 7, 27
5: 8, 26
6: 9, 26, 32, 33
7: 9, 27, 50, 51
8: 11, 26, 49, 50
9: 14, 27
10: 16, 26
11: 18, 26
12: 19, 26
13: 20, 26
14: 20, 26
15: 5, 6, 20, 27
16: 20, 29, 30, 31
17: 19, 30, 31, 32
18: 10, 11, 20, 25, 27, 29, 31, 32
19: 10, 13, 20, 27, 30, 31
20: 9, 14, 20, 26
21: 9, 16, 20, 26
22: 9, 16, 20, 25
23: 9, 18, 19, 23
24: 9, 23, 37, 38
25: 9, 24
26: 10, 24, 30, 31
27: 10, 25
28: 10, 26
29: 11, 25
30: 12, 24
31: 6, 7, 12, 24, 41, 42
32: 12, 13, 14, 25
33: 14, 26
34: 16, 26
35: 17, 27, 38, 39
36: 19, 26
37: 
38: 
