0: 19, 35
1: 19, 34
2: 19, 32, 33, 35
3: 20, 32, 33, 34
4: 20, 31, 32, 34
5: 20, 31, 32, 34
6: 21, 34
7: 13, 16, 21, 30, 31, 33
8: 11, 18, 22, 30, 31, 33
9: 11, 15, 16, 20, 21, 33
10: 4, 5, 11, 13, 17, 20, 22, 32
11: 3, 4, 10, 12, 17, 32, 51, 52
12: 2, 4, 14, 16, 17, 32, 48, 50
13: 1, 4, 7, 8, 14, 15, 16, 32, 34, 35, 44, 46, 48, 52
14: 0, 3, 6, 8, 11, 12, 13, 15, 16, 34, 35, 37, 45, 48, 50, 52
15: 0, 2, 5, 7, 10, 12, 13, 15, 16, 18, 19, 32, 33, 35, 36, 39, 41, 43, 46, 49, 51, 52
16: 0, 2, 4, 7, 9, 11, 12, 14, 16, 18, 19, 31, 32, 35, 36, 40, 42, 45, 46, 49, 50, 52
17: 1, 3, 4, 7, 8, 11, 12, 32, 33, 38, 39, 42, 43, 45, 48, 51
18: 2, 5, 8, 12, 17, 18, 19, 34, 35, 36, 37, 42, 43, 46, 47, 49
19: 3, 5, 8, 11, 21, 31, 39, 42, 45, 48
20: 4, 8, 21, 30, 41, 44, 45, 46
21: 5, 6, 22, 28, 32, 34, 43, 45
22: 24, 27, 32, 34
23: 22, 30, 32, 35
24: 22, 29, 31, 34
25: 20, 31, 32, 35
26: 19, 31, 32, 34
27: 19, 31, 32, 34
28: 20, 35
29: 20, 35
30: 20, 34
31: 20, 34
32: 20, 33
33: 21, 31
34: 22, 29
35: 
36: 
37: 
38: 
