0: 29, 42
1: 28, 42
2: 29, 42
3: 29, 41
4: 17, 18, 29, 40
5: 29, 40
6: 4, 5, 30, 40
7: 7, 8, 30, 39
8: 30, 39
9: 11, 12, 31, 40
10: 28, 29, 31, 40
11: 4, 5, 19, 20, 31, 40
12: 14, 15, 31, 37, 38, 40
13: 7, 8, 31, 37, 38, 40
14: 3, 4, 9, 10, 32, 37, 38, 39
15: 22, 23, 31, 37, 38, 40
16: 12, 13, 16, 17, 32, 37, 38, 40
17: 3, 4, 6, 7, 31, 39
18: 8, 9, 18, 19, 30, 39
19: 1, 2, 14, 15, 30, 39
20: 4, 5, 7, 8, 10, 11, 28, 29, 31, 39
21: 1, 2, 3, 4, 5, 6, 12, 13, 24, 38
22: 7, 8, 9, 10, 16, 17, 21, 37
23: 0, 7, 10, 11, 18, 23, 26, 29, 32, 37
24: 0, 10, 12, 13, 14, 15, 17, 20, 31, 36
25: 0, 12, 30, 37
26: 0, 12, 13, 14, 15, 16, 25, 26, 30, 36
27: 0, 14, 17, 18, 21, 22, 30, 36
28: 0, 14, 15, 16, 29, 36
29: 0, 15, 16, 17, 19, 20, 27, 28, 30, 35
30: 0, 16, 23, 24, 30, 33
31: 0, 17, 18, 19, 29, 31
32: 0, 16, 20, 21
33: 0, 17, 18, 19, 24, 25, 31, 32
34: 0, 18
35: 0, 17, 20, 21, 26, 27
36: 0, 17, 18, 19, 22, 23
37: 0, 18, 19, 20
38: 0, 17
