0: 19, 34
1: 19, 33
2: 20, 33
3: 20, 33
4: 20, 32
5: 21, 32
6: 21, 32
7: 21, 31
8: 22, 30
9: 22, 31
10: 22, 30
11: 22, 30, 34, 35, 36, 41
12: 19, 20, 21, 43
13: 16, 30, 31, 38, 39, 43
14: 14, 33
15: 11, 12, 13, 18, 19, 33
16: 8, 17, 19, 33
17: 10, 12, 13, 14, 20, 33
18: 10, 14, 19, 33
19: 10, 14, 20, 33
20: 10, 15, 20, 32
21: 10, 14, 20, 31
22: 10, 15, 21, 31
23: 10, 15, 21, 30
24: 11, 12, 13, 14, 21, 29
25: 10, 11, 12, 14, 21, 30
26: 10, 11, 13, 14, 22, 30
27: 11, 12, 21, 31
28: 13, 14, 22, 32
29: 22, 32
30: 22, 32
31: 23, 32
32: 22, 32
33: 21, 32
34: 22, 28, 29, 32
35: 22, 27
36: 23, 24
37: 
38: 
