0: 34, 52
1: 34, 52
2: 28, 31, 35, 52
3: 29, 32, 35, 52
4: 5, 7, 29, 32, 35, 52
5: 4, 8, 30, 33, 35, 52
6: 3, 9, 31, 52
7: 3, 9, 31, 52
8: 2, 10, 32, 52
9: 2, 11, 33, 52
10: 2, 12, 33, 52
11: 1, 13, 34, 52
12: 1, 13, 35, 52
13: 1, 17, 34, 52
14: 1, 18, 30, 32, 33, 52
15: 1, 51
16: 1, 51
17: 1, 51
18: 1, 14, 16, 18, 19, 20, 22, 23, 24, 26, 27, 29, 30, 33, 34, 51
19: 1, 13, 35, 51
20: 1, 13, 34, 51
21: 2, 12, 36, 51
22: 2, 11, 36, 52
23: 2, 10, 35, 50
24: 3, 9, 33, 52
25: 3, 9, 33, 52
26: 4, 8, 32, 52
27: 5, 7, 32, 52
28: 32, 52
29: 32, 52
30: 31, 52
31: 31, 34, 35, 52
32: 33, 52
33: 34, 35, 36, 52
34: 36, 52
35: 30, 31, 32, 52
36: 29, 31, 33, 52
37: 28, 29, 32, 52
38: 27, 28, 32, 52
