0: 0, 40, 41, 52
1: 0, 39, 41, 52
2: 0, 38, 40, 52
3: 0, 37, 39, 52
4: 0, 36, 38, 52
5: 0, 36, 38, 52
6: 0, 35, 37, 52
7: 0, 34, 36, 52
8: 0, 33, 36, 52
9: 0, 32, 35, 52
10: 0, 32, 34, 52
11: 0, 31, 33, 52
12: 0, 30, 33, 52
13: 0, 29, 32, 52
14: 0, 29, 32, 52
15: 0, 28, 31, 52
16: 0, 27, 30, 52
17: 0, 26, 29, 52
18: 0, 26, 29, 52
19: 0, 25, 28, 52
20: 0, 24, 27, 52
21: 0, 24, 26, 52
22: 0, 23, 25, 52
23: 0, 23, 25, 52
24: 0, 52
25: 0, 52
26: 0, 52
27: 0, 52
28: 0, 52
29: 0, 52
30: 0, 52
31: 0, 52
32: 0, 52
33: 0, 52
34: 0, 52
35: 0, 52
36: 0, 52
37: 0, 52
38: 0, 52
