0: 0, 27
1: 0, 27
2: 0, 26
3: 0, 26
4: 0, 25
5: 0, 25
6: 0, 25
7: 0, 25
8: 0, 24
9: 0, 24
10: 0, 24
11: 0, 24
12: 0, 24
13: 0, 24
14: 0, 9, 10, 24
15: 0, 7, 13, 24
16: 0, 6, 14, 25
17: 0, 6, 14, 25, 40, 45
18: 0, 6, 15, 25, 39, 46
19: 0, 5, 14, 26, 38, 46
20: 0, 6, 14, 26, 39, 46
21: 0, 6, 14, 26, 38, 46
22: 0, 7, 13, 27, 39, 46
23: 0, 9, 10, 27, 40, 45
24: 0, 27, 42, 43
25: 0, 27
26: 0, 28
27: 0, 27
28: 0, 28
29: 0, 27
30: 0, 27
31: 0, 27
32: 0, 27
33: 0, 27
34: 0, 26
35: 0, 26
36: 0, 26
37: 0, 25
38: 0, 24
