0: 11, 46
1: 12, 45
2: 13, 45
3: 14, 44
4: 13, 43
5: 14, 43
6: 14, 42
7: 4, 8, 9, 10, 14, 41
8: 0, 13, 14, 41
9: 0, 40
10: 0, 41
11: 0, 3, 4, 5, 6, 38, 39, 40
12: 11, 35, 48, 49
13: 13, 33
14: 14, 34
15: 14, 34
16: 14, 34, 41, 42
17: 14, 34, 47, 48
18: 14, 36
19: 14, 37
20: 14, 36
21: 14, 36, 42, 43, 49, 50
22: 15, 36, 44, 45
23: 15, 36
24: 15, 36, 46, 47
25: 15, 34, 35, 36, 40, 41, 49, 50
26: 15, 34
27: 16, 35, 42, 43, 47, 48
28: 17, 34, 44, 45, 50, 51
29: 18, 35, 39, 40
30: 19, 34, 36, 37, 46, 47, 49, 50
31: 20, 34, 41, 42
32: 22, 33, 43, 44, 48, 49
33: 24, 30, 38, 39, 45, 46, 51, 52
34: 32, 33, 41, 42, 49, 50
35: 34, 35, 44, 45, 47, 48
36: 37, 38, 40, 41, 51, 52
37: 43, 44, 46, 47, 49, 50
38: 
