0: 0, 20, 32, 52
1: 0, 20, 32, 52
2: 0, 21, 31, 52
3: 0, 21, 31, 52
4: 0, 22, 33, 52
5: 0, 19, 33, 52
6: 0, 19, 33, 52
7: 0, 19, 33, 52
8: 0, 19, 33, 52
9: 0, 19, 34, 40, 42, 45, 47, 52
10: 0, 16, 18, 19, 34, 38
11: 0, 6, 7, 12, 13, 15, 34, 36
12: 0, 2, 3, 4, 7, 11
13: 0, 2
14: 0, 4, 17, 19, 35, 43
15: 0, 5, 16, 20, 35, 45
16: 0, 6, 14, 20, 34, 47
17: 0, 8, 14, 21, 31, 32, 33, 50, 51, 52
18: 0, 9, 13, 25, 29, 52
19: 0, 9, 11, 23, 24, 25, 31, 52
20: 0, 22, 33, 52
21: 0, 21, 34, 52
22: 0, 22, 33, 52
23: 0, 21, 33, 52
24: 0, 19, 34, 52
25: 0, 19, 34, 52
26: 0, 20, 33, 34, 36, 52
27: 0, 21, 37, 52
28: 0, 21, 37, 52
29: 0, 21, 39, 52
30: 0, 21, 38, 52
31: 0, 22, 37, 52
32: 0, 22, 32, 34, 37, 52
33: 0, 24, 30, 35, 36, 52
34: 0, 52
35: 0, 52
36: 0, 52
37: 0, 52
38: 0, 52
