0: 36, 52
1: 35, 39, 40, 49, 51, 52
2: 34, 38, 41, 50
3: 32, 35, 37, 38, 41, 51
4: 30, 32, 42, 50
5: 28, 31, 41, 50
6: 28, 29, 41, 50
7: 41, 49
8: 41, 49
9: 41, 49
10: 41, 49
11: 41, 48
12: 41, 49
13: 39, 49
14: 39, 49
15: 39, 49
16: 40, 48
17: 38, 49
18: 35, 49
19: 3, 4, 33, 48
20: 3, 11, 12, 17, 18, 21, 22, 25, 26, 36, 37, 48
21: 6, 7, 8, 35, 36, 47
22: 30, 31, 33, 34, 38, 48
23: 39, 47
24: 41, 46
25: 43, 46
26: 
27: 
28: 
29: 
30: 
31: 51, 52
32: 50, 52
33: 50, 52
34: 49, 51
35: 49, 51
36: 48, 50
37: 48, 50
38: 47, 50
