0: 29, 47
1: 30, 48
2: 25, 27, 29, 47
3: 20, 21, 25, 27, 30, 47
4: 20, 21, 25, 27, 30, 48
5: 1, 2, 20, 21, 25, 27, 30, 48
6: 1, 2, 19, 22, 25, 27, 30, 48
7: 1, 3, 15, 16, 19, 22, 24, 28, 30, 48, 51, 52
8: 1, 3, 9, 10, 15, 16, 19, 22, 24, 28, 31, 49, 51, 52
9: 0, 3, 8, 10, 15, 16, 19, 23, 24, 28, 30, 49, 51, 52
10: 0, 3, 8, 10, 14, 16, 18, 22, 24, 28, 31, 48, 51, 52
11: 0, 4, 8, 10, 14, 17, 19, 23, 25, 27, 30, 48
12: 0, 4, 8, 11, 14, 17, 19, 22, 25, 48, 49, 50, 51, 52
13: 0, 4, 8, 11, 14, 17, 20, 52
14: 0, 4, 7, 11, 13, 18, 20, 23, 30, 47
15: 0, 3, 7, 12, 13, 17, 19, 21, 30, 47
16: 1, 3, 7, 11, 13, 17, 18, 20, 31, 46
17: 0, 4, 7, 11, 14, 19, 32, 46
18: 0, 7, 8, 10, 15, 18, 27, 29, 33, 45
19: 4, 10, 14, 17, 26, 29, 35, 36, 37, 43
20: 6, 10, 13, 16, 26, 30, 34, 35, 36, 41
21: 9, 15, 26, 30, 33, 35, 36, 42
22: 10, 13, 26, 31, 33, 42
23: 26, 30, 32, 44
24: 26, 30, 31, 46
25: 26, 46
26: 27, 30, 31, 46
27: 28, 46
28: 28, 47
29: 26, 46
30: 26, 45
31: 27, 45
32: 26, 45
33: 27, 45
34: 28, 31, 32, 45
35: 32, 44
36: 34, 43
37: 
38: 
