0: 0, 20, 32, 52
1: 0, 20, 31, 52
2: 0, 21, 31, 52
3: 0, 20, 31, 52
4: 0, 20, 30, 52
5: 0, 21, 30, 52
6: 0, 20, 32, 52
7: 0, 19, 33, 52
8: 0, 19, 32, 47, 48, 51
9: 0, 19, 32, 47
10: 0, 13, 14, 19, 32, 35, 36, 40, 41, 46
11: 2, 8, 9, 11, 15, 18, 33, 34, 42, 43, 45, 46, 50, 52
12: 3, 7, 17, 19, 49, 52
13: 49, 52
14: 17, 18, 47, 52
15: 0, 1, 12, 18, 33, 38, 47, 52
16: 0, 2, 11, 19, 32, 40, 46, 52
17: 0, 3, 10, 19, 32, 42, 45, 52
18: 0, 4, 8, 20, 31, 44, 45, 52
19: 0, 5, 7, 24, 28, 52
20: 0, 22, 23, 24, 29, 52
21: 0, 20, 32, 52
22: 0, 20, 31, 52
23: 0, 20, 31, 52
24: 0, 20, 33, 52
25: 0, 19, 32, 52
26: 0, 18, 34, 52
27: 0, 20, 34, 52
28: 0, 20, 36, 52
29: 0, 20, 35, 52
30: 0, 20, 34, 52
31: 0, 21, 35, 52
32: 0, 21, 31, 52
33: 0, 22, 29, 52
34: 0, 52
35: 0, 52
36: 0, 52
37: 0, 52
38: 0, 52
