0: 0, 2, 33, 46
1: 0, 1, 34, 47
2: 0, 2, 34, 48
3: 0, 2, 35, 49
4: 0, 2, 35, 50
5: 0, 2, 35, 52
6: 0, 2, 35, 52
7: 0, 2, 35, 52
8: 0, 2, 35, 52
9: 0, 2, 35, 52
10: 0, 3, 35, 52
11: 0, 3, 35, 52
12: 0, 3, 35, 52
13: 0, 3, 35, 52
14: 0, 3, 34, 52
15: 0, 4, 35, 48, 50, 52
16: 0, 3, 35, 49, 50, 52
17: 0, 4, 35, 48, 50, 52
18: 0, 4, 35, 48, 50, 52
19: 0, 4, 34, 48, 49, 52
20: 0, 4, 34, 52
21: 0, 4, 34, 52
22: 0, 5, 34, 51
23: 0, 5, 35, 50
24: 0, 5, 35, 48
25: 0, 5, 34, 47
26: 0, 6, 32, 48
27: 0, 6, 31, 48
28: 0, 6, 30, 49
29: 0, 12, 30, 48
30: 0, 14, 26, 49
31: 0, 18, 19, 20, 21, 48
32: 0, 48
33: 0, 9, 10, 11, 12, 29, 31, 50
34: 0, 4, 16, 22, 23, 24, 32, 50
35: 30, 51
36: 30, 51
37: 31, 50
38: 32, 50
