0: 23, 42
1: 23, 42
2: 23, 41
3: 19, 20, 24, 41
4: 19, 21, 23, 41
5: 20, 40
6: 20, 40
7: 21, 40
8: 21, 39
9: 20, 39
10: 20, 38
11: 19, 39, 51, 52
12: 19, 22, 24, 38, 51, 52
13: 18, 22, 24, 38, 51, 52
14: 17, 22, 26, 38, 45, 46, 47, 48, 49, 52
15: 17, 21, 25, 38, 43, 44, 49, 52
16: 17, 21, 26, 37, 48, 52
17: 17, 21, 25, 37, 42, 43, 46, 52
18: 16, 21, 26, 37, 44, 52
19: 14, 23, 25, 37, 41, 52
20: 12, 23, 25, 37, 38, 39, 41, 52
21: 12, 37, 40, 52
22: 11, 36, 39, 52
23: 12, 36, 38, 52
24: 13, 52
25: 15, 52
26: 17, 52
27: 20, 21, 22, 23, 24, 52
28: 22, 23, 24, 52
29: 23, 52
30: 25, 52
31: 26, 52
32: 23, 24, 25, 52
33: 22, 23, 25, 52
34: 21, 22, 25, 52
35: 20, 21, 24, 52
36: 20, 52
37: 19, 20, 22, 52
38: 18, 52
