0: 19, 32, 33, 34
1: 19, 32, 33, 34
2: 18, 35
3: 17, 18, 19, 35
4: 20, 36
5: 21, 36
6: 21, 29, 31, 32, 34, 35
7: 21, 36
8: 20, 36
9: 21, 36
10: 21, 37
11: 21, 30, 32, 33, 35, 36
12: 20, 36
13: 21, 37
14: 20, 37
15: 20, 37
16: 20, 34, 36, 37
17: 20, 37
18: 21, 37
19: 20, 37
20: 21, 36
21: 21, 29, 33, 37
22: 22, 29, 35, 37
23: 23, 30
24: 20, 29
25: 20, 30
26: 19, 30
27: 15, 16, 17, 30
28: 16, 30
29: 17, 29
30: 18, 32
31: 18, 33
32: 17, 33
33: 18, 32
34: 18, 32
35: 19, 28, 29, 31
36: 21, 26
37: 
38: 
