0: 11, 23
1: 9, 24
2: 7, 23, 33, 34, 48, 49
3: 1, 2, 4, 23, 32, 33
4: 5, 23
5: 5, 23
6: 6, 23
7: 6, 23
8: 1, 2, 9, 23
9: 1, 2, 11, 23
10: 13, 23
11: 14, 23
12: 15, 22, 47, 48
13: 16, 23, 32, 33
14: 17, 22, 39, 40
15: 16, 23
16: 16, 24, 25, 26
17: 7, 8, 16, 25, 26, 27, 39, 40
18: 5, 6, 16, 25, 26, 27
19: 5, 7, 16, 23, 26, 27
20: 5, 8, 16, 23
21: 5, 8, 17, 22, 48, 49
22: 4, 10, 17, 21
23: 5, 11, 16, 20
24: 4, 12, 15, 19, 47, 48
25: 5, 13, 14, 21
26: 5, 21
27: 5, 22
28: 6, 23, 32, 33
29: 6, 22
30: 7, 21
31: 8, 20
32: 8, 19
33: 9, 21
34: 7, 8, 11, 22
35: 12, 23
36: 14, 23
37: 17, 18, 29, 30
38: 15, 16
