0: 0, 19, 34, 52
1: 0, 19, 35, 52
2: 0, 19, 35, 52
3: 0, 19, 36, 52
4: 0, 19, 35, 52
5: 0, 19, 35, 52
6: 0, 19, 35, 52
7: 0, 19, 35, 52
8: 0, 20, 34, 52
9: 0, 19, 34, 52
10: 0, 20, 33, 52
11: 0, 20, 33, 52
12: 0, 20, 32, 52
13: 0, 20, 33, 52
14: 0, 19, 28, 30, 34, 52
15: 0, 20, 28, 31, 35, 52
16: 0, 20, 27, 30, 35, 52
17: 0, 20, 27, 31, 34, 52
18: 0, 20, 27, 52
19: 0, 17, 18, 19, 25, 26, 27, 52
20: 0, 17, 25, 26, 27, 52
21: 0, 17, 28, 52
22: 0, 17, 27, 52
23: 0, 17, 28, 52
24: 0, 17, 29, 52
25: 0, 16, 29, 52
26: 0, 17, 29, 52
27: 0, 18, 29, 52
28: 0, 18, 29, 52
29: 0, 18, 30, 52
30: 0, 19, 31, 52
31: 0, 20, 25, 26, 28, 29, 30, 52
32: 0, 21, 22, 52
33: 0, 52
34: 0, 52
35: 0, 52
36: 0, 52
37: 0, 52
38: 0, 52
