0: 0, 11, 41, 52
1: 0, 11, 42, 52
2: 0, 12, 35, 52
3: 0, 12, 32, 52
4: 0, 12, 31, 52
5: 0, 12, 30, 52
6: 0, 13, 29, 52
7: 0, 13, 28, 52
8: 0, 14, 27, 35, 39, 52
9: 0, 14, 27, 34, 41, 52
10: 0, 15, 27, 34, 43, 52
11: 0, 16, 27, 35, 45, 52
12: 0, 16, 27, 33, 46, 47, 48, 50, 51, 52
13: 0, 17, 29, 30, 32, 33
14: 0, 18
15: 0, 20
16: 0, 21
17: 0, 22
18: 0, 24
19: 0, 26
20: 0, 28
21: 0, 29
22: 0, 31
23: 0, 32
24: 0, 34
25: 0, 34
26: 1, 36
27: 1, 36
28: 6, 7, 8, 26, 27, 28, 32, 37
29: 11, 24, 33, 38
30: 12, 25, 33, 38
31: 13, 24, 32, 39
32: 16, 24, 33, 39
33: 17, 25, 32, 40
34: 19, 23, 31, 40
35: 20, 21, 31, 40
36: 30, 41
37: 29, 40
38: 28, 41
