0: 17, 34
1: 17, 34
2: 2, 3, 17, 33
3: 2, 6, 18, 33, 38, 41
4: 4, 9, 18, 32, 36, 39
5: 4, 5, 6, 12, 18, 32, 34, 37
6: 4, 5, 9, 14, 19, 35
7: 0, 1, 12, 16, 19, 33
8: 0, 5, 6, 7, 14, 18, 19, 31
9: 4, 5, 6, 7, 16, 30
10: 3, 7, 8, 9, 18, 30
11: 4, 8, 20, 30
12: 4, 8, 20, 29
13: 4, 8, 18, 30
14: 4, 8, 18, 21, 22, 31
15: 5, 8, 16, 18, 19, 22, 23, 33
16: 3, 9, 15, 17, 19, 21, 22, 29, 31, 35
17: 4, 8, 13, 15, 19, 21, 23, 29, 33, 37
18: 4, 8, 12, 14, 19, 22, 23, 30, 35, 39
19: 4, 7, 20, 22, 23, 29, 37, 40, 41, 42
20: 4, 7, 20, 30, 39, 44
21: 4, 7, 20, 29, 31, 32, 33, 34, 35, 38, 40, 45
22: 4, 7, 21, 45
23: 5, 7, 21, 36, 37, 38, 39, 44, 45, 47
24: 22, 34, 46, 49
25: 23, 31, 32, 33, 48, 50
26: 24, 29, 50, 52
27: 23, 24, 25, 30, 51, 52
28: 22, 31
29: 22, 32
30: 23, 32
31: 23, 32
32: 24, 31
33: 24, 31
34: 26, 29, 30, 32
35: 30, 32
36: 31, 32
37: 31, 32
38: 
