0: 1, 5, 11, 13, 23, 32, 37, 52
1: 2, 6, 11, 12, 22, 33, 37, 48, 51, 52
2: 0, 1, 4, 5, 10, 11, 21, 33, 36, 46
3: 0, 2, 20, 31, 37, 44
4: 0, 3, 19, 30, 36, 43
5: 0, 1, 2, 3, 18, 29, 37, 43
6: 16, 28, 37, 42
7: 14, 28, 40, 41
8: 15, 30
9: 3, 4, 17, 31
10: 1, 3, 18, 32
11: 0, 3, 19, 32
12: 0, 2, 9, 10, 19, 31
13: 0, 2, 9, 10, 20, 31
14: 0, 2, 8, 11, 20, 30, 51, 52
15: 0, 2, 8, 13, 21, 30, 50, 52
16: 0, 2, 7, 15, 21, 30, 36, 38, 50, 52
17: 0, 2, 6, 17, 22, 30, 32, 33, 34, 38, 44, 47, 49, 52
18: 0, 3, 5, 20, 22, 39, 43, 52
19: 0, 40, 42, 52
20: 0, 52
21: 0, 52
22: 0, 8, 9, 52
23: 0, 6, 9, 36, 43, 52
24: 0, 1, 3, 5, 10, 14, 15, 16, 17, 36, 46, 52
25: 11, 12, 17, 31, 34, 35, 47, 52
26: 17, 29, 34, 35, 49, 52
27: 17, 28, 35, 36, 49, 52
28: 16, 27, 50, 52
29: 16, 26, 51, 52
30: 15, 26
31: 16, 25, 51, 52
32: 18, 25, 51, 52
33: 19, 25, 49, 52
34: 18, 24, 47, 52
35: 17, 24, 46, 52
36: 15, 24, 44, 52
37: 15, 24, 43, 52
38: 15, 28, 29, 30, 42, 52
