0: 7, 8, 10, 11
1: 1, 17
2: 0, 22
3: 0, 26
4: 0, 29
5: 0, 32
6: 0, 34
7: 0, 37
8: 0, 39
9: 0, 41, 42, 43
10: 0, 45
11: 0, 48
12: 0, 49
13: 0, 50
14: 0, 50
15: 0, 51
16: 0, 52
17: 0, 52
18: 0, 52
19: 0, 52
20: 2, 3, 4, 6, 7, 52
21: 14, 15, 16, 52
22: 23, 24, 25, 52
23: 26, 29, 31, 52
24: 26, 31, 35, 36, 37, 52
25: 25, 32, 40, 41, 42, 52
26: 21, 32, 44, 45, 46, 52
27: 17, 32, 48, 52
28: 14, 32
29: 13, 32
30: 11, 13, 15, 33
31: 11, 12, 17, 34
32: 11, 12, 16, 34
33: 10, 12, 16, 34
34: 10, 12, 18, 33
35: 11, 12, 19, 33
36: 10, 13, 21, 34
37: 10, 13, 22, 33
38: 10, 13, 24, 32
