0: 0, 52
1: 0, 52
2: 1, 52
3: 1, 49
4: 0, 49
5: 1, 20, 24, 48
6: 1, 20, 24, 49
7: 1, 20, 24, 49
8: 2, 20, 23, 25, 26, 27, 28, 50
9: 1, 20, 23, 24, 27, 50
10: 0, 21, 23, 24, 28, 51
11: 0, 21, 28, 51
12: 0, 21, 23, 24, 28, 52
13: 0, 21, 22, 23, 28, 52
14: 0, 21, 22, 23, 28, 52
15: 0, 24, 27, 52
16: 0, 21, 22, 23, 27, 52
17: 0, 22, 27, 52
18: 0, 22, 27, 52
19: 0, 21, 27, 52
20: 0, 21, 22, 23, 27, 52
21: 0, 24, 27, 52
22: 0, 21, 28, 52
23: 0, 20, 27, 52
24: 0, 21, 22, 23, 27, 52
25: 0, 21, 22, 24, 27, 52
26: 0, 21, 22, 52
27: 0, 52
28: 0, 21, 22, 52
29: 0, 20, 21, 52
30: 0, 52
31: 0, 52
32: 0, 52
33: 0, 52
34: 0, 52
35: 0, 52
36: 0, 52
37: 0, 52
38: 0, 52
