0: 0, 11, 24, 26, 29, 30, 37, 52
1: 0, 11, 25, 26, 37, 52
2: 0, 11, 37, 52
3: 0, 12, 37, 52
4: 0, 12, 20, 21, 37, 52
5: 0, 13, 21, 22, 37, 52
6: 0, 13, 21, 22, 36, 52
7: 0, 13, 21, 23, 35, 52
8: 0, 13, 21, 23, 35, 52
9: 0, 13, 35, 52
10: 0, 12, 35, 52
11: 0, 11, 35, 52
12: 0, 11, 35, 52
13: 0, 11, 36, 52
14: 0, 12, 36, 52
15: 0, 12, 36, 38, 39, 40, 43, 52
16: 0, 13, 44, 52
17: 0, 13, 26, 27, 43, 52
18: 0, 15, 42, 52
19: 0, 15, 40, 52
20: 0, 16, 38, 52
21: 0, 15, 38, 52
22: 0, 15, 37, 52
23: 0, 13, 24, 28, 38, 52
24: 0, 12, 27, 28, 37, 52
25: 0, 12, 27, 28, 38, 52
26: 0, 13, 27, 29, 39, 52
27: 0, 13, 28, 29, 39, 52
28: 0, 13, 27, 29, 38, 52
29: 0, 13, 27, 30, 36, 52
30: 0, 12, 27, 30, 32, 52
31: 0, 12, 26, 52
32: 0, 12, 25, 52
33: 0, 13, 25, 52
34: 0, 13, 24, 52
35: 0, 13, 22, 52
36: 0, 14, 16, 17, 18, 19, 20, 52
37: 0, 52
38: 0, 52
