0: 0, 52
1: 0, 9, 10, 13, 14, 52
2: 0, 9, 11, 13, 15, 52
3: 0, 9, 11, 13, 15, 52
4: 0, 8, 11, 13, 16, 52
5: 0, 9, 16, 52
6: 0, 9, 16, 52
7: 0, 9, 16, 52
8: 0, 9, 16, 52
9: 0, 9, 15, 52
10: 0, 10, 16, 52
11: 0, 10, 15, 52
12: 0, 10, 16, 52
13: 0, 11, 15, 52
14: 0, 10, 16, 52
15: 0, 11, 15, 52
16: 0, 7, 10, 11, 16, 52
17: 0, 8, 15, 52
18: 0, 9, 17, 52
19: 0, 10, 16, 52
20: 0, 10, 17, 52
21: 0, 11, 17, 52
22: 0, 11, 16, 52
23: 0, 12, 16, 52
24: 0, 11, 16, 52
25: 0, 10, 17, 52
26: 0, 11, 16, 52
27: 0, 12, 15, 52
28: 0, 52
29: 0, 52
30: 0, 52
31: 0, 52
32: 0, 52
33: 0, 52
34: 0, 52
35: 0, 52
36: 0, 52
37: 0, 52
38: 0, 52
