0: 13, 38
1: 13, 38
2: 12, 38
3: 12, 39
4: 12, 39
5: 11, 40
6: 10, 17, 18, 33, 34, 40
7: 11, 17, 19, 40
8: 10, 17, 18, 33, 34, 40
9: 11, 17, 19, 33, 34, 40
10: 9, 17, 19, 33, 34, 42
11: 8, 16, 18, 43
12: 8, 18, 19, 44
13: 7, 45
14: 6, 45
15: 5, 43, 44, 45
16: 3, 44
17: 1, 2, 3, 4, 5, 46
18: 2, 46
19: 1, 2, 3, 4, 5, 47
20: 2, 3, 4, 47
21: 4, 47, 48, 49
22: 3, 4, 5, 24, 28, 47
23: 3, 21, 22, 23, 24, 25, 28, 29, 30, 46, 47, 48
24: 1, 2, 3, 23, 24, 26, 27, 28, 30, 45, 46, 47, 49, 50
25: 2, 22, 23, 25, 29, 44, 45, 46, 47, 48
26: 1, 27, 28, 29, 30, 45, 46, 47, 48, 50
27: 2, 24, 25, 26, 29, 45, 46, 49
28: 1, 25, 26, 27, 29, 49, 50, 51
29: 2, 24, 25, 26, 27, 28, 29, 50
30: 1, 21, 22, 25, 29, 49
31: 2, 4, 5, 22, 23, 25, 26, 27, 28, 42, 43, 50
32: 1, 2, 3, 4, 5, 21, 23, 25, 29, 49
33: 2, 3, 4, 20, 22, 25, 26, 27, 28, 29, 30, 50
34: 2, 3, 4, 5, 6, 7, 8, 19, 20, 21, 22, 23, 24, 26, 29, 49, 50, 51
35: 2, 3, 4, 5, 6, 20, 21, 22, 23, 26, 27, 28, 30, 31, 32, 44, 45, 50
36: 2, 3, 7, 8, 9, 19, 20, 21, 23, 27, 28, 30, 32, 46, 47, 50
37: 1, 2, 3, 4, 6, 7, 8, 17, 18, 20, 23, 26, 27, 28, 31, 32, 33, 45, 46, 48, 49, 50
38: 2, 3, 8, 16, 18, 19, 20, 21, 23, 27, 28, 29, 33, 46, 47, 48, 49, 50
