0: 16, 37
1: 14, 38
2: 13, 39
3: 13, 41
4: 12, 42
5: 11, 43
6: 10, 44
7: 9, 45
8: 9, 46
9: 8, 47
10: 7, 48, 49, 50
11: 6, 48, 49, 50, 51, 52
12: 4, 5, 6, 49, 50, 51
13: 3, 4, 5, 49, 50, 52
14: 3, 29, 34, 35, 36, 49
15: 1, 26, 37, 49
16: 1, 25, 39, 48
17: 0, 24, 40, 48
18: 0, 13, 14, 23, 41, 44, 45, 46, 47, 48
19: 0, 13, 14, 22, 31, 33, 34, 35, 42, 43, 45, 46
20: 0, 13, 15, 20, 30, 35, 42, 44
21: 0, 21, 28, 36, 42, 43
22: 0, 22, 27, 37, 43, 45
23: 1, 22, 25, 37, 43, 44
24: 2, 38, 44, 45
25: 2, 38, 44, 45
26: 3, 37, 44, 45
27: 4, 38, 44, 45
28: 5, 38
29: 5, 37
30: 7, 37
31: 7, 37
32: 8, 36
33: 9, 36
34: 10, 36
35: 11, 35
36: 12, 34, 37, 38
37: 13, 36
38: 14, 37
