0: 0, 18, 43, 52
1: 0, 18, 43, 52
2: 0, 19, 43, 52
3: 0, 19, 44, 52
4: 0, 19, 42, 43, 45, 52
5: 0, 19, 41, 52
6: 0, 19, 42, 52
7: 0, 19, 41, 52
8: 0, 17, 26, 27, 41, 52
9: 0, 16, 25, 28, 41, 52
10: 0, 16, 23, 28, 40, 41, 42, 52
11: 0, 15, 22, 29, 41, 52
12: 0, 15, 22, 30, 42, 52
13: 0, 15, 22, 31, 42, 44, 45, 52
14: 0, 16, 21, 31, 42, 43, 44, 52
15: 0, 18, 21, 30, 44, 52
16: 0, 30, 33, 34, 45, 52
17: 0, 30, 44, 52
18: 0, 30, 45, 52
19: 0, 29, 44, 52
20: 0, 28, 45, 52
21: 0, 28, 44, 52
22: 0, 28, 44, 52
23: 0, 26, 44, 52
24: 0, 26, 44, 52
25: 0, 25, 44, 52
26: 0, 25, 44, 52
27: 0, 25, 43, 52
28: 0, 25, 43, 52
29: 0, 26, 42, 52
30: 0, 26, 42, 52
31: 0, 27, 42, 52
32: 0, 28, 42, 52
33: 0, 30, 41, 52
34: 0, 30, 40, 52
35: 0, 30, 36, 52
36: 0, 30, 34, 52
37: 0, 31, 33, 52
38: 0, 52
