0: 22, 30, 32, 38, 39, 40, 41, 52
1: 21, 31, 32, 39, 40, 41, 42, 52
2: 22, 30, 32, 52
3: 21, 31, 32, 52
4: 22, 30, 32, 52
5: 21, 31, 32, 52
6: 22, 30, 32, 52
7: 21, 31, 32, 52
8: 22, 30, 32, 52
9: 21, 31, 33, 52
10: 22, 30, 34, 52
11: 21, 31, 34, 52
12: 22, 30, 35, 52
13: 21, 31, 36, 52
14: 22, 30, 37, 52
15: 21, 31, 37, 52
16: 22, 30, 38, 52
17: 21, 31, 38, 52
18: 22, 30, 39, 52
19: 21, 25, 26, 31, 39, 52
20: 22, 25, 27, 30, 39, 52
21: 21, 24, 29, 31, 40, 52
22: 21, 22, 38, 52
23: 22, 23, 29, 31, 39, 52
24: 21, 23, 28, 30, 40, 52
25: 40, 52
26: 22, 25, 28, 31, 40, 52
27: 21, 25, 27, 30, 41, 52
28: 22, 25, 27, 31, 40, 52
29: 21, 24, 28, 30, 41, 52
30: 22, 24, 28, 31, 40, 52
31: 21, 24, 28, 30, 40, 52
32: 22, 23, 29, 31, 40, 52
33: 21, 22, 30, 31, 39, 43, 44, 52
34: 21, 22, 39, 43, 46, 51
35: 40, 41
36: 21, 22, 30, 31
37: 22, 23, 25, 26, 28, 30
38: 21, 23, 24, 28, 29, 31
