0: 0, 14, 16, 19, 37, 52
1: 0, 14, 15, 16, 17, 19, 37, 52
2: 0, 15, 16, 19, 37, 52
3: 0, 14, 16, 20, 37, 52
4: 0, 15, 16, 20, 37, 52
5: 0, 15, 16, 21, 37, 52
6: 0, 14, 15, 16, 17, 21, 37, 52
7: 0, 15, 16, 22, 39, 52
8: 0, 14, 16, 23, 41, 52
9: 0, 15, 16, 23, 43, 52
10: 0, 15, 16, 24, 44, 52
11: 0, 15, 17, 25, 45, 52
12: 0, 14, 15, 23, 46, 52
13: 0, 15, 17, 23, 46, 52
14: 0, 15, 16, 21, 46, 52
15: 0, 15, 17, 21, 46, 52
16: 0, 15, 16, 20, 46, 52
17: 0, 16, 17, 19, 24, 25, 44, 52
18: 0, 15, 17, 18, 23, 25, 43, 50, 51, 52
19: 0, 16, 17, 18, 22, 26, 46, 49
20: 0, 15, 21, 26
21: 0, 17, 21, 27
22: 0, 15, 20, 29, 43, 45
23: 0, 16, 20, 29, 43, 50, 51, 52
24: 0, 16, 20, 25, 27, 29, 38, 39, 45, 52
25: 0, 16, 20, 25, 27, 30, 37, 42, 46, 52
26: 0, 16, 19, 23, 28, 31, 32, 33, 34, 45, 46, 52
27: 0, 15, 20, 21, 29, 52
28: 0, 16, 19, 21, 30, 52
29: 0, 15, 19, 20, 30, 52
30: 0, 15, 31, 52
31: 0, 15, 31, 52
32: 0, 14, 15, 16, 30, 52
33: 0, 14, 30, 52
34: 0, 16, 29, 52
35: 0, 20, 30, 52
36: 0, 19, 30, 52
37: 0, 19, 31, 52
38: 0, 18, 31, 52
