0: 0, 30
1: 0, 31
2: 0, 30
3: 0, 30
4: 0, 31
5: 0, 30
6: 0, 31
7: 0, 30
8: 0, 30
9: 0, 31
10: 0, 30
11: 0, 31
12: 0, 30
13: 0, 30
14: 0, 31
15: 0, 12, 13, 14, 15, 30
16: 0, 10, 17, 31
17: 0, 9, 19, 30
18: 0, 9, 18, 30
19: 0, 8, 19, 31
20: 0, 9, 19, 30
21: 0, 8, 19, 31
22: 0, 9, 18, 30
23: 0, 10, 17, 31
24: 0, 11, 16, 30
25: 0, 30
26: 0, 31
27: 0, 30
28: 0, 31
29: 0, 30
30: 0, 31
31: 0, 30
32: 0, 30
33: 0, 31, 51, 52
34: 0, 30, 50, 52
35: 0, 31, 48, 52
36: 0, 30, 47, 52
37: 0, 31, 42, 44, 45, 52
38: 0, 30, 39, 52
