0: 0, 37, 47, 52
1: 0, 38, 47, 52
2: 0, 38, 48, 52
3: 0, 37, 48, 52
4: 0, 38, 48, 52
5: 0, 38, 48, 52
6: 0, 37, 48, 52
7: 0, 38, 48, 52
8: 0, 38, 48, 52
9: 0, 37, 48, 52
10: 0, 38, 48, 52
11: 0, 38, 48, 49
12: 0, 37
13: 0, 38
14: 0, 38
15: 0, 37
16: 0, 38
17: 0, 38
18: 0, 37
19: 0, 11, 16, 38
20: 0, 7, 8, 11, 17, 38
21: 0, 6, 17, 37
22: 0, 5, 15, 17, 18, 38
23: 0, 6, 16, 38
24: 0, 5, 17, 37
25: 0, 4, 7, 8, 18, 38
26: 0, 4, 6, 10, 18, 38
27: 0, 3, 7, 8, 9, 10, 17, 37
28: 0, 3, 15, 38
29: 0, 5, 16, 38
30: 0, 8, 16, 37
31: 0, 8, 16, 38
32: 0, 8, 17, 38
33: 0, 8, 16, 37
34: 0, 8, 16, 38
35: 0, 8, 15, 38
36: 0, 7, 15, 37
37: 0, 7, 14, 38
38: 0, 7, 15, 38
