0: 19, 30, 48, 50
1: 20, 30, 47, 50
2: 21, 30, 47, 49
3: 21, 30, 46, 49
4: 22, 30, 45, 48
5: 23, 29, 45, 47
6: 22, 29, 38, 39, 44, 46
7: 23, 30, 32, 33, 34, 39, 43, 46
8: 22, 40, 42, 45
9: 23, 44
10: 22, 43
11: 22, 34, 37, 42
12: 22, 34, 37, 42
13: 22, 34, 36, 41
14: 22, 38
15: 22, 37
16: 22, 35
17: 21, 34
18: 0, 1, 21, 32
19: 0, 3, 21, 29
20: 0, 5, 18, 27
21: 1, 9, 10, 11, 12, 28
22: 4, 28
23: 7, 8, 9, 11, 12, 14, 15, 16, 17, 29
24: 18, 29
25: 19, 29
26: 17, 18, 19, 30
27: 17, 29
28: 18, 30
29: 19, 31
30: 19, 30
31: 19, 30
32: 19, 30
33: 20, 32
34: 22, 27
35: 24, 25
36: 
37: 
38: 
