0: 20, 25
1: 19, 25
2: 19, 25
3: 18, 25
4: 18, 25
5: 19, 25
6: 21, 25
7: 21, 26
8: 22, 26
9: 21, 27
10: 21, 27
11: 0, 18, 20, 28, 29, 52
12: 0, 20, 21, 26, 27, 28, 29, 52
13: 0, 20, 21, 26, 29, 52
14: 0, 20, 21, 26, 29, 52
15: 0, 20, 22, 25, 27, 52
16: 0, 22, 23, 24, 25, 52
17: 0, 24, 25, 52
18: 0, 22, 24, 52
19: 0, 22, 24, 52
20: 0, 22, 24, 52
21: 0, 23, 25, 52
22: 0, 23, 24, 52
23: 0, 52
24: 0, 52
25: 0, 52
26: 0, 52
27: 0, 52
28: 0, 52
29: 0, 52
30: 0, 52
31: 0, 52
32: 0, 52
33: 0, 52
34: 0, 52
35: 0, 52
36: 0, 52
37: 0, 52
38: 0, 52
