0: 2, 7, 9, 44
1: 2, 7, 9, 43
2: 2, 8, 9, 43
3: 2, 42
4: 2, 8, 9, 41
5: 3, 41
6: 3, 39
7: 3, 39
8: 3, 37
9: 4, 36
10: 4, 22, 23, 33
11: 0, 1, 4, 22, 26, 27, 28, 29
12: 0, 2, 4, 21
13: 1, 2, 5, 20
14: 1, 3, 4, 6, 7, 21
15: 2, 9, 10, 16, 17, 18
16: 2, 15, 16, 17
17: 3, 18
18: 3, 19
19: 4, 19
20: 4, 19
21: 3, 19, 35, 36
22: 4, 20, 35, 36
23: 4, 21
24: 4, 22
25: 3, 22
26: 3, 23
27: 2, 24
28: 3, 23
29: 2, 20
30: 3, 20
31: 3, 19
32: 4, 19
33: 5, 18
34: 7, 17
35: 10, 11, 12, 16, 18, 19
36: 14, 16
37: 
38: 
