0: 25, 41
1: 26, 41
2: 25, 41
3: 26, 41
4: 23, 24, 26, 41
5: 23, 24, 27, 42, 47, 48
6: 18, 19, 23, 25, 26, 42, 47, 48
7: 18, 20, 23, 25, 27, 43, 47, 48
8: 18, 20, 23, 25, 27, 43, 46, 48
9: 18, 20, 23, 26, 27, 43, 47, 49
10: 2, 3, 18, 21, 22, 26, 28, 44, 46, 49, 51, 52
11: 2, 3, 13, 15, 18, 21, 23, 26, 27, 44, 46, 50, 51, 52
12: 2, 4, 8, 10, 14, 15, 18, 21, 23, 26, 27, 44, 46, 49, 51, 52
13: 2, 5, 9, 10, 14, 16, 18, 21, 24, 41, 42, 43, 47, 49, 51, 52
14: 2, 5, 8, 10, 13, 16, 19, 21, 22, 25, 26, 45, 46, 49, 51, 52
15: 2, 5, 8, 11, 14, 16, 19, 22, 27, 42, 43, 52
16: 2, 6, 8, 11, 13, 17, 19, 21, 28, 41, 51, 52
17: 3, 6, 8, 12, 13, 17, 18, 20, 28, 40
18: 3, 6, 8, 12, 14, 17, 18, 19, 29, 40
19: 0, 1, 2, 3, 4, 5, 9, 12, 15, 18, 31, 39
20: 0, 8, 9, 11, 15, 17, 27, 30, 32, 37
21: 5, 11, 14, 16, 27, 32, 33, 36
22: 9, 12, 13, 15, 27, 36, 37, 38
23: 11, 14, 28, 40
24: 28, 40
25: 26, 41
26: 23, 43
27: 23, 42
28: 24, 41
29: 25, 41
30: 24, 40
31: 25, 41
32: 26, 41
33: 27, 40
34: 27, 39
35: 28, 38
36: 30, 37
37: 
38: 
