0: 16, 17, 19, 20, 27, 52
1: 16, 17, 19, 21, 27, 52
2: 16, 17, 19, 20, 27, 52
3: 19, 21, 29, 52
4: 16, 17, 19, 21, 28, 52
5: 18, 20, 27, 52
6: 16, 17, 18, 21, 26, 52
7: 17, 20, 27, 52
8: 16, 21, 27, 52
9: 17, 20, 25, 52
10: 16, 21, 26, 52
11: 17, 21, 27, 52
12: 17, 20, 27, 52
13: 17, 21, 27, 52
14: 17, 21, 27, 52
15: 17, 21, 28, 52
16: 17, 20, 27, 52
17: 18, 21, 27, 52
18: 18, 21, 25, 26, 27, 52
19: 19, 21, 24, 52
20: 18, 20, 22, 52
21: 18, 21, 22, 52
22: 19, 21, 22, 52
23: 19, 21, 22, 52
24: 19, 21, 22, 52
25: 19, 21, 22, 52
26: 19, 52
27: 19, 52
28: 19, 20, 21, 52
29: 19, 52
30: 18, 20, 21, 52
31: 18, 20, 21, 52
32: 18, 19, 21, 52
33: 17, 20, 21, 52
34: 17, 19, 21, 52
35: 17, 19, 21, 52
36: 17, 19, 21, 52
37: 21, 52
38: 21, 52
