0: 0, 15, 30, 52
1: 0, 15, 30, 52
2: 0, 15, 29, 52
3: 0, 15, 28, 52
4: 0, 16, 28, 52
5: 0, 16, 27, 52
6: 0, 16, 27, 52
7: 0, 16, 26, 52
8: 0, 17, 26, 52
9: 0, 17, 25, 52
10: 0, 17, 25, 52
11: 0, 16, 25, 52
12: 0, 17, 26, 52
13: 0, 17, 26, 52
14: 0, 17, 27, 52
15: 0, 14, 15, 17, 26, 52
16: 0, 13, 16, 17, 27, 52
17: 0, 12, 26, 31, 36, 52
18: 0, 13, 26, 29, 40, 44, 45, 52
19: 0, 14, 42, 43, 47, 52
20: 0, 14, 44, 45, 46, 52
21: 0, 15, 44, 52
22: 0, 14, 42, 52
23: 0, 16, 33, 52
24: 0, 17, 28, 29, 30, 52
25: 0, 16, 25, 26, 28, 52
26: 0, 17, 25, 28, 31, 52
27: 0, 16, 26, 30, 32, 52
28: 0, 16, 26, 32, 34, 52
29: 0, 16, 27, 34, 36, 52
30: 0, 16, 26, 36, 38, 52
31: 0, 15, 26, 52
32: 0, 15, 26, 52
33: 0, 15, 26, 52
34: 0, 16, 26, 52
35: 0, 18, 26, 52
36: 0, 19, 22, 23, 24, 52
37: 0, 19, 21, 52
38: 0, 19, 20, 52
