0: 19, 21, 27, 29
1: 19, 21, 27, 28
2: 20, 21, 27, 28
3: 19, 21, 26, 28
4: 20, 21, 26, 28
5: 19, 21, 26, 28
6: 20, 22, 26, 28
7: 20, 27
8: 19, 29
9: 19, 30
10: 1, 2, 19, 30
11: 2, 7, 8, 9, 20, 29
12: 6, 7, 8, 9, 19, 29
13: 5, 9, 10, 14, 20, 28, 30, 32
14: 6, 10, 13, 18, 20, 30
15: 6, 9, 17, 27
16: 6, 9, 20, 27
17: 5, 9, 19, 26
18: 5, 10, 17, 29
19: 6, 9, 16, 17, 19, 21, 22, 25
20: 6, 9, 15, 16, 19, 20, 21, 26
21: 6, 8, 19, 20, 22, 26
22: 6, 9, 19, 26
23: 6, 9, 19, 25
24: 7, 8, 20, 26, 27, 28
25: 21, 30
26: 21, 24, 25, 33, 34, 35
27: 20, 25, 31, 32, 33, 36
28: 20, 26, 31, 32, 33, 34, 35, 37, 38, 39
29: 20, 27, 35, 36, 37, 39, 40, 41
30: 20, 28, 32, 33, 34, 35, 37, 38, 39, 41, 42, 44, 49, 50
31: 21, 27, 30, 31, 33, 34, 36, 37, 38, 39, 41, 42, 43, 45, 46, 47
32: 25, 27, 28, 29, 35, 36, 37, 38, 39, 42, 43, 44, 45, 47, 48, 49
33: 23, 24, 31, 32, 33, 34, 36, 37, 43, 44, 45, 46, 47, 48, 49, 51
34: 20, 21, 25, 26, 35, 36, 38, 44, 45, 46, 47, 48, 49, 50, 51, 52
35: 27, 28, 30, 35, 37, 43, 44, 45, 46, 47, 48, 49, 50, 51
36: 23, 24, 29, 35, 36, 40, 41, 42, 43, 44, 45, 46, 47, 48, 49, 50
37: 26, 27, 29, 39, 40, 41, 42, 43, 44, 45, 47, 49
38: 29, 39, 41, 42, 44, 45, 46, 47
