0: 0, 26, 40, 46
1: 0, 26, 39, 46
2: 0, 26, 38, 45, 46, 47
3: 0, 26, 38, 45
4: 0, 24, 38, 44
5: 0, 23, 37, 43
6: 0, 19, 20, 21, 36, 37, 38, 43
7: 0, 16, 26, 27, 36, 43
8: 0, 15, 38, 42
9: 0, 15, 21, 22, 37, 43
10: 0, 14, 19, 23, 37, 42
11: 0, 14, 18, 22, 40, 42
12: 0, 13, 17, 22, 42, 43
13: 0, 12, 15, 22, 25, 27
14: 0, 11, 14, 22, 25, 27
15: 0, 12, 13, 21, 25, 27
16: 0, 22, 24, 28
17: 0, 21, 24, 26, 27, 28
18: 0, 20, 26, 29, 51, 52
19: 0, 20, 24, 30, 49, 52
20: 0, 19, 20, 21, 23, 31, 48, 52
21: 0, 32, 46, 52
22: 0, 32, 46, 52
23: 0, 30, 41, 42, 45, 52
24: 0, 29, 42, 43, 44, 52
25: 0, 29, 41, 52
26: 0, 29, 41, 52
27: 0, 29, 41, 52
28: 0, 29, 41, 52
29: 0, 28, 42, 52
30: 0, 28, 41, 52
31: 0, 28, 41, 52
32: 0, 29, 40, 52
33: 0, 29, 40, 52
34: 0, 31, 39, 52
35: 0, 33, 39, 52
36: 0, 34, 39, 52
37: 0, 35, 37, 52
38: 0, 52
