0: 0, 6, 45, 49
1: 0, 3, 45, 48
2: 0, 1, 35, 36, 45, 48
3: 32, 41, 42, 49
4: 31, 50
5: 30, 50
6: 30, 51
7: 9, 10, 12, 15, 18, 19, 31, 52
8: 8, 9, 15, 21, 32, 52
9: 1, 2, 5, 7, 9, 10, 17, 22, 31, 52
10: 0, 13, 19, 21, 32, 52
11: 0, 15, 31, 52
12: 0, 17, 31, 52
13: 0, 19, 31, 52
14: 0, 19, 31, 52
15: 0, 20, 31, 52
16: 0, 20, 31, 52
17: 0, 21, 31, 52
18: 0, 21, 31, 51
19: 0, 22, 30, 50
20: 0, 24, 29, 50
21: 0, 23, 31, 52
22: 0, 23, 32, 51
23: 0, 22, 32, 50
24: 0, 22, 32, 49
25: 0, 21, 32, 49
26: 0, 21, 31, 50
27: 0, 21, 31, 50, 51, 52
28: 0, 21, 31, 52
29: 0, 21, 32, 52
30: 0, 20, 31, 52
31: 0, 20, 30, 52
32: 0, 23, 29, 52
33: 0, 25, 27, 28, 29, 52
34: 0, 25, 29, 52
35: 0, 26, 29, 52
36: 0, 26, 27, 52
37: 0, 52
38: 0, 52
