0: 0, 27, 38, 52
1: 0, 27, 38, 52
2: 0, 27, 38, 52
3: 0, 27, 39, 52
4: 0, 27, 39, 52
5: 0, 27, 39, 52
6: 0, 27, 40, 52
7: 0, 23, 24, 26, 39, 52
8: 0, 24, 40, 52
9: 0, 16, 17, 25, 27, 28, 40, 52
10: 0, 16, 18, 26, 39, 52
11: 0, 13, 14, 16, 19, 26, 40, 52
12: 0, 13, 15, 16, 21, 26, 39, 52
13: 0, 14, 15, 16, 22, 26, 39, 52
14: 0, 14, 25, 26, 39, 52
15: 0, 15, 39, 52
16: 0, 15, 40, 52
17: 0, 17, 40, 52
18: 0, 20, 38, 52
19: 0, 24, 38, 52
20: 0, 28, 39, 52
21: 0, 29, 38, 52
22: 0, 29, 39, 52
23: 0, 29, 39, 52
24: 0, 29, 39, 52
25: 0, 28, 39, 40, 41, 52
26: 0, 27, 40, 52
27: 0, 25, 39, 52
28: 0, 25, 39, 52
29: 0, 27, 39, 52
30: 0, 26, 40, 52
31: 0, 27, 39, 52
32: 0, 28, 38, 52
33: 0, 28, 37, 52
34: 0, 29, 36, 52
35: 0, 29, 30, 52
36: 0, 52
37: 0, 52
38: 0, 52
