0: 12, 26
1: 11, 26
2: 9, 26
3: 8, 26
4: 8, 26
5: 9, 26
6: 9, 26, 39, 41
7: 11, 26
8: 2, 3, 13, 26
9: 15, 26, 45, 46
10: 16, 26
11: 17, 26
12: 9, 10, 18, 25
13: 19, 26
14: 20, 25
15: 19, 26
16: 19, 28
17: 10, 11, 19, 31
18: 9, 12, 19, 25, 27, 29, 31, 32
19: 4, 5, 8, 13, 19, 26, 27, 28, 30, 31
20: 9, 14, 20, 26
21: 8, 15, 19, 25
22: 9, 15, 20, 24
23: 8, 17, 18, 23, 29, 30
24: 8, 22
25: 2, 3, 9, 23
26: 9, 24, 34, 35
27: 10, 25
28: 9, 25
29: 10, 24
30: 11, 24, 49, 50
31: 11, 23, 49, 50
32: 10, 11, 13, 24, 41, 42
33: 14, 24
34: 15, 25
35: 17, 25
36: 19, 20, 21, 25
37: 
38: 
