0: 0, 19, 48, 52
1: 0, 19, 44, 47, 49, 52
2: 0, 19, 44, 52
3: 0, 19, 44, 52
4: 0, 19, 43, 52
5: 0, 19, 44, 52
6: 0, 20, 43, 52
7: 0, 20, 43, 52
8: 0, 20, 42, 43, 45, 52
9: 0, 19, 28, 29, 43, 52
10: 0, 18, 27, 30, 44, 46, 47, 52
11: 0, 17, 26, 29, 43, 52
12: 0, 17, 26, 29, 44, 45, 46, 52
13: 0, 17, 25, 29, 44, 45, 47, 52
14: 0, 17, 25, 28, 47, 52
15: 0, 17, 25, 29, 31, 33, 46, 52
16: 0, 18, 25, 28, 31, 32, 46, 52
17: 0, 20, 24, 28, 46, 52
18: 0, 27, 46, 52
19: 0, 26, 46, 52
20: 0, 26, 46, 52
21: 0, 26, 46, 52
22: 0, 25, 46, 52
23: 0, 23, 46, 52
24: 0, 23, 45, 52
25: 0, 22, 45, 52
26: 0, 22, 45, 52
27: 0, 22, 45, 52
28: 0, 22, 44, 52
29: 0, 23, 44, 52
30: 0, 23, 44, 52
31: 0, 24, 43, 52
32: 0, 24, 42, 52
33: 0, 25, 43, 52
34: 0, 26, 42, 52
35: 0, 28, 41, 52
36: 0, 28, 41, 52
37: 0, 27, 40, 52
38: 0, 27, 35, 52
