0: 0, 22, 38, 40, 42, 43, 51, 52
1: 0, 22, 38, 39, 43, 44, 51, 52
2: 0, 24, 38, 40, 42, 43, 50, 52
3: 0, 24, 38, 40, 50, 52
4: 0, 24, 38, 39, 49, 52
5: 0, 24, 38, 39, 48, 52
6: 0, 25, 38, 39, 48, 52
7: 0, 24, 47, 52
8: 0, 24, 46, 52
9: 0, 24, 46, 52
10: 0, 24, 46, 52
11: 0, 25, 43, 52
12: 0, 25, 42, 52
13: 0, 24, 41, 52
14: 0, 25, 41, 52
15: 0, 24, 40, 52
16: 0, 25, 40, 52
17: 0, 23, 24, 25, 39, 52
18: 0, 23, 24, 25, 40, 52
19: 0, 23, 24, 26, 40, 52
20: 0, 23, 25, 26, 40, 52
21: 0, 23, 40, 52
22: 0, 23, 25, 27, 41, 52
23: 0, 24, 41, 52
24: 0, 24, 41, 52
25: 0, 25, 44, 52
26: 0, 24, 44, 52
27: 0, 24, 43, 52
28: 0, 23, 43, 52
29: 0, 23, 42, 52
30: 0, 23, 44, 52
31: 0, 23, 44, 52
32: 0, 24, 44, 52
33: 0, 24, 44, 52
34: 0, 23, 44, 52
35: 0, 22, 44, 52
36: 0, 23, 44, 52
37: 0, 23, 44, 52
38: 0, 26, 28, 29, 30, 36, 43, 52
