0: 19, 33
1: 19, 33
2: 8, 11, 12, 13, 20, 32, 40, 41, 42, 43, 44, 45
3: 4, 14, 20, 32, 37, 48
4: 4, 16, 21, 31, 35, 48
5: 3, 18, 20, 31, 33, 48
6: 3, 4, 8, 10, 13, 19, 21, 31, 32, 39, 41, 43, 44, 45, 46, 49
7: 3, 4, 7, 9, 15, 19, 21, 31, 32, 36, 42, 44, 48, 49
8: 17, 20, 21, 35, 43, 44
9: 17, 34
10: 17, 34
11: 17, 34
12: 15, 16, 18, 34, 36, 37
13: 11, 12, 15, 16, 18, 33, 35, 36, 40, 41
14: 10, 12, 15, 17, 18, 34, 35, 37, 40, 41
15: 11, 12, 15, 17, 18, 33, 35, 37, 40, 41
16: 2, 3, 6, 7, 10, 12, 14, 37, 40, 42, 45, 46
17: 2, 3, 6, 8, 10, 13, 15, 18, 19, 33, 34, 37, 39, 41, 44, 45, 49, 50
18: 2, 4, 6, 8, 10, 13, 15, 17, 19, 33, 34, 37, 38, 42, 44, 46, 48, 50
19: 2, 4, 6, 8, 10, 13, 16, 31, 32, 34, 35, 36, 39, 42, 43, 45, 48, 50
20: 0, 1, 2, 4, 6, 9, 11, 19, 21, 30, 32, 37, 39, 41, 43, 46, 48, 50
21: 2, 5, 6, 9, 11, 13, 23, 28, 34, 40, 43, 46, 47, 50, 51, 52
22: 0, 5, 7, 11, 24, 27, 29, 30, 33, 37, 39, 42, 43, 45, 47, 50
23: 0, 4, 7, 10, 23, 24, 25, 28, 29, 30, 33, 38, 41, 45, 47, 52
24: 3, 8, 21, 31, 33, 37, 42, 45, 47, 52
25: 5, 7, 20, 32, 33, 37, 44, 48
26: 20, 32, 33, 37, 45, 47
27: 19, 32, 33, 37
28: 18, 36
29: 18, 38
30: 19, 38
31: 20, 37
32: 20, 37
33: 20, 36
34: 20, 33, 34, 35
35: 20, 32
36: 21, 31
37: 22, 28, 29, 30
38: 
