0: 5, 6, 8, 9, 11, 18, 42, 43, 44, 52
1: 6, 7, 10, 18, 43, 44, 45, 52
2: 4, 5, 9, 19, 42, 43, 44, 46, 47, 52
3: 7, 8, 9, 19, 43, 44, 45, 52
4: 6, 7, 9, 19, 43, 44, 45, 52
5: 9, 20, 44, 46, 47, 52
6: 9, 20, 43, 44, 45, 52
7: 9, 20, 45, 46, 47, 52
8: 11, 12, 13, 20, 24, 25, 44, 52
9: 12, 22, 23, 24, 26, 30, 44, 45, 46, 52
10: 13, 30, 45, 46, 47, 52
11: 13, 33, 45, 52
12: 14, 33, 46, 52
13: 16, 33, 45, 52
14: 14, 15, 16, 33, 46, 52
15: 16, 34, 46, 52
16: 15, 33, 47, 52
17: 15, 32, 46, 52
18: 14, 32, 47, 52
19: 15, 31, 46, 52
20: 16, 30, 46, 52
21: 17, 29, 45, 52
22: 19, 27, 44, 52
23: 26, 27, 43, 52
24: 43, 52
25: 41, 52
26: 40, 52
27: 39, 52
28: 37, 52
29: 37, 52
30: 35, 52
31: 34, 52
32: 32, 52
33: 31, 52
34: 30, 52
35: 28, 52
36: 26, 52
37: 25, 52
38: 1, 2, 23, 52
