0: 8, 19, 34, 50
1: 8, 19, 33, 49
2: 8, 19, 34, 49
3: 9, 19, 34, 48
4: 9, 18, 32, 33, 34, 47
5: 10, 19, 23, 24, 33, 46
6: 11, 18, 22, 23, 25, 26, 32, 42
7: 11, 20, 21, 22, 27, 28, 32, 41
8: 11, 22, 23, 24, 29, 40
9: 11, 24, 25, 26, 27, 41
10: 10, 25, 27, 41
11: 11, 21, 22, 25, 26, 41
12: 10, 22, 24, 28, 30, 41
13: 10, 42
14: 10, 21, 22, 30, 31, 41
15: 10, 20, 24, 28, 32, 41
16: 11, 21, 25, 27, 31, 41
17: 11, 20, 24, 28, 32, 41
18: 11, 20, 25, 27, 32, 41
19: 11, 19, 33, 40
20: 12, 19, 33, 40
21: 12, 20, 32, 40
22: 12, 20, 32, 40
23: 12, 22, 29, 40
24: 12, 24, 29, 40
25: 12, 23, 28, 39
26: 13, 24, 28, 40
27: 13, 23, 29, 39
28: 13, 23, 29, 38
29: 14, 22, 30, 38
30: 15, 24, 30, 37
31: 18, 23, 29, 32, 34, 35
32: 19, 23, 29, 31
33: 18, 19, 21, 23, 29, 30
34: 22, 24, 28, 30
35: 23, 24
36: 23, 24
37: 
38: 
