0: 20, 29, 37, 41, 45, 48
1: 20, 30, 33, 34, 35, 41, 44, 48
2: 20, 41, 44, 47
3: 20, 46
4: 20, 45
5: 20, 35, 36, 45
6: 20, 35, 39, 44
7: 20, 36, 39, 44
8: 20, 35, 37, 42
9: 19, 35, 36, 41
10: 19, 39
11: 19, 30, 31, 38
12: 19, 37
13: 19, 29, 30, 36
14: 18, 35
15: 19, 34
16: 18, 31
17: 17, 29
18: 15, 27
19: 14, 27
20: 14, 27
21: 12, 28
22: 0, 1, 2, 3, 5, 6, 7, 28
23: 0, 29
24: 0, 11, 15, 29
25: 2, 3, 4, 5, 13, 14, 15, 30
26: 13, 29
27: 14, 29
28: 15, 31
29: 16, 30
30: 15, 31
31: 16, 29
32: 15, 29
33: 16, 30
34: 17, 31
35: 18, 26, 28, 31
36: 20, 25
37: 
38: 
