0: 17, 35
1: 16, 34
2: 16, 18, 19, 34
3: 15, 18, 20, 34
4: 15, 18, 19, 34
5: 14, 17, 20, 35
6: 14, 17, 19, 34
7: 14, 17, 19, 35
8: 13, 18, 19, 35
9: 13, 19, 20, 35
10: 14, 19, 20, 35
11: 13, 35
12: 14, 35
13: 14, 34
14: 17, 34
15: 17, 33
16: 18, 33
17: 20, 33
18: 20, 33
19: 20, 33
20: 20, 33
21: 20, 32
22: 20, 33
23: 18, 32
24: 17, 33
25: 18, 34
26: 19, 33
27: 18, 33
28: 17, 18, 19, 33
29: 18, 19, 20, 32, 33, 34
30: 19, 33
31: 20, 32
32: 21, 31
33: 22, 30
34: 24, 25, 26, 27, 28, 29
35: 
36: 
37: 
38: 
