0: 0, 52
1: 0, 52
2: 0, 52
3: 0, 52
4: 0, 52
5: 0, 52
6: 0, 52
7: 0, 52
8: 0, 52
9: 0, 28, 29, 52
10: 0, 25, 32, 52
11: 0, 24, 33, 52
12: 0, 23, 34, 52
13: 0, 22, 35, 52
14: 0, 22, 35, 52
15: 0, 21, 35, 52
16: 0, 21, 36, 51
17: 0, 21, 35, 50
18: 0, 20, 36, 49
19: 0, 21, 35, 48
20: 0, 21, 35, 48
21: 0, 22, 35, 48
22: 0, 23, 34, 48
23: 0, 26, 33, 47
24: 0, 30, 31, 48
25: 0, 26, 27, 47
26: 0, 47
27: 0, 32, 33, 34, 35, 36
28: 0, 31, 32, 33
29: 0, 30, 31, 32
30: 0, 30, 31, 32, 33, 34
31: 0, 29, 30, 31
32: 0, 32, 33, 34, 35, 36
33: 1, 2, 4, 5, 6, 31, 32, 33
34: 9, 10, 11, 12, 13, 14, 15, 16
35: 
36: 
37: 
38: 18, 19, 20, 21, 22, 23, 24, 25
