0: 0, 9, 10, 11, 12, 20, 43, 45, 51, 52
1: 0, 9, 10, 11, 12, 20, 44, 45
2: 0, 9, 12, 21
3: 0, 10, 12, 21
4: 0, 9, 11, 22
5: 0, 10, 12, 23
6: 0, 10, 12, 24
7: 0, 9, 10, 11, 12, 23
8: 0, 9, 10, 12, 13, 23
9: 0, 10, 13, 22
10: 0, 10, 12, 21
11: 0, 10, 12, 20
12: 0, 10, 11, 19
13: 0, 10, 13, 18, 25, 26, 51, 52
14: 0, 10, 11, 12, 13, 17, 24, 26, 49, 52
15: 0, 10, 11, 12, 13, 17, 24, 25
16: 0, 10, 13, 16, 23, 25
17: 0, 11, 13, 15, 22, 25
18: 0, 11, 12, 15, 21, 26
19: 0, 11, 13, 14, 20, 27
20: 0, 11, 19, 28
21: 0, 11, 12, 13, 18, 29, 31, 32, 47, 48, 51, 52
22: 0, 11, 12, 13, 19, 29, 30, 32, 46, 52
23: 0, 12, 18, 32, 45, 52
24: 0, 11, 18, 26, 27, 32, 44, 52
25: 0, 12, 18, 26, 28, 33, 43, 52
26: 0, 12, 18, 25, 28, 35, 40, 52
27: 0, 12, 18, 23, 29, 36, 37, 52
28: 0, 12, 17, 22, 30, 52
29: 0, 12, 17, 20, 32, 52
30: 0, 11, 18, 20, 32, 52
31: 0, 12, 17, 19, 33, 52
32: 0, 12, 17, 19, 33, 52
33: 0, 12, 18, 19, 33, 52
34: 0, 11, 34, 52
35: 0, 11, 33, 52
36: 0, 11, 33, 52
37: 0, 10, 11, 12, 32, 52
38: 0, 9, 32, 52
