0: 0, 10, 43, 47
1: 0, 7, 43, 46
2: 0, 4, 43, 46
3: 0, 1, 43, 47
4: 31, 32, 33, 36, 43, 48
5: 30, 49
6: 19, 20, 30, 50
7: 29, 50
8: 9, 11, 12, 13, 15, 16, 28, 51
9: 6, 7, 8, 9, 16, 20, 29, 51
10: 0, 2, 3, 4, 5, 8, 9, 10, 11, 12, 17, 21, 30, 52
11: 0, 13, 19, 21, 31, 52
12: 0, 15, 30, 52
13: 0, 17, 31, 52
14: 0, 18, 30, 52
15: 0, 19, 30, 52
16: 0, 20, 30, 52
17: 0, 20, 31, 52
18: 0, 21, 30, 52
19: 0, 21, 31, 52
20: 0, 21, 30, 49, 50, 52
21: 0, 22, 29, 30, 31, 48
22: 0, 24, 29, 49
23: 0, 23, 31, 49
24: 0, 23, 31, 50
25: 0, 22, 32, 50
26: 0, 21, 31, 51
27: 0, 21, 31, 48, 50, 51
28: 0, 21, 31, 48
29: 0, 21, 30, 47
30: 0, 21, 31, 48
31: 0, 20, 31, 48, 51, 52
32: 0, 20, 29, 52
33: 0, 23, 29, 52
34: 0, 24, 27, 52
35: 0, 25, 29, 52
36: 0, 25, 28, 52
37: 0, 25, 27, 52
38: 0, 52
