0: 0, 34, 45, 52
1: 0, 34, 45, 52
2: 0, 35, 45, 52
3: 0, 34, 46, 51
4: 0, 34, 47, 48
5: 0, 35
6: 0, 34
7: 0, 26, 33, 34
8: 0, 25
9: 0, 24, 49, 50
10: 0, 22, 48, 51
11: 0, 22, 49, 51
12: 0, 21, 29, 30, 48, 51
13: 0, 20, 28, 33, 48, 52
14: 0, 16, 17, 19, 27, 34, 48, 52
15: 0, 13, 26, 36, 48, 52
16: 0, 11, 25, 38, 39, 41, 50, 52
17: 0, 11, 24, 41
18: 0, 10, 23, 42
19: 0, 9, 22, 40, 41, 42
20: 0, 9, 20, 37
21: 0, 11, 17, 37
22: 0, 37
23: 0, 36
24: 0, 36
25: 0, 37
26: 0, 36
27: 0, 35
28: 0, 35
29: 0, 33
30: 0, 32
31: 0, 32
32: 0, 32
33: 0, 33, 34, 35
34: 0, 38
35: 0, 39
36: 0, 39
37: 0, 41
38: 0, 43
