0: 0, 20, 47, 52
1: 0, 20, 45, 46, 49, 52
2: 0, 21, 45, 48, 49, 52
3: 0, 20, 45, 52
4: 0, 21, 45, 52
5: 0, 21, 44, 52
6: 0, 21, 44, 52
7: 0, 21, 44, 52
8: 0, 22, 44, 45, 46, 52
9: 0, 22, 43, 44, 45, 52
10: 0, 20, 29, 31, 45, 52
11: 0, 20, 28, 31, 46, 52
12: 0, 19, 27, 31, 45, 47, 49, 52
13: 0, 19, 27, 31, 48, 52
14: 0, 18, 27, 31, 45, 46, 48, 52
15: 0, 19, 27, 31, 49, 52
16: 0, 19, 27, 30, 48, 52
17: 0, 20, 26, 30, 48, 52
18: 0, 21, 26, 30, 48, 52
19: 0, 29, 48, 52
20: 0, 28, 48, 52
21: 0, 27, 48, 52
22: 0, 28, 48, 52
23: 0, 28, 48, 52
24: 0, 27, 48, 52
25: 0, 25, 48, 52
26: 0, 25, 47, 52
27: 0, 25, 47, 52
28: 0, 25, 47, 52
29: 0, 25, 47, 52
30: 0, 25, 46, 52
31: 0, 26, 46, 52
32: 0, 27, 46, 52
33: 0, 27, 45, 52
34: 0, 28, 45, 52
35: 0, 30, 44, 52
36: 0, 32, 43, 52
37: 0, 32, 40, 41, 42, 52
38: 0, 32, 39, 52
