0: 0, 52
1: 0, 52
2: 0, 52
3: 0, 52
4: 0, 52
5: 0, 52
6: 0, 52
7: 0, 52
8: 0, 52
9: 0, 52
10: 0, 52
11: 0, 52
12: 0, 27, 28, 52
13: 0, 21, 32, 52
14: 0, 18, 23, 29, 35, 52
15: 0, 15, 22, 30, 38, 52
16: 0, 12, 21, 31, 40, 52
17: 0, 9, 21, 31, 42, 52
18: 0, 4, 21, 31, 46, 52
19: 0, 6, 7, 8, 21, 32, 46, 47, 48, 52
20: 0, 11, 21, 31, 43, 52
21: 0, 13, 21, 31, 41, 52
22: 0, 15, 22, 30, 38, 52
23: 0, 17, 23, 29, 36, 52
24: 0, 20, 26, 27, 33, 52
25: 0, 23, 24, 25, 28, 29, 30, 52
26: 0, 52
27: 0, 52
28: 0, 52
29: 0, 52
30: 0, 52
31: 0, 52
32: 0, 52
33: 0, 52
34: 0, 52
35: 0, 52
36: 0, 52
37: 0, 52
38: 0, 52
