0: 0, 19, 33, 42, 43, 44, 45, 52
1: 0, 3, 4, 5, 11, 19, 33, 40, 50, 52
2: 0, 1, 13, 20, 32, 38, 51, 52
3: 0, 1, 15, 20, 32, 36, 51, 52
4: 9, 10, 16, 20, 32, 35, 42, 43
5: 2, 6, 8, 11, 18, 20, 32, 34, 40, 44, 46, 50
6: 0, 5, 7, 13, 18, 20, 32, 33, 39, 44, 46, 50, 51, 52
7: 0, 14, 19, 20, 32, 33, 37, 52
8: 0, 16, 19, 20, 32, 33, 35, 52
9: 0, 16, 19, 20, 36, 52
10: 0, 16, 35, 52
11: 0, 16, 35, 52
12: 0, 17, 35, 52
13: 0, 17, 35, 52
14: 0, 11, 12, 16, 35, 40, 41, 52
15: 0, 11, 12, 16, 36, 40, 41, 52
16: 0, 2, 3, 7, 8, 11, 12, 16, 36, 39, 41, 44, 45, 49, 50, 52
17: 0, 2, 3, 7, 8, 10, 13, 15, 36, 39, 41, 44, 45, 49, 50, 52
18: 0, 2, 4, 7, 8, 10, 13, 15, 36, 39, 42, 44, 46, 49, 50, 52
19: 0, 2, 4, 6, 8, 10, 13, 15, 18, 19, 33, 34, 37, 39, 42, 44, 45, 48, 51, 52
20: 0, 2, 5, 6, 9, 10, 13, 16, 17, 18, 33, 34, 37, 39, 42, 43, 46, 48, 50, 52
21: 0, 1, 4, 6, 9, 11, 12, 13, 14, 15, 19, 21, 30, 32, 37, 39, 41, 43, 46, 48, 51, 52
22: 1, 2, 4, 6, 8, 10, 14, 15, 18, 23, 28, 33, 41, 43, 46, 48, 51, 52
23: 4, 7, 11, 24, 28, 30, 31, 34, 39, 40, 42, 44, 46, 48
24: 0, 2, 4, 6, 9, 23, 31, 34, 38, 41, 45, 49
25: 0, 3, 7, 21, 25, 26, 33, 34, 38, 43, 46, 47, 50, 52
26: 0, 5, 6, 20, 33, 34, 38, 45, 48, 52
27: 0, 20, 33, 34, 38, 52
28: 0, 19, 33, 35, 39, 52
29: 0, 20, 38, 52
30: 0, 19, 38, 52
31: 0, 18, 39, 52
32: 0, 18, 39, 52
33: 0, 18, 39, 52
34: 0, 21, 39, 52
35: 0, 20, 35, 52
36: 0, 21, 34, 52
37: 0, 21, 34, 52
38: 0, 22, 33, 52
