0: 0, 52
1: 0, 52
2: 0, 52
3: 0, 52
4: 0, 52
5: 0, 52
6: 0, 52
7: 0, 11, 14, 38, 44, 45, 46, 52
8: 0, 9, 16, 35, 48, 52
9: 0, 9, 17, 33, 50, 52
10: 0, 8, 17, 32
11: 0, 8, 17, 31
12: 0, 8, 17, 29
13: 0, 9, 17, 29
14: 0, 9, 16, 28
15: 0, 11, 14, 28
16: 0, 27
17: 0, 26
18: 0, 26
19: 0, 26
20: 0, 26
21: 0, 25
22: 0, 25
23: 0, 24
24: 0, 23, 38, 40
25: 0, 23, 37, 42
26: 0, 22, 36, 43
27: 0, 21, 35, 43
28: 1, 20, 36, 43
29: 2, 18, 36, 43
30: 4, 16, 36, 42
31: 8, 9, 10, 11, 38, 41
32: 
33: 
34: 
35: 
36: 
37: 
38: 
