0: 11, 39
1: 11, 40
2: 10, 40
3: 10, 17, 18, 33, 34, 41
4: 10, 17, 18, 41
5: 10, 17, 19, 33, 34, 40
6: 9, 17, 18, 33, 34, 42
7: 8, 16, 19, 33, 34, 43
8: 7, 16, 17, 18, 19, 33, 34, 44
9: 7, 15, 16, 17, 18, 33, 34, 45
10: 6, 46
11: 5, 46
12: 4, 44, 45, 46
13: 2, 3, 6, 45
14: 4, 45, 48, 49
15: 2, 3, 4, 46
16: 1, 2, 3, 47
17: 1, 3, 4, 47, 48, 49
18: 0, 1, 2, 47
19: 2, 3, 4, 47, 48, 49
20: 1, 2, 3, 23, 24, 26, 27, 28, 29, 48
21: 2, 21, 23, 24, 26, 27, 29, 30, 31, 48, 49, 50
22: 3, 21, 22, 23, 25, 26, 28, 29, 31, 49
23: 1, 2, 3, 22, 23, 24, 26, 27, 28, 29, 30, 48, 49, 50
24: 2, 22, 25, 26, 27, 28, 30, 49, 50, 51
25: 1, 23, 24, 25, 26, 27, 28, 29, 30, 48, 49, 50
26: 1, 2, 3, 22, 23, 24, 25, 28, 29, 30, 31, 47, 48, 51
27: 1, 24, 25, 28, 29, 45, 46, 47, 48, 49, 50, 51
28: 1, 20, 21, 23, 24, 26, 27, 29, 30, 46, 48, 50, 51, 52
29: 1, 22, 23, 24, 26, 45, 46, 47, 49, 51
30: 0, 8, 9, 20, 21, 22, 23, 24, 25, 26, 27, 29, 30, 43, 44, 46, 47, 48, 49, 50, 51, 52
31: 1, 21, 22, 23, 24, 25, 26, 27, 28, 30, 31, 45, 46, 47, 48, 49, 50, 51
32: 0, 7, 8, 20, 21, 22, 23, 24, 25, 26, 27, 28, 29, 43, 44, 45, 46, 47, 48, 51
33: 1, 3, 4, 21, 23, 24, 25, 26, 27, 28, 29, 42, 43, 44, 45, 50
34: 0, 1, 2, 4, 5, 8, 9, 20, 22, 23, 24, 25, 26, 27, 28, 42, 43, 44, 45, 47, 48, 50, 51, 52
35: 1, 2, 4, 20, 21, 22, 24, 26, 27, 28, 29, 41, 42, 43, 44, 45, 46, 51
36: 1, 2, 3, 4, 5, 19, 21, 22, 23, 24, 25, 27, 28, 29, 30, 41, 42, 44, 46, 47, 48, 52
37: 1, 2, 4, 5, 6, 21, 23, 24, 25, 26, 27, 28, 29, 31, 32, 40, 41, 42, 43, 44, 45, 46, 47, 51
38: 5, 7, 8, 18, 19, 20, 23, 24, 25, 27, 28, 29, 30, 44, 46, 47, 48, 51
