0: 33, 36, 39, 41
1: 34, 36, 39, 41
2: 34, 37, 39, 41
3: 34, 37, 39, 42
4: 35, 37, 39, 41
5: 35, 38, 39, 42
6: 35, 38, 39, 42
7: 34, 43
8: 34, 44
9: 35, 43
10: 35, 43
11: 35, 43
12: 35, 43
13: 36, 43
14: 34, 35, 37, 43
15: 34, 35, 36, 43
16: 35, 36, 37, 43
17: 35, 42
18: 35, 42
19: 31, 42
20: 28, 41
21: 26, 31, 32, 33, 36, 41
22: 25, 29, 35, 41
23: 25, 27, 35, 41
24: 25, 27, 35, 41
25: 35, 40
26: 36, 38
27: 35, 39
28: 34, 36, 38, 39
29: 33, 35, 37, 39
30: 33, 34, 38, 39
31: 
32: 
33: 
34: 
35: 
36: 
37: 
38: 
