0: 0, 34
1: 0, 24, 27, 28, 29, 34
2: 0, 23, 31, 33
3: 0, 22
4: 0, 23
5: 0, 22
6: 0, 22
7: 0, 23
8: 0, 22, 27, 30
9: 0, 22, 27, 31
10: 0, 22, 27, 33
11: 0, 22, 27, 33
12: 0, 22, 27, 37
13: 0, 22, 27, 39
14: 0, 22, 26, 40
15: 0, 22, 26, 31, 32, 41
16: 0, 22, 27, 30, 31, 42
17: 0, 22, 27, 29, 31, 42
18: 0, 23, 27, 29, 30, 39
19: 0, 22, 29, 38
20: 0, 23, 29, 38
21: 0, 23, 28, 37
22: 0, 22, 29, 36
23: 0, 22, 28, 36
24: 0, 23, 28, 37
25: 0, 24, 26, 36
26: 0, 23, 25, 35
27: 0, 23, 24, 35
28: 0, 22, 23, 34
29: 0, 34
30: 0, 34
31: 0, 34
32: 0, 35
33: 0, 35
34: 0, 36
35: 0, 37
36: 0, 37
37: 0, 39
38: 0, 41
