0: 0, 25, 26, 27, 40, 41, 43, 44, 45, 52
1: 0, 23, 24, 25, 37, 38, 39, 40, 41, 52
2: 0, 22, 36, 37, 38, 52
3: 0, 23, 24, 25, 34, 52
4: 0, 21, 22, 23, 24, 25, 34, 52
5: 0, 22, 32, 52
6: 0, 22, 23, 24, 25, 26, 30, 52
7: 0, 21, 22, 24, 30, 52
8: 0, 22, 23, 24, 27, 52
9: 0, 24, 25, 26, 27, 52
10: 0, 23, 24, 25, 26, 52
11: 0, 52
12: 0, 52
13: 0, 52
14: 0, 52
15: 0, 52
16: 0, 52
17: 0, 52
18: 0, 52
19: 0, 52
20: 0, 52
21: 0, 52
22: 0, 52
23: 0, 52
24: 0, 52
25: 0, 52
26: 0, 52
27: 0, 52
28: 0, 52
29: 0, 52
30: 0, 52
31: 0, 52
32: 0, 52
33: 0, 52
34: 0, 52
35: 0, 52
36: 0, 52
37: 0, 52
38: 0, 52
