0: 0, 23, 36, 52
1: 0, 24, 35, 52
2: 0, 23, 35, 52
3: 0, 24, 35, 52
4: 0, 24, 35, 52
5: 0, 24, 34, 52
6: 0, 24, 34, 52
7: 0, 24, 34, 52
8: 0, 24, 33, 52
9: 0, 24, 33, 52
10: 0, 24, 33, 52
11: 0, 24, 33, 52
12: 0, 24, 32, 52
13: 0, 24, 32, 52
14: 0, 25, 32, 52
15: 0, 24, 32, 52
16: 0, 25, 32, 52
17: 0, 25, 33, 52
18: 0, 24, 32, 33, 35, 52
19: 0, 25, 36, 52
20: 0, 25, 38, 52
21: 0, 25, 38, 52
22: 0, 25, 34, 36, 37, 52
23: 0, 25, 35, 52
24: 0, 26, 35, 52
25: 0, 25, 35, 52
26: 0, 26, 34, 52
27: 0, 25, 32, 52
28: 0, 26, 32, 52
29: 0, 25, 34, 52
30: 0, 25, 34, 52
31: 0, 25, 33, 52
32: 0, 25, 33, 52
33: 0, 26, 33, 52
34: 0, 28, 30, 31, 32, 52
35: 0, 52
36: 0, 52
37: 0, 52
38: 0, 52
