0: 0, 42
1: 0, 41
2: 0, 42
3: 0, 41
4: 0, 42
5: 0, 41
6: 0, 42
7: 0, 41
8: 0, 42
9: 0, 41
10: 0, 42
11: 0, 41
12: 0, 42
13: 0, 9, 11, 41
14: 0, 9, 11, 42
15: 0, 9, 11, 41
16: 0, 8, 11, 42
17: 0, 8, 11, 14, 15, 41
18: 0, 9, 11, 13, 16, 42
19: 0, 9, 11, 12, 18, 19, 20, 21, 22, 41
20: 0, 9, 12, 13, 24, 42
21: 0, 9, 25, 41
22: 0, 10, 25, 42
23: 0, 10, 25, 41
24: 0, 11, 25, 42
25: 0, 11, 22, 24, 25, 41
26: 0, 11, 23, 24, 25, 42
27: 0, 12, 23, 41
28: 0, 12, 23, 42
29: 0, 12, 23, 41
30: 0, 12, 22, 42
31: 0, 11, 21, 41
32: 0, 12, 21, 42
33: 0, 11, 21, 41
34: 0, 11, 21, 42
35: 0, 11, 22, 41
36: 0, 11, 21, 42
37: 0, 10, 21, 41
38: 0, 10, 21, 42
