0: 19, 33
1: 20, 33
2: 20, 32
3: 20, 32
4: 21, 34
5: 20, 32, 33, 35
6: 21, 31, 33, 35
7: 21, 31, 33, 35
8: 22, 31, 33, 35
9: 21, 30, 33, 36
10: 22, 31, 32, 35
11: 22, 35
12: 21, 22, 23, 34
13: 16, 20, 22, 33
14: 13, 21, 22, 33
15: 11, 12, 13, 22, 23, 34
16: 8, 17, 19, 33
17: 10, 13, 19, 34
18: 10, 13, 19, 34
19: 9, 14, 20, 34
20: 9, 14, 20, 34
21: 10, 14, 21, 33
22: 9, 14, 20, 33
23: 10, 12, 13, 14, 21, 32
24: 10, 11, 12, 13, 22, 32
25: 22, 32
26: 22, 31
27: 22, 31
28: 22, 31
29: 21, 31
30: 22, 31
31: 22, 30
32: 21, 30
33: 20, 32
34: 20, 33
35: 20, 23, 27, 32
36: 29, 32
37: 
38: 
