0: 19, 25, 41, 42
1: 18, 27, 31, 36, 40, 44
2: 18, 27, 29, 36, 39, 40, 43, 45
3: 18, 27, 28, 35, 38, 39, 40, 45
4: 18, 24, 27, 45
5: 17, 24, 26, 33, 34, 43
6: 16, 23, 26, 32, 34, 43
7: 17, 23, 27, 31, 36, 41
8: 14, 22, 27, 32, 37, 41
9: 12, 20, 27, 33, 35, 41
10: 12, 18, 27, 29, 38, 43
11: 11, 17, 27, 29, 39, 40, 43, 44
12: 10, 12, 14, 15, 27, 28
13: 9, 12, 13, 14, 27, 28, 34, 35
14: 10, 11, 27, 28, 31, 36
15: 9, 11, 30, 34
16: 10, 11, 29, 32
17: 29, 31
18: 
19: 
20: 
21: 
22: 
23: 10, 12
24: 10, 13
25: 10, 14
26: 10, 16
27: 10, 17
28: 10, 16
29: 10, 15
30: 12, 13
31: 
32: 
33: 
34: 
35: 
36: 
37: 
38: 
