0: 19, 34
1: 19, 33
2: 20, 33
3: 20, 33
4: 20, 32
5: 21, 32
6: 21, 31
7: 21, 31
8: 22, 31
9: 22, 30
10: 22, 31
11: 22, 30, 35, 38, 39, 41
12: 19, 20, 21, 43
13: 16, 44
14: 14, 34
15: 11, 12, 13, 33
16: 8, 16, 19, 33
17: 10, 12, 20, 33
18: 10, 15, 19, 33
19: 10, 14, 20, 33
20: 10, 15, 20, 32
21: 10, 14, 20, 31
22: 10, 15, 21, 31
23: 10, 11, 12, 15, 21, 30
24: 11, 15, 21, 29
25: 10, 11, 13, 14, 22, 30
26: 10, 11, 12, 13, 21, 30
27: 21, 31
28: 13, 14, 22, 32
29: 22, 32
30: 22, 32
31: 23, 32
32: 22, 32
33: 21, 32
34: 22, 28, 29, 32
35: 22, 27
36: 23, 24
37: 
38: 
