0: 29, 43
1: 29, 42
2: 29, 42
3: 29, 41
4: 29, 41
5: 30, 40
6: 13, 14, 30, 40
7: 4, 5, 17, 18, 30, 39
8: 7, 8, 31, 39
9: 27, 28, 31, 40
10: 31, 40
11: 4, 5, 20, 21, 31, 40
12: 10, 11, 32, 40
13: 12, 13, 31, 40
14: 3, 4, 7, 8, 15, 16, 32, 40
15: 32, 40
16: 21, 22, 32, 40
17: 3, 4, 8, 9, 11, 12, 17, 18, 32, 40
18: 5, 6, 13, 14, 30, 40
19: 1, 2, 31, 39
20: 4, 5, 7, 8, 10, 11, 24, 39
21: 1, 2, 3, 4, 5, 6, 12, 13, 15, 16, 18, 19, 21, 38
22: 7, 8, 9, 10, 19, 23, 27, 38
23: 0, 7, 10, 11, 20, 21, 28, 29, 31, 38
24: 0, 10, 12, 13, 14, 15, 17, 18, 32, 37
25: 0, 12, 31, 37
26: 0, 12, 13, 14, 15, 16, 20, 21, 23, 24, 31, 37
27: 0, 14, 17, 18, 30, 37
28: 0, 14, 15, 16, 25, 26, 30, 37
29: 0, 15, 16, 17, 19, 20, 31, 36
30: 0, 16, 22, 23, 27, 28, 30, 34
31: 0, 17, 18, 19, 30, 31
32: 0, 16, 20, 21
33: 0, 17, 18, 19, 24, 25, 30, 31
34: 0, 18
35: 0, 17, 20, 21, 26, 27
36: 0, 17, 18, 19, 22, 23
37: 0, 18, 19, 20
38: 0, 17
