0: 0, 52
1: 0, 52
2: 0, 52
3: 0, 52
4: 2, 3, 4, 52
5: 13, 14, 15, 52
6: 19, 52
7: 13, 14, 15, 52
8: 13, 31, 34, 52
9: 13, 30, 38, 52
10: 13, 32, 42, 52
11: 8, 10, 13, 33, 46, 52
12: 7, 9, 13, 33, 49, 52
13: 6, 8, 14, 33
14: 6, 8, 13, 33
15: 6, 8, 14, 33
16: 6, 8, 14, 33
17: 5, 8, 15, 33
18: 6, 8, 15, 33
19: 6, 9, 17, 33
20: 6, 9, 18, 34
21: 5, 9, 20, 33
22: 5, 9, 22, 32
23: 5, 9, 23, 32
24: 4, 8, 24, 31
25: 4, 8, 25, 31
26: 3, 8, 23, 30
27: 4, 7, 22, 31
28: 3, 8, 22, 24, 25, 30
29: 3, 7, 22, 30, 31, 32
30: 3, 7, 23, 35
31: 3, 8, 23, 37, 50, 52
32: 3, 7, 23, 31, 33, 39, 46, 52
33: 3, 8, 24, 31, 36, 40, 41, 50, 51, 52
34: 3, 8, 24, 31, 37, 43, 44, 45
35: 4, 8, 24, 30, 32, 40
36: 3, 8, 21, 33, 34, 35
37: 4, 9, 21, 29
38: 4, 9, 20, 29
