0: 42, 47, 50, 52
1: 38, 47, 50, 52
2: 37, 49, 50, 52
3: 37, 49, 50, 52
4: 37, 52
5: 37, 52
6: 36, 37, 38, 52
7: 36, 52
8: 35, 52
9: 35, 52
10: 37, 52
11: 39, 52
12: 40, 52
13: 41, 52
14: 41, 52
15: 42, 52
16: 42, 52
17: 41, 52
18: 42, 52
19: 41, 52
20: 31, 33, 40, 52
21: 31, 32, 33, 34, 41, 49, 51, 52
22: 30, 36, 37, 38, 39, 50
23: 29, 31, 32, 49
24: 29, 34, 35, 50
25: 31, 33, 36, 49
26: 37, 52
27: 40, 52
28: 40, 52
29: 40, 52
30: 35, 36, 39, 52
31: 34, 52
32: 34, 52
33: 35, 52
34: 37, 52
35: 39, 49
36: 40, 48
37: 41, 48
38: 41, 48
