0: 11, 22, 23, 24
1: 7, 8, 9, 24
2: 4, 22
3: 4, 22, 29, 30
4: 4, 22
5: 4, 22
6: 4, 21
7: 5, 22
8: 7, 22
9: 10, 22, 50, 51
10: 11, 22
11: 13, 22
12: 14, 21
13: 14, 22
14: 15, 21
15: 15, 21
16: 14, 23
17: 14, 26
18: 14, 21, 22, 24, 25, 26
19: 6, 7, 15, 21, 22, 23, 25, 26
20: 6, 11, 15, 22
21: 5, 11, 15, 22
22: 5, 14, 15, 20, 27, 28
23: 5, 20
24: 5, 19
25: 5, 19
26: 5, 20
27: 6, 21
28: 6, 21
29: 7, 22
30: 7, 23
31: 8, 24
32: 9, 24, 29, 30
33: 9, 26
34: 10, 25
35: 9, 10, 12, 26
36: 14, 25
37: 17, 18, 19, 20, 21, 22
38: 
