0: 8, 10, 11, 13, 17, 18, 19, 20, 21, 22, 23, 24, 25, 26, 27, 52
1: 8, 10, 11, 13, 22, 23, 24, 26, 27, 28, 29, 52
2: 6, 16, 19, 20, 21, 22, 24, 25, 26, 52
3: 3, 17, 22, 24, 25, 52
4: 3, 18, 21, 22, 24, 25, 26, 52
5: 3, 18, 19, 20, 23, 52
6: 3, 17, 22, 23, 24, 52
7: 4, 18, 21, 22, 23, 24, 25, 52
8: 4, 17, 20, 21, 23, 52
9: 5, 17, 19, 20, 22, 52
10: 5, 17, 18, 19, 20, 52
11: 6, 17, 18, 19, 20, 21, 22, 52
12: 4, 5, 7, 16, 17, 18, 19, 52
13: 4, 5, 7, 16, 17, 19, 20, 21, 22, 52
14: 4, 6, 8, 16, 17, 18, 19, 22, 23, 52
15: 1, 3, 5, 7, 8, 15, 16, 17, 18, 19, 20, 21, 22, 52
16: 1, 6, 8, 15, 16, 17, 18, 19, 20, 52
17: 1, 7, 8, 14, 15, 16, 17, 18, 19, 21, 22, 52
18: 1, 7, 9, 15, 16, 17, 18, 20, 21, 22, 23, 52
19: 1, 14, 15, 16, 17, 19, 20, 23, 24, 52
20: 1, 14, 15, 16, 17, 18, 19, 20, 21, 22, 23, 52
21: 2, 14, 15, 16, 17, 19, 20, 21, 22, 23, 24, 25, 26, 52
22: 2, 14, 15, 18, 19, 20, 21, 22, 23, 24, 25, 52
23: 3, 15, 16, 17, 18, 19, 20, 21, 22, 23, 24, 25, 26, 52
24: 3, 15, 16, 20, 21, 22, 23, 24, 25, 26, 27, 52
25: 4, 13, 14, 17, 18, 19, 20, 22, 23, 24, 25, 52
26: 4, 12, 13, 16, 17, 20, 21, 22, 23, 24, 25, 26, 27, 52
27: 4, 11, 12, 13, 14, 19, 20, 22, 23, 24, 25, 52
28: 4, 10, 12, 14, 15, 17, 18, 21, 22, 23, 24, 25, 26, 52
29: 4, 10, 11, 12, 13, 15, 16, 20, 21, 23, 24, 27, 28, 52
30: 3, 10, 11, 12, 13, 19, 20, 22, 23, 25, 26, 52
31: 2, 10, 11, 12, 13, 17, 18, 21, 22, 24, 25, 26, 27, 52
32: 3, 9, 11, 12, 13, 19, 20, 21, 22, 23, 24, 27, 28, 52
33: 1, 6, 9, 10, 11, 12, 13, 14, 15, 18, 19, 21, 22, 24, 25, 26, 27, 52
34: 4, 5, 7, 8, 11, 12, 13, 17, 18, 20, 21, 23, 24, 28, 29, 52
35: 10, 11, 12, 15, 16, 19, 20, 22, 23, 24, 25, 26, 27, 52
36: 4, 5, 8, 9, 11, 12, 13, 14, 15, 18, 19, 21, 22, 27, 28, 52
37: 10, 11, 12, 13, 14, 17, 18, 20, 21, 22, 23, 24, 25, 26, 27, 52
38: 11, 12, 13, 14, 15, 16, 17, 19, 20, 21, 22, 52
