0: 0, 26, 49, 52
1: 0, 26, 49, 52
2: 0, 26, 49, 52
3: 0, 26, 48, 52
4: 0, 26, 42, 44, 48, 52
5: 0, 26, 41, 46, 48, 52
6: 0, 26, 40, 48, 49, 52
7: 0, 26, 39, 52
8: 0, 26, 40, 52
9: 0, 26, 41, 52
10: 0, 26, 42, 46, 49, 52
11: 0, 26, 43, 45, 50, 52
12: 0, 26, 43, 45, 50, 52
13: 0, 26, 49, 52
14: 0, 26, 48, 52
15: 0, 26, 49, 52
16: 0, 26, 50, 52
17: 0, 26
18: 0, 26
19: 5, 26
20: 6, 26
21: 7, 26
22: 7, 26
23: 6, 14, 15, 26
24: 5, 11, 15, 26
25: 4, 10, 14, 26
26: 2, 7, 12, 26
27: 0, 4, 11, 26
28: 0, 1, 9, 26
29: 6, 26
30: 4, 26
31: 1, 26
32: 0, 26
33: 0, 26
34: 0, 26
35: 0, 26
36: 0, 26
37: 1, 26
38: 1, 26
