0: 0, 17
1: 0, 18
2: 0, 17
3: 0, 18
4: 0, 17
5: 0, 18
6: 0, 17
7: 0, 18
8: 0, 17
9: 0, 18
10: 0, 17
11: 0, 18
12: 0, 17
13: 0, 18
14: 0, 17
15: 2, 18
16: 4, 17, 49, 52
17: 6, 18, 48, 52
18: 5, 17, 40, 41, 45, 52
19: 6, 18, 39, 42, 43, 52
20: 6, 17, 39, 51
21: 6, 18, 36, 51
22: 5, 17, 31, 32, 35, 46, 47, 48
23: 4, 18, 33, 34, 35, 44
24: 0, 1, 2, 17, 29, 38, 39, 43
25: 0, 18, 27, 32, 37, 43
26: 0, 17, 26, 29, 37, 43
27: 0, 18, 25, 26, 38, 42
28: 0, 17, 38, 42
29: 0, 18, 38, 43
30: 0, 17, 38, 42
31: 0, 18, 38, 43
32: 0, 17, 37, 43
33: 0, 18, 36, 39, 40, 41
34: 0, 17, 37, 38
35: 0, 18
36: 0, 17
37: 0, 18
38: 0, 17
