0: 14, 37
1: 14, 38
2: 13, 38
3: 13, 38
4: 13, 38
5: 12, 38
6: 12, 39
7: 11, 39
8: 11, 18, 19, 40
9: 11, 17, 19, 33, 34, 40
10: 11, 17, 19, 33, 34, 40
11: 11, 17, 19, 32, 33, 40
12: 9, 17, 19, 33, 34, 42
13: 9, 16, 17, 18, 19, 32, 33, 43
14: 8, 17, 19, 43
15: 7, 32, 33, 45
16: 6, 43
17: 4, 5, 6, 43
18: 3, 5, 6, 45
19: 3, 4, 5, 46
20: 4, 5, 6, 46
21: 2, 3, 5, 45, 46, 47
22: 4, 5, 6, 46
23: 3, 4, 5, 44, 46, 47
24: 2, 3, 4, 25, 28, 44, 45, 47
25: 1, 2, 3, 24, 28, 29, 30, 44, 45, 46, 47, 48
26: 0, 1, 2, 3, 4, 25, 29, 48
27: 2, 24, 28, 29, 30, 48, 49, 50
28: 1, 2, 3, 24, 25, 26, 29, 48
29: 3, 4, 5, 21, 22, 24, 29, 48, 51, 52
30: 2, 3, 4, 5, 6, 24, 26, 27, 29, 48, 49, 50
31: 5, 6, 7, 21, 22, 24, 28, 29, 30, 48
32: 3, 4, 5, 6, 7, 8, 9, 20, 21, 22, 23, 25, 26, 27, 28, 48, 49, 50
33: 3, 4, 5, 6, 7, 21, 22, 24, 25, 26, 27, 29, 30, 48
34: 3, 5, 6, 7, 9, 21, 22, 25, 26, 27, 28, 31, 32, 33, 34, 47, 48, 49
35: 2, 3, 4, 5, 7, 8, 9, 21, 22, 23, 24, 25, 26, 28, 29, 30, 31, 32, 33, 46, 47, 48, 49, 50
36: 4, 5, 6, 7, 9, 16, 17, 19, 20, 21, 22, 23, 24, 25, 26, 27, 28, 29, 30, 31, 34, 46, 48, 49, 50, 51
37: 2, 3, 4, 5, 7, 8, 9, 14, 15, 16, 17, 18, 19, 22, 24, 25, 27, 29, 30, 31, 33, 45, 46, 47, 48, 49
38: 4, 5, 6, 8, 9, 14, 15, 16, 18, 19, 20, 21, 23, 24, 26, 27, 28, 29, 33, 46, 48, 49
