0: 0, 10, 27, 46
1: 0, 10, 29, 45
2: 0, 12, 32, 35, 36, 43
3: 0, 13
4: 0, 12
5: 0, 12
6: 0, 12
7: 0, 12
8: 0, 12
9: 0, 11
10: 0, 12, 42, 43
11: 0, 9, 44, 45
12: 0, 10, 33, 34
13: 0, 10, 46, 47
14: 0, 11, 48, 49
15: 0, 10, 36, 37, 41, 42
16: 0, 10, 45, 46
17: 0, 9, 49, 50
18: 0, 9, 38, 39, 43, 44
19: 0, 7, 47, 48, 51, 52
20: 0, 5, 30, 31, 40, 41
21: 33, 34, 43, 44, 46, 47, 49, 50
22: 35, 36
23: 38, 39, 41, 42, 44, 45, 47, 48, 50, 51
24: 25, 26, 31, 32
25: 35, 36, 42, 43, 45, 46, 47, 48, 49, 50, 51, 52
26: 37, 38, 40, 41
27: 44, 45, 48, 49, 50, 51
28: 27, 28, 30, 31, 33, 34, 39, 40, 42, 43, 45, 46, 47, 48
29: 35, 36, 50, 51
30: 37, 38, 41, 42, 43, 44, 45, 46, 47, 48, 49, 50
31: 32, 33, 39, 40, 50, 51
32: 25, 26, 29, 30, 34, 35, 42, 43, 44, 45, 47, 48, 49, 50
33: 36, 37, 38, 39, 40, 41, 46, 47, 51, 52
34: 32, 33, 43, 44, 45, 46, 48, 49, 50, 51
35: 27, 28, 34, 35, 37, 38, 40, 41, 42, 43, 47, 48, 50, 51
36: 30, 31, 44, 45, 46, 47, 49, 50
37: 33, 34, 36, 37, 38, 39, 40, 41, 42, 43, 45, 46, 48, 49, 51, 52
38: 43, 44, 47, 48, 50, 51
