0: 28, 42
1: 28, 43
2: 27, 43, 44, 45
3: 26, 47
4: 26, 46
5: 25, 47
6: 25, 31, 32, 47
7: 32, 46
8: 33, 46
9: 32, 44
10: 32, 45
11: 32, 45
12: 32, 46
13: 32, 47
14: 31, 48
15: 31, 49
16: 31, 49
17: 31, 44, 45, 50
18: 31, 44, 46, 52
19: 31, 43, 46, 52
20: 31, 43, 47, 52
21: 31, 32, 33, 34, 35, 40, 47, 52
22: 31, 40, 48, 52
23: 31, 42, 49, 52
24: 30, 43, 48, 52
25: 29, 44, 48, 52
26: 28, 43, 48, 52
27: 28, 43, 48, 51
28: 27, 43, 48, 51
29: 28, 43, 48, 51
30: 28, 43, 47, 49
31: 28, 42, 48, 50
32: 27, 42, 47, 49
33: 28, 41, 47, 48
34: 28, 40, 47, 48
35: 28, 29, 30, 38, 47, 48
36: 30, 31, 32, 33, 47, 48
37: 46, 48
38: 
