0: 
1: 
2: 
3: 
4: 49, 50
5: 39, 40, 45, 47, 48, 49
6: 38, 40, 44, 48, 49, 50
7: 38, 40, 43, 47, 48, 52
8: 38, 41, 44, 52
9: 35, 41, 43, 52
10: 34, 41, 43, 52
11: 33, 52
12: 33, 52
13: 33, 52
14: 34, 52
15: 35, 52
16: 37, 52
17: 37, 52
18: 37, 52
19: 38, 52
20: 38, 52
21: 33, 34, 37, 52
22: 33, 34, 37, 52
23: 31, 34, 35, 36, 37, 43, 45, 49
24: 31, 43, 47, 48
25: 32, 43
26: 35, 45
27: 36, 45
28: 36, 47
29: 32, 33, 34, 35, 36, 47
30: 32, 47
31: 33, 48
32: 35, 44
33: 36, 42
34: 37, 42
35: 38, 42
36: 38, 42
37: 40, 41
38: 
