0: 0, 27, 33, 52
1: 0, 25, 35, 52
2: 0, 23, 39, 52
3: 0, 23, 42, 52
4: 0, 21, 42, 52
5: 0, 20, 44, 52
6: 0, 19, 45, 52
7: 0, 18, 46, 52
8: 0, 17, 46, 52
9: 0, 16, 46, 52
10: 0, 17, 46, 52
11: 0, 16, 46, 52
12: 0, 17, 46, 52
13: 0, 18, 44, 52
14: 0, 20, 21, 22, 42, 52
15: 0, 24, 39, 52
16: 0, 24, 37, 52
17: 0, 25, 37, 52
18: 0, 24, 35, 52
19: 0, 25, 27, 28, 35, 52
20: 0, 25, 27, 29, 37, 52
21: 0, 25, 27, 29, 37, 52
22: 0, 25, 27, 28, 37, 38, 39, 52
23: 0, 25, 35, 36, 40, 52
24: 0, 25, 40, 52
25: 0, 25, 38, 52
26: 0, 26, 37, 52
27: 0, 27, 37, 52
28: 0, 28, 35, 52
29: 0, 27, 35, 52
30: 0, 27, 35, 52
31: 0, 21, 25, 27, 35, 52
32: 0, 24, 35, 52
33: 0, 26, 35, 52
34: 0, 28, 34, 52
35: 0, 29, 35, 52
36: 0, 29, 35, 52
37: 0, 30, 35, 52
38: 0, 33, 34, 52
