0: 0, 13, 36, 45
1: 0, 10, 37, 45
2: 0, 7, 38, 45
3: 0, 3, 38, 45
4: 38, 46
5: 39, 46
6: 26, 32, 37, 47
7: 26, 47
8: 25, 47
9: 5, 6, 15, 18, 25, 48
10: 4, 12, 17, 18, 27, 48
11: 0, 13, 28, 48
12: 0, 15, 27, 49
13: 0, 16, 28, 48
14: 0, 17, 27, 48
15: 0, 17, 27, 48
16: 0, 17, 28, 49
17: 0, 18, 27, 48
18: 0, 18, 28, 49
19: 0, 19, 27, 46
20: 0, 18, 28, 45
21: 0, 20, 26, 45
22: 0, 21, 27, 46, 48, 50
23: 0, 20, 28, 46, 49, 50
24: 0, 20, 28, 46, 49, 50
25: 0, 19, 28, 47
26: 0, 18, 28, 48
27: 0, 18, 28, 48
28: 0, 18, 28, 45, 46, 47
29: 0, 18, 27, 45
30: 0, 18, 28, 45, 49, 50
31: 0, 17, 27, 45, 49, 52
32: 0, 19, 26, 46, 49, 52
33: 0, 21, 24, 52
34: 0, 22, 26, 52
35: 0, 22, 25, 52
36: 0, 22, 24, 52
37: 0, 52
38: 0, 52
