0: 12, 23, 50, 51
1: 10, 23, 50, 51
2: 2, 3, 8, 23
3: 5, 23
4: 3, 23
5: 4, 23
6: 2, 3, 5, 23
7: 2, 3, 4, 23
8: 7, 23
9: 10, 23
10: 12, 23
11: 14, 22, 50, 51
12: 15, 23, 34, 35, 42, 43
13: 16, 22
14: 16, 22
15: 16, 22
16: 16, 24, 25, 26, 42, 44
17: 10, 11, 15, 25, 26, 27
18: 16, 24, 26, 27
19: 5, 7, 16, 23, 25, 26
20: 4, 8, 16, 23
21: 5, 7, 16, 22
22: 4, 10, 17, 21
23: 4, 11, 16, 20, 51, 52
24: 4, 11, 15, 19
25: 4, 13, 14, 20
26: 5, 21, 35, 36
27: 5, 22
28: 5, 22
29: 6, 22
30: 7, 21
31: 7, 20
32: 8, 19
33: 8, 21
34: 7, 8, 10, 22
35: 12, 24
36: 14, 23
37: 17, 19, 20, 21, 31, 32
38: 
