0: 0, 4, 7, 22
1: 0, 5, 8, 22
2: 0, 4, 9, 23
3: 0, 4, 5, 7, 8, 23
4: 0, 4, 6, 8, 9, 22
5: 0, 5, 6, 7, 9, 21
6: 0, 5, 9, 20
7: 0, 5, 8, 19
8: 0, 6, 8, 19
9: 0, 5, 7, 8, 9, 18
10: 0, 6, 7, 8, 9, 17
11: 0, 5, 9, 16, 25, 26
12: 0, 6, 9, 15, 24, 26
13: 0, 5, 7, 9, 10, 15, 23, 25
14: 0, 6, 7, 8, 10, 14, 23, 25
15: 0, 6, 8, 9, 10, 13, 22, 24
16: 0, 6, 10, 13, 21, 25
17: 0, 7, 9, 12, 20, 26
18: 0, 6, 8, 9, 10, 11, 19, 28
19: 0, 7, 10, 11, 18, 28
20: 0, 7, 9, 10, 17, 29
21: 0, 6, 17, 30, 33, 35
22: 0, 7, 8, 9, 17, 30, 32, 34
23: 0, 7, 8, 10, 16, 34
24: 0, 7, 17, 35, 51, 52
25: 0, 7, 16, 26, 27, 35, 50, 52
26: 0, 8, 9, 10, 16, 26, 29, 37, 48, 52
27: 0, 7, 16, 26, 29, 38, 46, 52
28: 0, 8, 16, 25, 29, 39, 41, 42, 43, 52
29: 0, 8, 16, 23, 30, 52
30: 0, 8, 15, 21, 32, 52
31: 0, 8, 15, 20, 33, 52
32: 0, 7, 15, 19, 34, 52
33: 0, 7, 16, 18, 35, 52
34: 0, 8, 15, 18, 35, 52
35: 0, 8, 15, 18, 36, 52
36: 0, 8, 14, 17, 36, 52
37: 0, 8, 16, 17, 36, 52
38: 0, 7, 36, 52
