0: 6, 19, 33, 51
1: 7, 19, 34, 50
2: 8, 19, 34, 49
3: 8, 18, 34, 48
4: 9, 18, 34, 47
5: 10, 18, 34, 45
6: 10, 18, 34, 42, 43, 44
7: 11, 20, 31, 41
8: 12, 23, 28, 40
9: 12, 25, 27, 40
10: 0, 2, 4, 5, 12, 20, 21, 25, 27, 30, 32, 40
11: 0, 4, 5, 6, 8, 9, 10, 11, 12, 21, 24, 28, 31, 40, 48, 49
12: 1, 8, 9, 23, 24, 28, 29, 43, 49, 50, 51, 52
13: 0, 11, 12, 40, 42, 52
14: 0, 20, 22, 30, 32, 52
15: 0, 21, 24, 28, 31, 39, 40, 51
16: 0, 21, 25, 27, 31, 52
17: 0, 20, 25, 27, 31, 52
18: 0, 20, 24, 27, 32, 52
19: 1, 20, 32, 52
20: 2, 20, 32, 33, 34, 52
21: 4, 20, 31, 52
22: 7, 21, 31, 50
23: 9, 23, 30, 46
24: 10, 24, 28, 42
25: 11, 24, 28, 41
26: 12, 24, 28, 40
27: 12, 23, 28, 40
28: 13, 23, 29, 39
29: 14, 22, 30, 38
30: 15, 24, 30, 37
31: 18, 23, 29, 32
32: 19, 23, 28, 31
33: 18, 19, 21, 23, 24, 25, 29, 31
34: 22, 24, 28, 30
35: 23, 24
36: 24, 25
37: 
38: 
