0: 0, 40
1: 0, 39
2: 0, 38
3: 0, 38
4: 0, 39
5: 0, 39
6: 0, 39
7: 0, 34, 38, 39
8: 0, 33, 38, 39
9: 0, 33
10: 0, 32
11: 0, 31
12: 0, 30
13: 0, 30
14: 0, 29
15: 0, 28
16: 0, 28
17: 0, 27
18: 0, 27, 43, 44
19: 0, 25, 39, 40, 41, 45
20: 0, 24, 32, 33, 34, 45
21: 0, 24, 30, 31, 33, 46
22: 0, 22, 32, 46
23: 0, 22, 32, 46
24: 0, 21, 29, 31, 32, 47
25: 0, 21, 28, 47
26: 0, 21, 26, 47
27: 0, 21, 26, 38, 39, 42, 43, 48
28: 0, 22, 26, 37, 38, 39, 42, 43, 44, 45, 46, 48
29: 0, 22, 26, 37, 39, 40, 43, 44, 46, 48
30: 0, 24, 25, 37, 44, 45, 47, 49
31: 0, 38, 48, 49
32: 0, 39
33: 0, 39
34: 0, 40
35: 0, 42
36: 0, 44
37: 0, 46
38: 0, 47
