0: 8, 10, 11, 13, 22, 23, 26, 27, 28, 29, 30, 31, 32, 34, 35, 36, 37, 41, 42, 44
1: 8, 13, 25, 26, 28, 29, 30, 31, 32, 33, 34, 38, 39, 41, 42, 44, 50, 51
2: 6, 17, 26, 27, 29, 30, 31, 32, 33, 34, 35, 36, 37, 45, 46, 47
3: 3, 18, 24, 25, 28, 29, 30, 31, 32, 33, 34, 49, 51, 52
4: 3, 18, 27, 28, 30, 31, 32, 33, 34, 35, 36, 51
5: 3, 18, 26, 27, 29, 30, 31, 32, 33, 34, 35, 51
6: 3, 18, 29, 30, 32, 33, 34, 52
7: 4, 18, 22, 23, 26, 27, 28, 29, 31, 32, 33, 34, 35, 51
8: 4, 17, 30, 31, 33, 35, 36, 52
9: 5, 17, 25, 26, 27, 28, 29, 30, 32, 33, 34, 51
10: 6, 17, 31, 32, 33, 34, 35, 52
11: 6, 16, 28, 29, 30, 31, 32, 33, 34, 36, 37, 50, 51, 52
12: 5, 6, 7, 16, 25, 26, 32, 33, 34, 52
13: 5, 6, 7, 16, 28, 29, 30, 31, 32, 33, 34, 35, 36, 49, 50, 52
14: 2, 3, 5, 7, 8, 15, 31, 32, 33, 50, 51, 52
15: 1, 4, 5, 7, 8, 15, 27, 28, 30, 31, 32, 33, 34, 35, 36, 49, 50, 52
16: 2, 7, 9, 15, 29, 30, 32, 33, 34, 48, 49, 51
17: 2, 7, 8, 14, 31, 33, 34, 46, 47, 48, 49, 50, 51, 52
18: 2, 8, 9, 14, 28, 29, 30, 31, 33, 34, 35, 36, 37, 45, 46, 47, 48, 50, 51, 52
19: 2, 14, 31, 45, 46, 47, 48, 49, 50, 51
20: 2, 14, 27, 28, 30, 32, 33, 45, 46, 47, 49, 50, 51, 52
21: 2, 14, 21, 22, 29, 30, 32, 33, 34, 35, 36, 45, 46, 47, 48, 49, 50, 51
22: 3, 14, 18, 19, 24, 25, 28, 29, 30, 45, 46, 47, 48, 49, 50, 51
23: 3, 14, 22, 23, 27, 28, 29, 45, 46, 47, 48, 49, 50, 52
24: 4, 14, 20, 21, 26, 27, 28, 47, 48, 49, 50, 51
25: 2, 3, 4, 12, 16, 17, 18, 19, 23, 24, 25, 26, 27, 47, 48, 50, 51, 52
26: 4, 12, 20, 21, 22, 23, 25, 26, 27, 49, 50, 51
27: 4, 10, 18, 19, 21, 22, 24, 25, 26, 48, 49, 52
28: 2, 3, 4, 10, 16, 17, 19, 20, 22, 23, 24, 25, 26, 50, 51, 52
29: 4, 11, 19, 20, 21, 22, 23, 24, 25, 51
30: 4, 10, 17, 18, 20, 21, 22, 23, 24, 50, 51, 52
31: 3, 10, 18, 19, 20, 21, 22, 52
32: 3, 10, 16, 17, 20, 21, 22, 23, 24, 51
33: 2, 6, 18, 19, 20, 21, 22, 52
34: 1, 2, 5, 6, 17, 18, 19, 20, 21, 51
35: 7, 8, 19, 20, 21, 22, 23, 52
36: 4, 5, 17, 18, 19, 51
37: 18, 20, 21, 52
38: 18, 19, 20, 52
