0: 0, 4, 9, 10, 12, 13, 15, 16, 18, 19, 21, 22, 23, 52
1: 0, 7, 14, 15, 17, 18, 19, 52
2: 0, 3, 4, 8, 10, 11, 13, 14, 16, 17, 18, 19, 20, 52
3: 1, 3, 12, 13, 15, 16, 18, 52
4: 2, 5, 8, 9, 11, 12, 14, 15, 16, 52
5: 0, 1, 3, 6, 10, 11, 13, 14, 15, 52
6: 0, 1, 4, 7, 8, 9, 12, 14, 15, 52
7: 0, 2, 6, 7, 9, 10, 11, 12, 14, 52
8: 0, 3, 5, 6, 8, 9, 10, 11, 12, 52
9: 1, 3, 7, 8, 10, 11, 12, 52
10: 2, 4, 5, 6, 9, 10, 11, 52
11: 6, 7, 8, 9, 10, 52
12: 2, 3, 5, 6, 7, 8, 9, 52
13: 3, 4, 8, 9, 10, 52
14: 5, 6, 7, 52
15: 1, 2, 3, 4, 6, 7, 8, 52
16: 4, 5, 6, 7, 8, 52
17: 1, 2, 3, 4, 5, 6, 7, 52
18: 6, 52
19: 2, 3, 4, 52
20: 1, 2, 3, 4, 6, 52
21: 4, 52
22: 1, 2, 3, 4, 5, 52
23: 2, 3, 4, 52
24: 1, 2, 4, 52
25: 2, 52
26: 1, 2, 4, 52
27: 2, 52
28: 1, 2, 3, 52
29: 0, 1, 3, 52
30: 2, 52
31: 1, 2, 3, 52
32: 0, 1, 2, 52
33: 2, 52
34: 0, 1, 2, 3, 4, 52
35: 2, 52
36: 1, 52
37: 1, 2, 3, 52
38: 1, 2, 3, 52
