0: 30, 44
1: 30, 44
2: 10, 11, 20, 21, 30, 44
3: 13, 14, 31, 43
4: 31, 43
5: 31, 43
6: 4, 5, 32, 42
7: 33, 43
8: 33, 42
9: 8, 9, 33, 42
10: 4, 5, 10, 11, 14, 15, 18, 19, 34, 42
11: 24, 25, 34, 42
12: 35, 42
13: 3, 4, 7, 8, 35, 41
14: 10, 11, 14, 15, 27, 28, 35, 41
15: 20, 21, 35, 42
16: 2, 3, 6, 7, 16, 17, 32, 34, 35, 42
17: 9, 10, 13, 14, 32, 42
18: 3, 4, 22, 23, 33, 43
19: 6, 7, 18, 19, 33, 42
20: 2, 3, 8, 9, 11, 12, 14, 15, 24, 25, 29, 30, 33, 42
21: 1, 2, 3, 5, 6, 7, 34, 41
22: 7, 8, 9, 10, 12, 13, 16, 17, 20, 21, 35, 41
23: 0, 7, 10, 11, 31, 32, 36, 40
24: 0, 10, 12, 13, 14, 15, 17, 18, 22, 23, 26, 27, 35, 40
25: 0, 12, 35, 41
26: 0, 12, 13, 14, 15, 16, 19, 20, 35, 41
27: 0, 14, 17, 18, 24, 25, 35, 41
28: 0, 14, 15, 16, 21, 22, 28, 29, 35, 42
29: 0, 15, 16, 17, 35, 42
30: 0, 16, 18, 19, 31, 32, 36, 40
31: 0, 16, 17, 18, 20, 21, 24, 25
32: 0, 17, 26, 27, 34, 35
33: 0, 17, 18, 19, 20, 21
34: 0, 17, 23, 24, 29, 30
35: 0, 17, 18, 19
36: 0, 18, 19, 20, 21, 22, 25, 26
37: 0, 17
38: 0, 17, 18, 19
