0: 10, 18, 34, 41
1: 12, 19, 33, 40
2: 13, 19, 33, 38
3: 6, 7, 15, 19, 33, 36, 44, 45
4: 0, 3, 5, 9, 16, 19, 33, 35, 43, 46, 49, 52
5: 0, 2, 4, 10, 17, 19, 32, 34, 41, 47, 49, 52
6: 0, 2, 3, 12, 18, 20, 33, 34, 40, 48, 50, 52
7: 0, 14, 18, 19, 32, 34, 37, 52
8: 0, 14, 18, 19, 37, 52
9: 0, 15, 18, 19, 36, 52
10: 0, 15, 37, 52
11: 0, 15, 36, 52
12: 0, 15, 36, 52
13: 0, 16, 36, 52
14: 0, 16, 36, 52
15: 0, 10, 12, 15, 36, 40, 41, 52
16: 0, 10, 11, 15, 37, 41, 42, 52
17: 0, 6, 7, 10, 12, 15, 37, 40, 42, 52
18: 0, 2, 3, 6, 7, 9, 11, 14, 37, 40, 43, 44, 46, 49, 50, 52
19: 0, 2, 3, 6, 7, 8, 12, 14, 38, 40, 43, 45, 46, 49, 50, 52
20: 0, 1, 3, 5, 7, 9, 12, 14, 17, 18, 38, 40, 43, 45, 47, 49, 51, 52
21: 3, 5, 12, 14, 17, 18, 34, 35, 39, 40, 44, 45, 47, 49
22: 3, 4, 7, 9, 11, 15, 19, 20, 32, 33, 35, 36, 39, 41, 43, 44, 48, 49
23: 3, 4, 7, 9, 18, 21, 30, 34, 40, 41, 43, 45, 48, 49
24: 2, 4, 6, 8, 11, 16, 17, 23, 28, 34, 43, 45, 48, 50
25: 1, 4, 9, 24, 28, 29, 30, 31, 32, 36, 40, 42, 45, 46, 48, 51
26: 2, 4, 7, 22, 32, 35, 40, 44, 48, 51
27: 0, 1, 5, 21, 34, 36, 40, 46
28: 0, 2, 3, 20, 24, 25, 34, 35, 40, 48, 51, 52
29: 0, 19, 34, 36, 40, 52
30: 0, 18, 35, 36, 40, 52
31: 0, 19, 35, 36, 40, 52
32: 0, 19, 40, 52
33: 0, 18, 41, 52
34: 0, 17, 41, 52
35: 0, 16, 41, 52
36: 0, 17, 41, 52
37: 0, 19, 41, 52
38: 0, 20, 36, 37, 41, 52
