0: 0, 52
1: 0, 52
2: 0, 52
3: 0, 52
4: 0, 52
5: 0, 52
6: 0, 52
7: 0, 52
8: 0, 52
9: 0, 52
10: 0, 52
11: 0, 20, 21, 22, 23, 24, 27, 28, 30, 31, 32, 52
12: 0, 15, 25, 26, 38, 52
13: 0, 11, 24, 30, 42, 52
14: 0, 7, 22, 31, 45, 52
15: 0, 3, 21, 32, 48, 52
16: 21, 32, 50, 52
17: 21, 33
18: 20, 33
19: 20, 33
20: 21, 33
21: 21, 32
22: 21, 32
23: 0, 2, 23, 31, 51, 52
24: 0, 5, 23, 29, 48, 52
25: 0, 8, 45, 52
26: 0, 11, 41, 52
27: 0, 14, 38, 52
28: 0, 19, 33, 34, 35, 52
29: 0, 52
30: 0, 52
31: 0, 52
32: 0, 52
33: 0, 52
34: 0, 52
35: 0, 52
36: 0, 52
37: 0, 52
38: 0, 52
