0: 0, 19, 33, 52
1: 0, 4, 5, 7, 11, 19, 33, 40, 46, 47, 49, 52
2: 0, 2, 13, 20, 32, 38, 50, 52
3: 0, 1, 15, 20, 32, 36, 50, 52
4: 0, 1, 10, 11, 16, 20, 32, 35, 51, 52
5: 0, 1, 2, 6, 8, 11, 18, 20, 32, 34, 40, 43, 45, 49, 51, 52
6: 0, 6, 8, 13, 18, 20, 31, 33, 38, 44, 46, 50, 51, 52
7: 0, 14, 19, 20, 32, 33, 37, 45, 46, 52
8: 0, 16, 19, 20, 31, 32, 36, 52
9: 0, 16, 19, 20, 35, 52
10: 0, 16, 35, 52
11: 0, 17, 35, 52
12: 0, 17, 34, 52
13: 0, 17, 35, 52
14: 0, 11, 12, 16, 35, 40, 41, 52
15: 0, 11, 12, 16, 36, 40, 41, 52
16: 0, 2, 3, 7, 8, 11, 13, 15, 36, 39, 41, 44, 45, 50, 51, 52
17: 0, 2, 3, 7, 8, 11, 13, 16, 36, 39, 41, 44, 45, 49, 50, 52
18: 0, 2, 4, 7, 9, 10, 13, 15, 37, 39, 41, 44, 46, 49, 51, 52
19: 0, 2, 4, 6, 8, 10, 13, 15, 18, 19, 33, 34, 36, 38, 42, 44, 45, 48, 50, 52
20: 0, 1, 4, 6, 9, 11, 13, 16, 17, 18, 31, 32, 33, 34, 37, 39, 42, 43, 46, 48, 51, 52
21: 0, 2, 5, 6, 9, 11, 19, 21, 30, 32, 37, 39, 41, 43, 46, 48, 51, 52
22: 4, 6, 8, 10, 13, 16, 17, 24, 28, 33, 41, 43, 46, 47, 50, 52
23: 0, 1, 4, 7, 11, 24, 28, 29, 30, 34, 38, 40, 42, 44, 45, 48
24: 0, 3, 5, 6, 9, 22, 32, 34, 38, 41, 45, 48, 51, 52
25: 0, 4, 7, 21, 24, 25, 32, 34, 38, 43, 46, 47, 49, 52
26: 0, 20, 33, 34, 38, 45, 47, 52
27: 0, 19, 33, 34, 38, 52
28: 0, 20, 34, 35, 38, 52
29: 0, 20, 38, 52
30: 0, 18, 38, 52
31: 0, 18, 39, 52
32: 0, 18, 38, 52
33: 0, 20, 39, 52
34: 0, 20, 34, 35, 37, 52
35: 0, 21, 34, 52
36: 0, 21, 34, 52
37: 0, 22, 33, 52
38: 0, 22, 31, 52
