0: 0, 9, 27, 52
1: 0, 10, 26, 52
2: 0, 10, 26, 52
3: 0, 11, 25, 52
4: 0, 11, 25, 52
5: 0, 11, 24, 52
6: 0, 11, 24, 52
7: 0, 12, 24, 52
8: 0, 12, 23, 52
9: 0, 12, 23, 52
10: 0, 13, 23, 52
11: 0, 13, 22, 52
12: 0, 14, 21, 52
13: 0, 14, 22, 52
14: 0, 14, 22, 52
15: 0, 13, 22, 52
16: 0, 14, 22, 52
17: 0, 13, 23, 52
18: 0, 13, 22, 52
19: 0, 13, 22, 52
20: 0, 11, 22, 52
21: 0, 10, 22, 52
22: 0, 7, 8, 9, 22, 52
23: 0, 5, 24, 52
24: 0, 4, 27, 52
25: 0, 4, 28, 52
26: 0, 3, 7, 9, 11, 12, 29, 52
27: 0, 2, 6, 12, 22, 25, 29, 52
28: 0, 1, 6, 11, 23, 26, 30, 52
29: 6, 11, 25, 26, 31, 52
30: 0, 1, 8, 9, 31, 52
31: 0, 2, 9, 10, 21, 22, 26, 27, 31, 52
32: 0, 2, 7, 10, 20, 25, 31, 32, 33, 52
33: 0, 10, 20, 26, 34, 52
34: 0, 9, 20, 27, 28, 29, 30, 31, 32, 33, 34, 52
35: 0, 10, 20, 52
36: 0, 11, 20, 52
37: 0, 11, 12, 13, 19, 52
38: 0, 13, 16, 52
