0: 1, 4, 50, 52
1: 1, 4, 51, 52
2: 0, 3
3: 0, 4, 17, 20, 21, 22
4: 0, 3, 16, 22
5: 0, 3, 15, 23
6: 0, 3, 16, 22
7: 0, 4, 15, 23
8: 0, 3, 16, 22
9: 0, 3, 4, 5, 16, 17, 18, 21
10: 0, 4, 18, 19
11: 0, 4
12: 0, 4, 5, 6
13: 0, 5
14: 0, 6
15: 0, 6, 7, 8
16: 0, 7
17: 0, 8, 9, 10
18: 0, 9, 29, 35, 36, 37
19: 0, 11, 26, 38, 39, 40
20: 0, 13, 24, 40, 41, 42
21: 0, 17, 18, 20, 21, 42, 43, 44
22: 0, 43
23: 0, 44, 45, 46
24: 0, 45
25: 0, 46
26: 0, 46
27: 0, 47
28: 0, 32, 34, 47
29: 0, 30, 36, 48
30: 0, 29, 36, 47, 48, 49
31: 0, 29, 37, 48
32: 0, 28, 37, 49
33: 0, 29, 37, 48
34: 0, 29, 36, 48
35: 0, 30, 36, 48
36: 0, 32, 33, 48
37: 1, 48, 51, 52
38: 1, 47, 51, 52
