0: 0, 39, 44, 45, 48, 52
1: 0, 39, 48, 52
2: 0, 39, 44, 45, 48, 52
3: 0, 39, 41, 42, 43, 45, 47, 52
4: 0, 45, 48, 52
5: 0, 44, 48, 52
6: 0, 43, 49, 52
7: 0, 42, 48, 52
8: 0, 41, 47, 52
9: 0, 40, 47, 52
10: 0, 40, 47, 52
11: 0, 11, 12, 40, 46, 52
12: 0, 11, 12, 40, 46, 52
13: 0, 40, 47, 52
14: 0, 40, 46, 52
15: 0, 40, 46, 52
16: 0, 10, 11, 40, 46, 49, 50, 52
17: 0, 10, 12, 40, 51, 52
18: 0, 7, 8, 9, 11, 41
19: 0, 7, 12, 25, 26, 40
20: 0, 7, 12, 25, 27, 40, 51, 52
21: 0, 6, 12, 24, 28, 40, 51, 52
22: 0, 5, 12, 23, 29, 40, 50, 52
23: 0, 5, 12, 22, 30, 39, 49, 52
24: 0, 4, 13, 22, 30, 39, 48, 52
25: 0, 4, 13, 21, 31, 39, 48, 52
26: 0, 5, 14, 20, 32, 38, 47, 52
27: 0, 5, 14, 19, 33, 38, 47, 52
28: 0, 6, 14, 17, 35, 38, 48, 52
29: 0, 7, 14, 17, 35, 38, 48, 52
30: 0, 7, 14, 17, 35, 38, 48, 52
31: 0, 6, 14, 17, 35, 38, 48, 52
32: 0, 5, 13, 18, 34, 39, 48, 52
33: 0, 5, 14, 17, 35, 38, 48, 52
34: 0, 5, 14, 17, 35, 38, 47, 52
35: 0, 4, 14, 17, 35, 38, 47, 52
36: 0, 5, 15, 17, 35, 37, 47, 52
37: 0, 5, 16, 17, 35, 36, 46, 52
38: 0, 6, 17, 18, 35, 36, 45, 52
