0: 0, 28, 38, 52
1: 0, 27, 38, 52
2: 0, 28, 38, 52
3: 0, 27, 38, 52
4: 0, 28, 38, 52
5: 0, 28, 38, 52
6: 0, 25, 26, 28, 39, 52
7: 0, 26, 39, 52
8: 0, 27, 39, 52
9: 0, 28, 40, 52
10: 0, 26, 40, 52
11: 0, 27, 40, 52
12: 0, 27, 39, 52
13: 0, 27, 39, 52
14: 0, 16, 18, 27, 40, 52
15: 0, 17, 20, 28, 40, 52
16: 0, 16, 21, 22, 23, 24, 25, 26, 27, 28, 40, 52
17: 0, 17, 39, 52
18: 0, 11, 14, 16, 39, 52
19: 0, 13, 16, 17, 39, 52
20: 0, 14, 40, 52
21: 0, 16, 23, 24, 25, 29, 40, 52
22: 0, 30, 40, 52
23: 0, 29, 40, 52
24: 0, 30, 41, 52
25: 0, 29, 41, 52
26: 0, 28, 40, 52
27: 0, 27, 40, 52
28: 0, 26, 41, 52
29: 0, 27, 41, 52
30: 0, 28, 41, 52
31: 0, 28, 40, 52
32: 0, 29, 39, 52
33: 0, 30, 38, 52
34: 0, 30, 35, 52
35: 0, 31, 32, 52
36: 0, 52
37: 0, 52
38: 0, 52
