0: 0, 33, 43, 52
1: 0, 33, 43, 52
2: 0, 27, 31, 33, 43, 51
3: 0, 25, 44, 50
4: 0, 25, 44, 45, 46, 47
5: 0, 24
6: 0, 24, 51, 52
7: 0, 23, 51, 52
8: 0, 22
9: 0, 22, 29, 30
10: 0, 21, 28, 31, 47, 49
11: 0, 21, 27, 32, 47, 50
12: 0, 15, 27, 34, 47, 50
13: 0, 14, 26, 34, 46, 50
14: 0, 14, 25, 35, 36, 37, 46, 51
15: 0, 13, 24, 38, 45, 51
16: 0, 12, 23, 40, 45, 46, 47, 52
17: 0, 13, 14, 15, 19, 20, 21, 40, 47, 48, 49, 51
18: 0, 37, 39, 40, 49, 52
19: 0, 36
20: 0, 35
21: 0, 35
22: 0, 34
23: 0, 35
24: 0, 32
25: 0, 32, 51, 52
26: 0, 29
27: 0, 29
28: 0, 28
29: 0, 31
30: 0, 33
31: 0, 33
32: 0, 34
33: 0, 34
34: 0, 35
35: 0, 36
36: 0, 37
37: 0, 39
38: 0, 43
