0: 23, 33
1: 23, 32
2: 23, 32
3: 22, 33
4: 22, 32
5: 23, 33
6: 24, 32
7: 23, 33, 47, 48
8: 24, 33
9: 24, 32, 39, 40
10: 24, 33
11: 24, 32
12: 23, 33, 48, 49
13: 24, 32
14: 23, 32, 41, 42
15: 23, 32, 43, 44
16: 23, 32, 50, 51
17: 23, 32, 46, 47
18: 24, 32
19: 24, 32, 37, 38
20: 25, 31, 41, 42, 48, 49
21: 25, 32, 43, 44, 50, 51
22: 25, 31
23: 24, 31, 45, 46, 48, 49
24: 23, 31, 36, 37, 39, 40
25: 22, 31, 42, 43, 49, 50
26: 22, 31, 46, 47
27: 23, 30
28: 23, 30, 35, 36, 39, 40, 44, 45, 49, 50
29: 25, 29, 41, 42, 51, 52
30: 45, 46, 47, 48
31: 38, 39, 49, 50
32: 32, 33, 43, 44
33: 40, 41, 47, 48, 49, 50, 51, 52
34: 34, 35, 44, 45
35: 36, 37, 46, 47, 49, 50, 51, 52
36: 39, 40, 42, 43, 51, 52
37: 45, 46, 48, 49, 50, 51
38: 49, 50, 51, 52
