0: 0, 36, 40, 52
1: 0, 37, 41, 52
2: 0, 37, 41, 52
3: 0, 37, 41, 52
4: 0, 37, 41, 52
5: 0, 37, 41, 52
6: 0, 38, 41, 52
7: 0, 38, 41, 52
8: 0, 38, 41, 52
9: 0, 38, 42, 52
10: 0, 39, 41, 52
11: 0, 38, 42, 52
12: 0, 39, 42, 52
13: 0, 39, 42, 52
14: 0, 39, 42, 52
15: 0, 39, 42, 52
16: 0, 39, 42, 52
17: 0, 40, 43, 52
18: 0, 39, 42, 52
19: 0, 40, 43, 52
20: 0, 40, 42, 52
21: 0, 40, 43, 52
22: 0, 40, 43, 52
23: 0, 40, 43, 52
24: 0, 40, 43, 52
25: 0, 41, 43, 52
26: 0, 41, 43, 52
27: 0, 41, 43, 52
28: 0, 41, 44, 52
29: 0, 41, 43, 52
30: 0, 42, 44, 52
31: 0, 42, 43, 52
32: 0, 52
33: 0, 52
34: 0, 52
35: 0, 52
36: 0, 52
37: 0, 52
38: 0, 52
