0: 17, 35
1: 18, 34
2: 19, 32
3: 19, 33
4: 19, 33
5: 19, 33
6: 19, 33
7: 18, 35
8: 16, 36
9: 16, 36
10: 15, 37
11: 15, 36
12: 15, 37
13: 14, 37
14: 14, 37
15: 13, 18, 19, 32, 33, 38
16: 14, 19, 20, 32, 33, 38
17: 14, 18, 20, 32, 33, 37
18: 12, 18, 20, 32, 34, 39
19: 12, 18, 20, 32, 33, 39
20: 11, 32, 33, 40
21: 9, 41
22: 8, 10, 11, 40
23: 7, 8, 9, 40
24: 7, 8, 9, 41, 42, 43
25: 9, 41, 42, 43
26: 9, 44
27: 8, 9, 10, 43
28: 7, 8, 9, 42, 44, 45
29: 8, 9, 10, 40, 41, 43
30: 8, 9, 10, 24, 26, 27, 28, 41, 42, 43
31: 10, 23, 26, 27, 28, 29, 30, 40, 41, 42
32: 9, 24, 25, 26, 29, 30, 31, 32, 33, 41, 43, 44
33: 9, 10, 11, 24, 28, 30, 31, 41, 42, 43
34: 9, 24, 29, 32, 33, 40, 43, 44
35: 8, 10, 12, 25, 28, 30, 31, 32, 33, 36, 37, 41, 43, 44
36: 7, 10, 11, 17, 18, 22, 23, 25, 28, 32, 33, 37, 38, 40, 42, 43
37: 4, 5, 8, 10, 12, 17, 18, 19, 20, 25, 28, 31, 32, 33, 34, 36, 37, 39, 40, 41, 44, 45
38: 7, 10, 11, 12, 13, 17, 19, 21, 22, 23, 24, 25, 28, 31, 32, 33, 34, 36, 37, 40
