0: 0, 45
1: 0, 45
2: 0, 5, 6, 46
3: 0, 47
4: 0, 4, 5, 48
5: 0, 3, 5, 48
6: 0, 3, 4, 18, 19, 49
7: 0, 2, 4, 15, 19, 50
8: 0, 2, 4, 14, 21, 50
9: 0, 1, 4, 14, 20, 50
10: 0, 1, 4, 14, 21, 51
11: 0, 1, 4, 14, 21, 51
12: 4, 14, 15, 16, 20, 52
13: 4, 15, 18, 52
14: 5, 52
15: 5, 52
16: 6, 31, 39, 52
17: 6, 28, 41, 52
18: 7, 27, 43, 52
19: 8, 26, 44, 52
20: 9, 10, 11, 25, 45, 52
21: 10, 23, 46, 52
22: 13, 19, 20, 21, 47, 52
23: 47, 52
24: 47, 52
25: 35, 36, 48, 52
26: 33, 36, 37, 38, 48, 52
27: 0, 1, 32, 37, 48, 51
28: 0, 1, 31, 38, 49, 51
29: 0, 1, 32, 38, 48, 51
30: 0, 2, 32, 37, 49, 50
31: 0, 2, 33, 36, 48, 50
32: 0, 3, 48, 49
33: 0, 3, 48, 49
34: 0, 4, 47, 48
35: 0, 5
36: 0, 6
37: 0, 7
38: 0, 7
