0: 19, 31, 48, 50
1: 20, 30, 48, 50
2: 20, 30, 47, 49
3: 21, 30, 46, 49
4: 21, 30, 46, 48
5: 22, 30, 45, 47
6: 23, 29, 44, 47
7: 23, 30, 44, 46
8: 23, 29, 33, 34, 35, 39, 42, 45
9: 23, 39, 42, 44
10: 23, 40, 41, 44
11: 23, 42
12: 23, 34, 37, 42
13: 22, 34, 37, 41
14: 23, 34, 35, 40
15: 22, 38
16: 22, 36
17: 22, 35
18: 22, 33
19: 0, 3, 22, 30, 31, 32
20: 0, 6, 20, 28
21: 0, 8, 16, 17, 18, 28
22: 5, 28
23: 7, 8, 9, 17, 18, 29
24: 18, 29
25: 19, 29
26: 18, 19, 20, 30
27: 18, 30
28: 19, 30
29: 20, 31
30: 19, 30
31: 20, 30
32: 20, 31
33: 21, 29, 30, 32
34: 23, 27
35: 
36: 
37: 
38: 
