0: 0, 17, 22, 23, 25, 29, 44, 52
1: 0, 17, 25, 29, 44, 52
2: 0, 15, 25, 29, 45, 52
3: 0, 15, 25, 29, 44, 52
4: 0, 15, 25, 28, 44, 52
5: 0, 15, 26, 28, 44, 52
6: 0, 14, 26, 27, 44, 52
7: 0, 15, 44, 52
8: 0, 14, 44, 52
9: 0, 14, 43, 52
10: 3, 4, 5, 15, 44, 52
11: 6, 15, 23, 24, 43, 52
12: 6, 16, 23, 24, 44, 52
13: 4, 16, 22, 24, 43, 52
14: 2, 17, 21, 24, 26, 30, 44, 52
15: 1, 16, 21, 24, 26, 30, 44, 52
16: 0, 13, 18, 24, 27, 31, 44, 52
17: 0, 12, 18, 25, 26, 31, 44, 52
18: 0, 11, 16, 24, 27, 32, 44, 52
19: 0, 12, 13, 25, 26, 31, 45, 52
20: 0, 12, 13, 25, 26, 30, 44, 52
21: 0, 24, 26, 30, 44, 52
22: 0, 25, 27, 30, 45, 52
23: 0, 25, 26, 30, 44, 52
24: 0, 15, 16, 25, 27, 30, 44, 52
25: 0, 15, 17, 25, 26, 30, 44, 52
26: 0, 15, 16, 25, 27, 29, 43, 52
27: 0, 25, 27, 29, 43, 52
28: 0, 25, 27, 30, 43, 52
29: 0, 30, 42, 52
30: 0, 31, 41, 52
31: 0, 33, 39, 52
32: 0, 52
33: 0, 52
34: 2, 52
35: 0, 52
36: 2, 52
37: 0, 52
38: 0, 52
