0: 0, 11, 21, 36, 39, 52
1: 0, 11, 21, 34, 41, 52
2: 0, 11, 21, 33, 41, 52
3: 0, 11, 21, 34, 41, 52
4: 0, 11, 20, 34, 40, 52
5: 0, 11, 20, 34, 40, 52
6: 0, 11, 20, 34, 40, 52
7: 0, 11, 20, 35, 39, 52
8: 0, 12, 20, 30, 31, 35, 40, 43, 44, 52
9: 0, 11, 20, 30, 33, 35, 39, 41, 45, 52
10: 0, 12, 19, 30, 34, 35, 44, 52
11: 0, 12, 19, 31, 34, 35, 42, 52
12: 0, 12, 19, 33, 34, 35, 40, 52
13: 0, 12, 18, 33, 40, 52
14: 0, 12, 18, 34, 39, 52
15: 0, 13, 18, 34, 38, 52
16: 0, 13, 18, 34, 39, 52
17: 0, 13, 19, 32, 41, 52
18: 0, 14, 19, 31, 41, 52
19: 0, 14, 19, 31, 41, 52
20: 0, 13, 18, 32, 41, 52
21: 0, 13, 19, 34, 39, 52
22: 0, 13, 19, 34, 38, 52
23: 0, 14, 18, 36, 37, 52
24: 0, 15, 18, 52
25: 0, 15, 20, 52
26: 0, 13, 21, 52
27: 0, 14, 20, 52
28: 0, 14, 20, 52
29: 0, 14, 19, 52
30: 0, 14, 19, 52
31: 0, 52
32: 0, 52
33: 0, 52
34: 0, 52
35: 0, 52
36: 0, 52
37: 0, 52
38: 0, 52
