0: 14, 37, 48, 52
1: 14, 37, 48, 52
2: 13, 37, 48, 52
3: 13, 38, 47, 52
4: 12, 37, 47, 52
5: 11, 38, 47, 52
6: 10, 38, 46, 52
7: 12, 38, 46, 52
8: 11, 39, 45, 52
9: 11, 39, 45, 52
10: 11, 38, 45, 52
11: 11, 39, 46, 52
12: 11, 39, 47, 51
13: 11, 40, 48, 49
14: 11, 39
15: 11, 39
16: 11, 39
17: 0, 1, 11, 38
18: 0, 2, 10, 38, 48, 49
19: 0, 4, 9, 39, 45, 46
20: 0, 2, 11, 38, 45, 46, 47, 48, 49, 52
21: 0, 2, 11, 38, 46, 52
22: 0, 1, 12, 39, 46, 52
23: 0, 1, 11, 39, 47, 52
24: 11, 39, 48, 52
25: 11, 40, 48, 52
26: 10, 39, 48, 52
27: 11, 39, 48, 52
28: 11, 41, 46, 52
29: 10, 42, 45, 52
30: 9, 42, 44, 52
31: 0, 1, 8, 43, 44, 52
32: 0, 3, 7, 52
33: 0, 5, 8, 52
34: 0, 4, 8, 52
35: 0, 5, 7, 52
36: 0, 52
37: 0, 52
38: 0, 52
