0: 20, 28, 47, 50
1: 20, 29, 38, 40, 46, 49
2: 20, 29, 33, 34, 35, 40, 45, 49
3: 20, 41, 44, 47
4: 20, 42, 43, 47
5: 20, 46
6: 20, 45
7: 19, 34, 38, 44
8: 19, 35, 38, 44
9: 19, 34, 37, 43
10: 18, 34, 35, 40
11: 18, 39
12: 18, 37
13: 18, 36
14: 17, 35
15: 17, 34
16: 18, 31
17: 16, 28
18: 14, 26
19: 13, 25
20: 0, 1, 2, 3, 4, 5, 6, 26
21: 0, 26
22: 0, 27
23: 3, 4, 6, 7, 13, 27
24: 14, 27
25: 12, 28
26: 12, 28
27: 13, 28
28: 14, 28
29: 14, 29
30: 14, 29
31: 14, 28
32: 14, 27
33: 14, 28
34: 15, 29
35: 16, 30
36: 18, 24, 28, 29
37: 20, 21
38: 
