0: 1, 25, 27, 30
1: 1, 25, 26, 31
2: 2, 24, 26, 31
3: 1, 24, 26, 31
4: 2, 24, 26, 32
5: 2, 24, 26, 32
6: 2, 23, 26, 33
7: 2, 23, 26, 33
8: 3, 24, 26, 33
9: 3, 22, 26, 34
10: 3, 22, 26, 34
11: 4, 21, 26, 34
12: 3, 22, 26, 32
13: 4, 21, 45, 46
14: 6, 17, 18, 19, 20, 21, 23, 24
15: 3, 23
16: 4, 23
17: 4, 23
18: 4, 23
19: 4, 22
20: 5, 22
21: 5, 22
22: 5, 23
23: 5, 23
24: 2, 22
25: 2, 22
26: 2, 22
27: 4, 22
28: 5, 23
29: 5, 22
30: 5, 22
31: 5, 21
32: 6, 20
33: 7, 20
34: 8, 18
35: 10, 11, 12, 13, 14, 18
36: 16, 17
37: 
38: 
