0: 
1: 
2: 
3: 
4: 
5: 
6: 
7: 
8: 
9: 20, 21, 22, 23, 24, 25, 26, 27
10: 20, 21, 24, 25
11: 20, 21, 24, 25
12: 20, 21, 22, 23, 24, 25
13: 20, 25
14: 20, 27
15: 20, 28
16: 21, 27
17: 21, 26, 51, 52
18: 20, 26, 51, 52
19: 21, 26, 49, 52
20: 21, 25, 49, 52
21: 21, 26, 48, 52
22: 21, 25, 48, 52
23: 21, 26, 48, 52
24: 21, 26, 46, 47, 48, 52
25: 22, 25, 45, 52
26: 22, 25, 42, 52
27: 22, 25, 40, 52
28: 21, 25, 36, 37, 38, 51
29: 23, 24, 35, 36, 37, 50
30: 29, 30, 31, 32, 34, 49
31: 32, 48
32: 27, 28, 29, 46
33: 25, 26, 27, 28, 29, 45
34: 21, 22, 23, 24, 25, 26, 27, 44
35: 22, 23, 24, 43
36: 21, 22, 23, 41
37: 21, 40
38: 22, 39
