0: 19, 30, 48, 50
1: 20, 30, 47, 50
2: 20, 30, 47, 49
3: 21, 30, 46, 49
4: 22, 29, 46, 48
5: 22, 30, 45, 47
6: 22, 29, 44, 46
7: 23, 29, 35, 36, 37, 39, 43, 46
8: 23, 39, 42, 45
9: 23, 40, 41, 44
10: 22, 43
11: 23, 34, 36, 42
12: 22, 34, 37, 42
13: 22, 34, 36, 41
14: 22, 38
15: 22, 37
16: 22, 35
17: 21, 35
18: 21, 33
19: 0, 3, 22, 29
20: 0, 5, 19, 27
21: 1, 8, 9, 10, 13, 14, 15, 28
22: 4, 28
23: 7, 8, 9, 14, 15, 16, 17, 29
24: 18, 29
25: 19, 29
26: 17, 30
27: 18, 29
28: 19, 30
29: 19, 31
30: 19, 30
31: 19, 30
32: 19, 30
33: 20, 32
34: 22, 27
35: 25, 26
36: 
37: 
38: 
