0: 0, 1, 14, 41
1: 12, 41
2: 0, 1, 11, 41
3: 10, 41
4: 0, 1, 10, 40
5: 9, 41
6: 8, 32, 39, 40
7: 8, 30
8: 0, 1, 8, 29
9: 7, 28
10: 0, 1, 7, 27
11: 0, 1, 7, 27
12: 0, 1, 7, 26, 43, 44
13: 0, 1, 6, 26, 43, 45
14: 0, 2, 7, 26, 44, 46
15: 0, 2, 6, 25, 33, 34, 44, 46
16: 0, 2, 7, 26, 32, 36, 45, 47
17: 0, 3, 6, 16, 19, 26, 31, 36, 45, 48
18: 0, 3, 7, 15, 20, 26, 30, 36, 45, 48
19: 0, 4, 6, 15, 20, 26, 31, 36, 45, 49
20: 0, 5, 7, 15, 20, 27, 32, 34, 45, 49
21: 0, 5, 7, 15, 19, 27, 45, 50
22: 0, 6, 7, 16, 17, 27, 46, 50
23: 0, 7, 8, 27, 45, 51
24: 0, 8, 9, 26, 45, 50
25: 0, 9, 10, 26, 45, 51
26: 0, 9, 10, 26, 45, 51
27: 0, 11, 12, 25, 45, 51
28: 0, 24, 45, 51
29: 0, 23, 44, 52
30: 0, 12, 13, 21, 44, 51
31: 0, 12, 43, 52
32: 0, 12, 42, 51
33: 0, 12, 42, 52
34: 0, 13, 41, 51
35: 0, 13, 40, 52
36: 0, 13, 39, 51
37: 0, 13, 37, 51
38: 0, 14, 36, 51
