0: 11, 16, 36, 40
1: 12, 16, 36, 39, 51, 52
2: 0, 2, 13, 16, 36, 38, 49, 52
3: 0, 4, 13, 16, 36, 38, 48, 52
4: 0, 5, 14, 16, 36, 37, 46, 52
5: 0, 7, 14, 16, 36, 37, 44, 52
6: 0, 9, 14, 16, 36, 37, 42, 52
7: 0, 9, 15, 16, 42, 52
8: 0, 9, 15, 16, 42, 52
9: 0, 10, 42, 52
10: 0, 10, 41, 52
11: 0, 10, 41, 52
12: 0, 10, 41, 52
13: 0, 11, 41, 52
14: 0, 10, 40, 41, 42, 52
15: 0, 26, 27, 29, 30, 32, 33, 34, 35, 37, 38, 41, 42, 52
16: 0, 52
17: 0, 52
18: 0, 2, 3, 52
19: 0, 2, 5, 9, 22, 23, 25, 26, 27, 28, 29, 30, 31, 32, 33, 34, 36, 37, 38, 39, 41, 42, 43, 48, 50, 52
20: 0, 2, 5, 9, 43, 47, 50, 52
21: 0, 2, 5, 9, 43, 47, 50, 52
22: 0, 1, 6, 9, 43, 47, 51, 52
23: 0, 1, 6, 8, 44, 46, 51, 52
24: 0, 1, 6, 8, 43, 46, 51, 52
25: 0, 1, 6, 9, 13, 15, 37, 39, 44, 46, 51, 52
26: 0, 1, 5, 10, 13, 14, 38, 39, 45, 46, 51, 52
27: 0, 2, 5, 10, 12, 13, 34, 36, 39, 40, 45, 47, 50, 52
28: 0, 3, 15, 18, 34, 36, 46, 47, 50, 52
29: 0, 2, 7, 8, 9, 10, 14, 20, 31, 37, 49, 52
30: 0, 1, 4, 22, 29, 38, 39, 41, 51, 52
31: 2, 23, 28, 29, 30, 31, 33, 41, 46, 49
32: 0, 21, 31, 32, 34, 40, 47, 51
33: 0, 21, 35, 40, 47, 52
34: 0, 18, 37, 40, 47, 52
35: 0, 18, 37, 40, 47, 52
36: 0, 18, 25, 26, 38, 40, 47, 52
37: 0, 16, 23, 24, 38, 41, 47, 52
38: 0, 16, 38, 40, 47, 52
