0: 0, 8, 25, 46
1: 0, 10, 27, 46
2: 0, 10, 29, 45
3: 0, 10, 31, 45
4: 0, 10, 32, 44
5: 0, 9, 34, 42
6: 0, 9, 38, 39
7: 0, 9
8: 0, 9
9: 0, 9, 46, 47
10: 0, 7
11: 0, 7
12: 0, 8, 48, 49
13: 0, 8, 39, 40
14: 0, 8, 41, 42
15: 0, 7, 33, 34, 43, 44, 49, 50
16: 0, 7, 46, 47
17: 0, 7, 38, 39
18: 0, 5, 42, 43, 50, 51
19: 0, 1, 2, 3, 45, 46, 48, 49
20: 34, 35, 40, 41
21: 36, 37, 44, 45, 49, 50
22: 26, 27, 42, 43, 47, 48
23: 28, 29, 39, 40, 50, 51
24: 30, 31, 34, 35, 44, 45, 46, 47
25: 36, 37, 41, 42, 48, 49, 50, 51
26: 39, 40, 43, 44, 47, 48
27: 32, 33, 45, 46, 50, 51
28: 26, 27, 34, 35, 38, 39, 41, 42, 43, 44, 48, 49
29: 28, 29, 36, 37, 45, 46, 47, 48, 50, 51
30: 32, 33, 40, 41, 43, 44, 49, 50
31: 35, 36, 38, 39, 41, 42, 46, 47, 48, 49, 51, 52
32: 25, 26, 30, 31, 43, 44, 45, 46, 50, 51
33: 33, 34, 36, 37, 39, 40, 41, 42, 47, 48, 49, 50
34: 43, 44, 45, 46, 48, 49, 51, 52
35: 27, 28, 32, 33, 35, 36, 38, 39, 40, 41, 42, 43, 46, 47, 50, 51
36: 29, 30, 44, 45, 47, 48, 49, 50, 51, 52
37: 33, 34, 36, 37, 38, 39, 40, 41, 42, 43, 45, 46, 48, 49
38: 43, 44, 46, 47, 49, 50, 51, 52
