0: 19, 34
1: 20, 33
2: 20, 33
3: 20, 33
4: 20, 33
5: 21, 32
6: 21, 32
7: 22, 31
8: 22, 31, 39, 40
9: 22, 30, 38, 43
10: 19, 21, 22, 31, 35, 41
11: 17, 30, 32, 41
12: 17, 30, 31, 38, 39, 40, 41, 42
13: 16, 35
14: 14, 33
15: 11, 32
16: 8, 16, 17, 33
17: 10, 11, 12, 13, 18, 33
18: 10, 13, 17, 33
19: 10, 14, 18, 32
20: 10, 15, 18, 32
21: 9, 15, 19, 31
22: 9, 14, 20, 31
23: 9, 10, 11, 14, 20, 30
24: 10, 15, 21, 29
25: 10, 13, 21, 30
26: 10, 11, 12, 13, 21, 30
27: 11, 12, 14, 15, 21, 32
28: 22, 32
29: 22, 32
30: 22, 32
31: 23, 32
32: 21, 22, 23, 32
33: 21, 32
34: 22, 28, 29, 33
35: 22, 26
36: 23, 24
37: 
38: 
