0: 19, 21, 27, 28
1: 20, 21, 27, 29
2: 19, 21, 27, 28, 44, 45, 46, 47
3: 20, 21, 26, 28, 44, 45, 46, 47
4: 19, 21, 27, 28, 43, 44, 45, 46
5: 20, 22, 26, 28, 42, 44
6: 20, 28, 41, 43
7: 19, 28, 41, 42
8: 19, 29, 40, 41
9: 19, 29, 39, 41
10: 1, 2, 20, 29, 38, 39
11: 2, 7, 8, 9, 20, 29, 37, 38
12: 6, 7, 8, 9, 20, 28, 32, 33, 37, 38
13: 6, 10, 20, 28, 29, 32, 36, 37
14: 6, 9, 13, 15, 16, 17, 21, 28, 35, 36
15: 6, 10, 13, 14, 15, 27, 34, 35
16: 6, 9, 19, 27
17: 6, 9, 17, 18, 19, 30, 33, 34
18: 6, 10, 16, 17, 20, 21, 22, 26, 29, 33
19: 5, 10, 15, 16, 20, 21, 22, 26, 31, 32
20: 6, 9, 19, 21, 22, 26, 27, 28, 29, 32
21: 6, 9, 19, 26, 28, 30
22: 7, 9, 20, 30
23: 7, 9, 20, 29
24: 7, 9, 21, 28
25: 22, 25
26: 21, 26
27: 20, 26
28: 20, 27
29: 21, 28
30: 21, 28, 39, 40
31: 25, 28
32: 
33: 
34: 25, 26, 36, 43
35: 35, 44
36: 35, 43
37: 34, 41
38: 35, 41
