0: 0, 34, 44, 51
1: 0, 34, 45, 51
2: 0, 34, 45, 48
3: 0, 34
4: 0, 34
5: 0, 26, 32, 33
6: 0, 25
7: 0, 23, 49, 50
8: 0, 22, 48, 50
9: 0, 22, 48, 50
10: 0, 21, 48, 50
11: 0, 20, 28, 31, 48, 51
12: 0, 20, 27, 33, 47, 51
13: 0, 18, 27, 35, 47, 51
14: 0, 13, 25, 36, 37, 38, 39, 40, 47, 51
15: 0, 11, 25, 41, 49, 51
16: 0, 12, 24, 41
17: 0, 10, 23, 41
18: 0, 10, 22, 37
19: 0, 9, 19, 37
20: 0, 12, 15, 16, 17, 36
21: 0, 36
22: 0, 35
23: 0, 36
24: 0, 36
25: 0, 34
26: 0, 34
27: 0, 32
28: 0, 31
29: 0, 31
30: 0, 31
31: 0, 34, 35, 36
32: 0, 36
33: 0, 37
34: 0, 38
35: 0, 39
36: 0, 40
37: 0, 43, 47, 48
38: 0, 50
