0: 24, 39
1: 24, 40
2: 25, 39
3: 25, 40
4: 24, 39
5: 24, 25, 26, 40
6: 19, 20, 23, 25, 26, 39, 40, 41
7: 19, 20, 23, 25, 26, 40, 45, 46
8: 19, 20, 23, 25, 26, 41, 45, 46, 49, 50
9: 18, 20, 22, 25, 26, 41, 44, 46, 49, 50
10: 4, 5, 15, 16, 18, 20, 22, 25, 26, 41, 44, 46, 49, 51
11: 3, 5, 10, 11, 15, 16, 17, 21, 22, 41, 44, 46, 49, 51
12: 3, 5, 9, 10, 14, 16, 17, 20, 22, 25, 26, 42, 43, 47, 48, 51
13: 3, 5, 9, 11, 14, 16, 17, 21, 22, 24, 26, 41, 43, 47, 48, 51
14: 2, 5, 9, 11, 13, 16, 17, 20, 22, 40, 44, 46, 48, 52
15: 1, 5, 8, 11, 13, 16, 18, 22, 24, 46, 48, 51
16: 2, 5, 8, 11, 13, 16, 18, 20, 26, 39, 40, 41, 42, 45, 46, 50
17: 2, 5, 7, 11, 12, 16, 17, 19, 26, 38, 49, 51
18: 3, 4, 7, 11, 13, 17, 27, 38, 50, 52
19: 0, 4, 8, 10, 13, 17, 27, 38
20: 1, 7, 8, 10, 13, 16, 29, 36
21: 5, 9, 12, 14, 29, 34
22: 7, 10, 11, 14, 28, 34, 35, 36
23: 9, 12, 27, 36
24: 27, 38
25: 25, 26, 27, 38
26: 24, 40
27: 21, 39
28: 22, 39
29: 23, 38
30: 24, 38
31: 24, 39
32: 24, 38
33: 25, 38
34: 25, 37
35: 26, 36
36: 28, 35
37: 
38: 
