0: 29, 43
1: 29, 42
2: 30, 42
3: 29, 42
4: 30, 41
5: 30, 41
6: 5, 6, 10, 11, 31, 40
7: 13, 14, 21, 22, 31, 40
8: 31, 40
9: 32, 40
10: 4, 5, 9, 10, 25, 26, 32, 39
11: 14, 15, 32, 39
12: 32, 39
13: 3, 4, 7, 8, 16, 17, 33, 40
14: 11, 12, 19, 20, 33, 39
15: 33, 39
16: 2, 3, 6, 7, 13, 14, 33, 40
17: 9, 10, 17, 18, 23, 24, 32, 39
18: 3, 4, 22, 31, 32, 40
19: 6, 7, 11, 12, 24, 26, 27, 28, 29, 40
20: 2, 3, 8, 9, 13, 14, 16, 17, 29, 40
21: 1, 2, 3, 5, 6, 7, 19, 20, 30, 39
22: 7, 8, 9, 10, 12, 13, 21, 22, 32, 39
23: 0, 7, 10, 11, 16, 17, 23, 24, 34, 39
24: 0, 10, 12, 13, 14, 15, 25, 26, 33, 39
25: 0, 12, 18, 19, 32, 39
26: 0, 12, 13, 14, 15, 16, 20, 21, 28, 29, 31, 38
27: 0, 14, 17, 18, 24, 25, 31, 38
28: 0, 14, 15, 16, 21, 22, 31, 37
29: 0, 15, 16, 17, 29, 37
30: 0, 16, 18, 19, 30, 31, 32, 33
31: 0, 16, 17, 18, 20, 21, 24, 25
32: 0, 17, 26, 27, 33, 34
33: 0, 17, 18, 19, 20, 21
34: 0, 17, 23, 24, 29, 30
35: 0, 17, 18, 19
36: 0, 18, 19, 20, 21, 22, 25, 26
37: 0, 17
38: 0, 17, 18, 19
