0: 0, 52
1: 0, 52
2: 0, 52
3: 0, 52
4: 0, 52
5: 0, 52
6: 0, 52
7: 0, 52
8: 0, 52
9: 0, 27, 28, 29, 30, 52
10: 0, 25, 32, 52
11: 0, 24, 33, 52
12: 0, 23, 34, 52
13: 0, 22, 35, 52
14: 0, 22, 35, 52
15: 0, 21, 35, 52
16: 0, 21, 36, 52
17: 0, 21, 36, 52
18: 0, 21, 36, 52
19: 0, 21, 36, 52
20: 0, 21, 36, 52
21: 0, 21, 35, 52
22: 0, 22, 35, 52
23: 0, 24, 32, 52
24: 0, 28, 30, 52
25: 0, 52
26: 0, 52
27: 0, 52
28: 0, 49, 50, 51
29: 0, 45, 46, 47
30: 0, 44, 45, 46, 48, 49
31: 0, 46, 47, 48, 51, 52
32: 0, 45, 46, 47
33: 0, 5, 6, 49
34: 0, 3, 4, 7, 8, 40, 41, 43, 44, 45, 46, 47, 49, 50, 51, 52
35: 0, 9, 10, 11, 13, 14, 17, 18, 20, 21, 22, 23, 25, 26
36: 0, 2, 3, 4
37: 
38: 
