0: 0, 13, 14, 18, 38, 52
1: 0, 13, 15, 19, 37, 52
2: 0, 14, 15, 19, 38, 52
3: 0, 13, 15, 20, 38, 52
4: 0, 14, 15, 21, 38, 52
5: 0, 13, 14, 15, 16, 21, 38, 52
6: 0, 13, 14, 15, 16, 22, 42, 52
7: 0, 14, 15, 22, 44, 52
8: 0, 14, 15, 23, 46, 52
9: 0, 14, 16, 24, 46, 52
10: 0, 14, 16, 24, 48, 52
11: 0, 23, 48, 52
12: 0, 14, 16, 22, 49, 52
13: 0, 14, 16, 22, 49, 52
14: 0, 15, 16, 20, 49, 52
15: 0, 14, 16, 20, 25, 26, 48, 52
16: 0, 16, 17, 19, 24, 25, 46, 52
17: 0, 14, 16, 18, 23, 25, 45, 52
18: 0, 15, 16, 17, 23, 25, 47, 52
19: 0, 15, 16, 17, 21, 26, 50, 51
20: 0, 15, 20, 27
21: 0, 14, 15, 16, 20, 27
22: 0, 15, 20, 30, 44, 48
23: 0, 15, 20, 30, 46, 52
24: 0, 15, 20, 25, 27, 30, 39, 43, 47, 52
25: 0, 15, 19, 25, 27, 31, 38, 46, 47, 52
26: 0, 15, 19, 23, 28, 33, 34, 52
27: 0, 14, 19, 21, 30, 52
28: 0, 15, 19, 20, 30, 52
29: 0, 14, 18, 20, 31, 52
30: 0, 15, 19, 20, 31, 52
31: 0, 14, 31, 52
32: 0, 14, 31, 52
33: 0, 13, 14, 15, 31, 52
34: 0, 13, 30, 52
35: 0, 15, 19, 20, 30, 52
36: 0, 19, 30, 52
37: 0, 19, 31, 52
38: 0, 18, 31, 52
