0: 0, 26, 39, 52
1: 0, 26, 39, 52
2: 0, 26, 38, 52
3: 0, 27, 38, 52
4: 0, 27, 37, 52
5: 0, 27, 37, 52
6: 0, 28, 37, 52
7: 0, 27, 37, 52
8: 0, 28, 36, 52
9: 0, 28, 36, 52
10: 0, 28, 35, 52
11: 0, 29, 35, 52
12: 0, 29, 36, 52
13: 0, 29, 35, 52
14: 0, 29, 36, 52
15: 0, 29, 36, 52
16: 0, 29, 36, 52
17: 0, 27, 36, 52
18: 0, 27, 36, 52
19: 0, 26, 42, 52
20: 0, 26, 42, 52
21: 0, 26, 41, 52
22: 0, 27, 41, 52
23: 0, 27, 33, 35, 40, 52
24: 0, 26, 33, 34, 35, 36, 41, 52
25: 0, 26, 33, 34, 36, 37, 40, 41, 42, 52
26: 0, 25, 34, 36, 42, 43, 45, 52
27: 0, 25, 33, 37, 46, 52
28: 0, 26, 33, 38, 39, 42, 45, 52
29: 0, 26, 32, 43, 45, 52
30: 0, 27, 33, 52
31: 0, 26, 27, 52
32: 0, 52
33: 0, 52
34: 0, 52
35: 0, 52
36: 0, 52
37: 0, 52
38: 0, 52
