0: 0, 11
1: 0, 12
2: 0, 11
3: 0, 12
4: 0, 12
5: 0, 11
6: 0, 12
7: 0, 11
8: 0, 12, 45, 46
9: 0, 12, 36, 38, 43, 49
10: 0, 11, 36, 38, 40, 49
11: 0, 12, 33, 34, 35, 48
12: 0, 11, 32, 47
13: 0, 12, 26, 27, 29, 39, 41, 42, 44, 45
14: 0, 12, 24, 30, 32, 42
15: 0, 11, 22, 25, 33, 34, 35, 39
16: 0, 12, 22, 23, 34, 39
17: 0, 11, 33, 39
18: 0, 12, 34, 38
19: 0, 12, 33, 37
20: 0, 11, 33, 36, 38, 39
21: 0, 12, 33, 38
22: 0, 11, 31, 37
23: 0, 12, 32, 33
24: 0, 12
25: 0, 11
26: 0, 12
27: 0, 11
28: 0, 12
29: 0, 12
30: 0, 11
31: 0, 12
32: 0, 11
33: 0, 12
34: 0, 12
35: 0, 11
36: 0, 12
37: 0, 11
38: 0, 12
