0: 0, 1, 51, 52
1: 
2: 
3: 
4: 
5: 
6: 
7: 
8: 
9: 41, 42
10: 11, 12, 14, 15, 37, 38, 39, 41, 42, 43, 44, 45
11: 10, 14, 34, 45, 46, 47
12: 9, 15, 32, 48, 49, 50
13: 8, 16, 31, 49
14: 8, 16, 29, 51
15: 9, 15, 29, 52
16: 9, 15, 28, 52
17: 9, 10, 11, 12, 13, 14, 27, 52
18: 12, 13, 27, 52
19: 26, 52
20: 26, 40, 41, 52
21: 25, 37, 42, 52
22: 24, 36, 43, 52
23: 24, 36, 44, 52
24: 23, 35, 44, 52
25: 0, 1, 22, 36, 44, 52
26: 0, 2, 21, 36, 43, 52
27: 0, 3, 5, 6, 19, 36, 37, 38, 43, 52
28: 0, 5, 17, 37, 42, 52
29: 0, 8, 9, 10, 12, 13, 14, 52
30: 0, 52
31: 0, 52
32: 0, 52
33: 0, 52
34: 0, 52
35: 0, 52
36: 0, 52
37: 0, 52
38: 1, 51
