0: 0, 17, 42, 52
1: 0, 17, 41, 52
2: 0, 17, 42, 52
3: 0, 16, 41, 45, 46, 52
4: 0, 17, 41, 43, 47, 52
5: 0, 16, 17, 18, 47, 52
6: 0, 12, 13, 15, 47, 52
7: 0, 11, 14, 15, 48, 52
8: 0, 11, 47, 52
9: 0, 10, 47, 52
10: 0, 11, 47, 52
11: 0, 10, 47, 52
12: 0, 11, 46, 52
13: 0, 11, 46, 52
14: 0, 11, 46, 52
15: 0, 12, 45, 52
16: 0, 12, 44, 52
17: 0, 13, 44, 52
18: 0, 14, 43, 52
19: 0, 15, 42, 52
20: 0, 16, 41, 52
21: 0, 17, 41, 52
22: 0, 19, 21, 22, 23, 26, 30, 33, 39, 52
23: 0, 35, 36, 52
24: 0, 52
25: 0, 52
26: 0, 52
27: 0, 52
28: 0, 52
29: 0, 52
30: 0, 52
31: 0, 52
32: 0, 52
33: 0, 52
34: 0, 52
35: 0, 52
36: 0, 52
37: 0, 52
38: 0, 52
