0: 29, 40, 51, 52
1: 29, 42, 49, 52
2: 29, 42, 46, 52
3: 30, 52
4: 29, 52
5: 29, 52
6: 30, 52
7: 29, 49, 51, 52
8: 29, 50
9: 29, 50, 51, 52
10: 29, 49, 50, 52
11: 29, 52
12: 29, 41, 43, 52
13: 29, 42, 43, 51
14: 29, 41, 43, 51
15: 29, 41, 43, 50
16: 29, 41, 42, 49
17: 29, 48
18: 28, 46
19: 29, 43
20: 29, 42
21: 0, 1, 29, 40
22: 0, 1, 28, 29, 30, 39
23: 0, 1, 27, 40
24: 0, 2, 3, 5, 25, 40
25: 0, 8, 22, 23, 24, 41
26: 0, 11, 12, 13, 17, 18, 19, 40
27: 0, 42
28: 0, 3, 4, 5, 6, 7, 8, 41
29: 10, 11, 12, 18, 19, 20, 25, 41
30: 26, 43
31: 27, 44
32: 24, 44
33: 25, 44
34: 26, 43
35: 28, 44
36: 28, 46
37: 28, 47
38: 29, 47
