0: 0, 18, 35, 52
1: 0, 18, 37, 52
2: 0, 18, 40, 52
3: 0, 19, 43, 52
4: 0, 19, 45, 52
5: 0, 19, 46, 52
6: 0, 19, 47, 52
7: 0, 20, 43, 52
8: 0, 20, 41, 52
9: 0, 21, 40, 44, 45, 52
10: 0, 21, 40, 43, 45, 52
11: 0, 21, 40, 41, 50, 52
12: 0, 22, 51, 52
13: 0, 22
14: 0, 23
15: 0, 24
16: 0, 24
17: 0, 25
18: 0, 25
19: 0, 26
20: 0, 27
21: 0, 27
22: 0, 28
23: 0, 28
24: 0, 29
25: 0, 29
26: 0, 30
27: 0, 1, 2, 31
28: 3, 31
29: 4, 6, 7, 31
30: 11, 18, 21, 32
31: 14, 16, 17, 18, 21, 32
32: 11, 12, 14, 15, 21, 33
33: 13, 14, 20, 33
34: 18, 33
35: 17, 33
36: 14, 33
37: 6, 34
38: 4, 34
