0: 19, 22, 23, 24, 32, 37, 41, 44
1: 18, 26, 31, 36, 40, 42, 43, 45
2: 18, 27, 30, 35, 40, 41, 43, 45
3: 18, 27, 29, 35, 40, 41, 42, 46
4: 17, 26, 29, 34, 37, 38, 39, 45
5: 16, 21, 22, 23, 28, 34, 35, 43
6: 16, 22, 23, 24, 27, 33, 36, 42
7: 16, 23, 26, 33, 37, 42
8: 13, 22, 27, 32, 38, 41
9: 11, 21, 28, 34
10: 9, 18, 28, 32, 40, 41, 42, 43
11: 8, 16, 30, 31, 37, 47
12: 7, 11, 13, 14, 30, 32, 41, 42
13: 7, 9, 12, 13, 30, 31
14: 7, 9, 36, 37
15: 7, 8, 33, 36
16: 32, 34
17: 31, 33
18: 31, 32
19: 
20: 
21: 
22: 
23: 
24: 
25: 
26: 
27: 
28: 
29: 
30: 
31: 4, 13
32: 3, 9, 12, 13
33: 2, 3
34: 
35: 
36: 
37: 
38: 
