0: 11, 16, 36, 40
1: 0, 1, 12, 16, 36, 39, 51, 52
2: 0, 3, 13, 16, 36, 38, 49, 52
3: 0, 4, 14, 16, 35, 38, 48, 52
4: 0, 6, 14, 16, 36, 37, 45, 52
5: 0, 8, 14, 17, 35, 37, 44, 52
6: 0, 9, 15, 16, 35, 36, 42, 52
7: 0, 10, 15, 16, 42, 52
8: 0, 10, 15, 16, 41, 52
9: 0, 10, 41, 52
10: 0, 10, 41, 52
11: 0, 11, 41, 52
12: 0, 11, 40, 52
13: 0, 11, 40, 52
14: 0, 11, 41, 52
15: 0, 27, 28, 30, 31, 33, 34, 36, 37, 38, 39, 52
16: 0, 52
17: 0, 52
18: 0, 3, 5, 52
19: 0, 3, 5, 10, 22, 23, 26, 27, 29, 30, 32, 33, 34, 35, 36, 37, 38, 39, 40, 41, 42, 47, 48, 52
20: 0, 2, 6, 9, 42, 46, 50, 52
21: 0, 2, 6, 9, 43, 46, 50, 52
22: 0, 2, 6, 9, 43, 46, 50, 52
23: 0, 2, 6, 9, 43, 46, 50, 52
24: 0, 1, 7, 9, 14, 15, 37, 38, 43, 45, 51, 52
25: 0, 2, 6, 10, 13, 15, 37, 39, 44, 46, 50, 52
26: 1, 2, 6, 11, 13, 14, 38, 39, 44, 46, 50, 52
27: 1, 3, 5, 6, 7, 8, 9, 10, 16, 17, 34, 36, 45, 47, 50, 51
28: 0, 3, 15, 19, 32, 36, 49, 52
29: 0, 2, 6, 13, 14, 22, 30, 37, 39, 40, 49, 52
30: 3, 23, 29, 32, 33, 40, 46, 47, 50, 52
31: 2, 22, 23, 24, 28, 29, 31, 32, 33, 40, 46, 49
32: 0, 21, 35, 40, 46, 51
33: 0, 19, 36, 39, 47, 52
34: 0, 18, 37, 40, 46, 52
35: 0, 18, 25, 26, 38, 40, 46, 52
36: 0, 16, 17, 18, 23, 24, 37, 40, 46, 52
37: 0, 17, 38, 40, 46, 52
38: 0, 15, 38, 40, 46, 52
