0: 19, 33
1: 19, 33
2: 19, 33
3: 20, 32
4: 20, 32
5: 20, 32
6: 21, 31
7: 21, 31
8: 21, 31
9: 22, 30
10: 22, 30, 31, 32
11: 21, 30
12: 19, 33
13: 21, 31
14: 21, 31, 32, 33
15: 18, 35
16: 17, 35
17: 17, 35
18: 16, 36
19: 16, 36
20: 16, 36
21: 15, 33, 34, 37
22: 14, 18, 19, 20, 21, 31, 32, 33, 35, 37
23: 14, 15, 21, 31, 34, 36, 37, 38
24: 16, 20, 21, 31, 33, 36
25: 16, 20, 21, 30, 32, 37
26: 15, 20, 21, 31, 32, 37
27: 15, 21, 22, 30, 32, 37
28: 15, 20, 21, 31, 32, 37
29: 15, 16, 17, 20, 21, 30, 32, 37
30: 16, 20, 22, 30, 32, 37
31: 16, 20, 21, 29, 31, 32, 33, 35, 36, 37
32: 16, 18, 19, 32, 33, 34
33: 20, 32, 34, 35, 36, 37
34: 17, 18, 20, 25, 26, 32
35: 20, 22, 29, 32
36: 
37: 
38: 
