0: 0, 19, 43, 52
1: 0, 19, 43, 52
2: 0, 19, 43, 52
3: 0, 20, 43, 52
4: 0, 17, 42, 52
5: 0, 15, 27, 28, 43, 52
6: 0, 15, 26, 28, 42, 52
7: 0, 15, 25, 28, 42, 44, 45, 52
8: 0, 14, 23, 28, 42, 43, 45, 52
9: 0, 14, 22, 28, 29, 30, 43, 52
10: 0, 14, 22, 28, 43, 52
11: 0, 15, 22, 28, 30, 31, 43, 52
12: 0, 16, 21, 28, 30, 31, 42, 52
13: 0, 18, 19, 20, 21, 27, 31, 32, 42, 44, 45, 52
14: 0, 28, 31, 33, 42, 43, 45, 52
15: 0, 27, 32, 34, 42, 43, 45, 52
16: 0, 27, 31, 33, 45, 52
17: 0, 28, 45, 52
18: 0, 27, 45, 52
19: 0, 26, 45, 52
20: 0, 27, 45, 52
21: 0, 26, 45, 52
22: 0, 24, 45, 52
23: 0, 22, 45, 52
24: 0, 22, 45, 52
25: 0, 21, 45, 52
26: 0, 22, 45, 52
27: 0, 22, 44, 52
28: 0, 22, 44, 52
29: 0, 22, 44, 52
30: 0, 22, 44, 52
31: 0, 23, 43, 52
32: 0, 24, 43, 52
33: 0, 25, 42, 52
34: 0, 25, 41, 52
35: 0, 24, 41, 52
36: 0, 23, 40, 52
37: 0, 23, 40, 52
38: 0, 22, 32, 33, 38, 52
