0: 0, 34, 44, 52
1: 0, 34, 44, 52
2: 0, 34, 44, 52
3: 0, 34, 44, 52
4: 0, 34, 44, 52
5: 0, 34, 44, 52
6: 0, 34, 45, 52
7: 0, 34, 45, 52
8: 0, 34, 46, 50
9: 0, 34, 45, 51
10: 0, 34, 46, 51
11: 0, 34, 46, 52
12: 0, 34, 46, 51
13: 0, 34, 46, 50
14: 0, 34
15: 0, 34
16: 0, 34
17: 0, 34
18: 0, 34
19: 0, 8, 10, 34
20: 0, 7, 12, 34
21: 0, 6, 10, 34
22: 0, 6, 10, 34
23: 0, 4, 12, 34
24: 0, 3, 14, 34
25: 0, 4, 5, 6, 12, 34
26: 0, 7, 12, 34
27: 0, 8, 13, 34
28: 0, 6, 14, 34
29: 0, 3, 5, 6, 14, 34
30: 0, 3, 4, 5, 14, 34
31: 0, 3, 9, 10, 14, 34
32: 0, 4, 6, 7, 9, 10, 14, 34
33: 0, 6, 13, 14, 15, 34
34: 0, 6, 13, 34
35: 0, 6, 11, 34
36: 0, 6, 12, 34
37: 0, 6, 12, 34
38: 0, 6, 13, 34
