0: 8, 19, 33, 50
1: 8, 19, 34, 49
2: 8, 19, 34, 49
3: 9, 18, 33, 48
4: 9, 19, 24, 25, 33, 47
5: 10, 18, 23, 24, 33, 46
6: 10, 18, 22, 23, 25, 26, 33, 43
7: 9, 20, 21, 23, 24, 25, 26, 28, 31, 42
8: 9, 22, 23, 24, 28, 29, 30, 42
9: 10, 24, 25, 26, 27, 42
10: 10, 25, 27, 31, 32, 42
11: 9, 22, 23, 42
12: 10, 22, 24, 27, 29, 42
13: 9, 42
14: 10, 21, 22, 30, 31, 42
15: 10, 21, 24, 28, 31, 42
16: 10, 20, 25, 28, 31, 41
17: 11, 20, 24, 27, 32, 41
18: 11, 20, 25, 27, 32, 41
19: 11, 20, 32, 41
20: 12, 19, 33, 40
21: 12, 20, 32, 40
22: 12, 20, 31, 40
23: 12, 23, 29, 30, 31, 40
24: 12, 23, 28, 40
25: 12, 24, 28, 40
26: 13, 24, 28, 39
27: 13, 23, 29, 39
28: 13, 23, 29, 38
29: 14, 22, 30, 38
30: 15, 24, 30, 37
31: 18, 23, 29, 32, 34, 35
32: 19, 23, 29, 31
33: 18, 19, 21, 23, 29, 30
34: 22, 24, 28, 30
35: 23, 24
36: 23, 24
37: 
38: 
