0: 6, 7, 8, 13, 14, 16, 18, 19, 20, 21, 22, 23, 24, 52
1: 4, 5, 8, 10, 11, 14, 15, 18, 19, 21, 22, 52
2: 1, 2, 7, 17, 18, 20, 21, 22, 23, 52
3: 4, 19, 20, 52
4: 2, 3, 4, 22, 23, 52
5: 1, 21, 22, 52
6: 2, 19, 20, 52
7: 1, 52
8: 0, 1, 2, 20, 21, 52
9: 2, 52
10: 1, 2, 3, 20, 21, 52
11: 1, 2, 3, 52
12: 0, 1, 2, 3, 4, 19, 20, 52
13: 1, 2, 3, 52
14: 0, 2, 3, 4, 5, 16, 17, 52
15: 0, 1, 2, 4, 5, 52
16: 0, 2, 3, 15, 16, 17, 18, 52
17: 0, 3, 4, 5, 6, 16, 17, 52
18: 0, 15, 16, 52
19: 0, 5, 6, 15, 16, 17, 18, 52
20: 0, 15, 16, 18, 19, 52
21: 0, 16, 17, 52
22: 0, 15, 17, 19, 20, 52
23: 0, 52
24: 0, 16, 17, 52
25: 0, 52
26: 0, 52
27: 0, 52
28: 0, 52
29: 1, 52
30: 0, 52
31: 0, 52
32: 0, 52
33: 0, 52
34: 0, 52
35: 0, 52
36: 0, 52
37: 0, 52
38: 0, 52
