0: 20, 22, 25, 36
1: 21, 37
2: 22, 38
3: 22, 38
4: 23, 36
5: 24, 36
6: 20, 22, 25, 35, 39, 40
7: 21, 34, 35, 39
8: 25, 35
9: 27, 33
10: 0, 1, 2, 3, 25, 34
11: 2, 6, 7, 9, 23, 26, 28, 36
12: 6, 8, 21, 23, 29, 33, 35, 38
13: 5, 9, 29, 33, 37, 38
14: 6, 10, 29, 33
15: 5, 9, 29, 33
16: 6, 9, 29, 33
17: 6, 8, 28, 34
18: 6, 10, 29, 34
19: 5, 9, 29, 35
20: 6, 8, 28, 34
21: 6, 9, 27, 35, 36, 37
22: 6, 8, 13, 14, 15, 16, 17, 18, 19, 20, 21, 22, 23, 25, 26, 36
23: 6, 9, 13, 24, 25, 26, 27, 28, 29, 33
24: 7, 8, 31, 32
25: 
26: 
27: 
28: 
29: 43, 44
30: 40, 41, 42, 43
31: 38, 41
32: 37, 39
33: 35, 37
34: 35, 37
35: 33, 36
36: 32, 35
37: 27, 29, 30, 34
38: 26, 33
