0: 2, 35
1: 3, 34
2: 2, 33
3: 3, 32
4: 2, 29
5: 2, 30
6: 2, 29
7: 2, 24
8: 2, 24
9: 2, 24
10: 2, 24
11: 2, 24
12: 2, 26, 46, 47
13: 2, 27, 36, 37
14: 2, 26, 39, 40, 50, 51
15: 3, 27, 41, 42
16: 3, 26, 47, 48
17: 3, 26
18: 3, 26
19: 3, 26, 38, 39, 43, 44, 49, 50
20: 4, 23, 45, 46
21: 4, 24, 34, 35
22: 5, 24, 30, 31, 40, 41, 49, 50
23: 6, 24, 43, 44, 46, 47
24: 7, 24, 36, 37
25: 8, 24, 40, 41, 47, 48, 50, 51
26: 10, 23, 43, 44
27: 12, 22, 31, 32, 38, 39, 45, 46, 48, 49
28: 14, 15, 16, 17, 33, 34, 41, 42, 50, 51
29: 27, 28, 35, 36, 43, 44, 46, 47, 49, 50
30: 39, 40
31: 32, 33, 41, 42, 44, 45, 47, 48, 51, 52
32: 37, 38, 49, 50
33: 28, 29, 34, 35, 39, 40, 42, 43, 45, 46, 47, 48
34: 49, 50, 51, 52
35: 30, 31, 36, 37, 39, 40, 42, 43, 44, 45, 46, 47, 48, 49
36: 33, 34, 51, 52
37: 37, 38, 40, 41, 43, 44, 45, 46, 47, 48, 49, 50
38: 50, 51
