0: 23, 32
1: 23, 32
2: 24, 31
3: 23, 31
4: 24, 31
5: 24, 31
6: 23, 31, 45, 46
7: 23, 31, 49, 50
8: 23, 31
9: 24, 31
10: 23, 31, 37, 38
11: 24, 31, 39, 40, 47, 48
12: 24, 31, 42, 43
13: 24, 31, 50, 51
14: 24, 31
15: 23, 31, 45, 46
16: 24, 30, 36, 37, 47, 48
17: 23, 31, 39, 40
18: 24, 30, 41, 42, 49, 50
19: 24, 30, 43, 44, 46, 47
20: 25, 30, 51, 52
21: 25, 30, 34, 35, 39, 40, 48, 49
22: 24, 30, 36, 37, 45, 46, 50, 51
23: 23, 30, 41, 42, 48, 49
24: 22, 29, 43, 44, 47, 48, 50, 52
25: 22, 29, 35, 36, 39, 40, 45, 46, 48, 52
26: 23, 28, 31, 32, 43, 44, 46, 52
27: 24, 28, 41, 42, 45, 46, 47, 52
28: 37, 38, 43, 44, 45, 52
29: 33, 34, 39, 40, 42, 43, 44, 52
30: 27, 28, 44, 52
31: 35, 36, 39, 40, 41, 42, 43, 52
32: 42, 52
33: 29, 30, 37, 38, 41, 42, 43, 52
34: 31, 32, 40, 41, 42, 52
35: 33, 34, 39, 40, 42, 52
36: 36, 37, 41, 42, 43, 52
37: 39, 40, 42, 52
38: 41, 52
