0: 42, 52
1: 41, 52
2: 42, 52
3: 5, 6, 42, 52
4: 41, 52
5: 12, 13, 42, 52
6: 7, 8, 42, 52
7: 23, 24, 42, 51
8: 25, 26, 43, 51
9: 3, 4, 16, 17, 27, 28, 42, 51
10: 8, 9, 12, 13, 41, 50
11: 42, 49
12: 42, 49
13: 3, 4, 6, 7, 18, 19, 43, 49
14: 10, 11, 14, 15, 43, 49, 51, 52
15: 21, 22, 34, 35, 43, 49, 51, 52
16: 2, 3, 6, 7, 28, 29, 43, 49, 51, 52
17: 9, 10, 12, 13, 17, 18, 23, 24, 43, 49, 50, 52
18: 3, 4, 42, 48, 49, 52
19: 6, 7, 14, 15, 41, 52
20: 2, 3, 8, 9, 11, 12, 18, 19, 42, 52
21: 1, 2, 3, 5, 6, 7, 20, 21, 43, 52
22: 7, 8, 9, 10, 12, 13, 15, 16, 23, 24, 26, 27, 30, 31, 36, 37, 43, 51
23: 0, 7, 10, 11, 44, 50
24: 0, 10, 12, 13, 14, 15, 17, 18, 42, 50
25: 0, 12, 19, 20, 41, 49
26: 0, 12, 13, 14, 15, 16, 21, 22, 40, 48
27: 0, 14, 17, 18, 24, 25, 40, 48
28: 0, 14, 15, 16, 26, 27, 39, 47
29: 0, 15, 16, 17, 18, 19, 21, 22, 29, 30, 39, 46
30: 0, 16, 31, 32
31: 0, 16, 17, 18, 19, 20, 23, 24
32: 0, 17, 26, 27, 34, 35
33: 0, 17, 18, 19, 20, 21
34: 0, 17, 23, 24, 29, 30
35: 0, 17, 18, 19
36: 0, 18, 19, 20, 21, 22, 25, 26
37: 0, 17
38: 0, 17, 18, 19
