0: 
1: 
2: 
3: 
4: 
5: 
6: 
7: 25, 26, 27, 28, 29, 33, 34, 36, 37, 38, 39, 40, 41, 42
8: 17, 18, 19, 46, 47, 48
9: 9, 10, 11, 52
10: 1, 52
11: 0, 52
12: 2, 3, 4, 52
13: 10, 11, 12, 52
14: 18, 46, 47, 48
15: 25, 26, 27, 28, 29, 40, 41, 42
16: 
17: 
18: 20, 23
19: 20, 24
20: 20, 24
21: 19, 23
22: 20, 26, 43, 46, 47, 48
23: 20, 25, 44, 48
24: 20, 24, 25, 26, 45, 49
25: 20, 27, 45, 50
26: 21, 24, 25, 28, 46, 50
27: 21, 28, 48, 51
28: 22, 28, 48, 52
29: 22, 28, 49, 52
30: 23, 33, 49, 52
31: 24, 33, 49, 52
32: 24, 34, 49, 52
33: 25, 34, 44, 45, 49, 52
34: 24, 35, 44, 46, 48, 52
35: 24, 35, 44, 52
36: 23, 35, 45, 52
37: 24, 36, 46, 52
38: 25, 37, 47, 52
