0: 0, 9, 17, 25, 26, 27, 44, 45, 47, 52
1: 0, 9, 17, 28, 44, 45, 48, 52
2: 0, 10, 17, 28, 44, 45, 47, 52
3: 0, 11, 16, 29, 44, 45, 47, 52
4: 0, 14, 15, 28, 43, 45, 47, 52
5: 0, 29, 46, 52
6: 0, 29, 43, 44, 46, 52
7: 0, 28, 43, 44, 46, 52
8: 0, 28, 29, 30, 45, 52
9: 0, 27, 28, 29, 45, 52
10: 0, 27, 29, 30, 45, 52
11: 0, 27, 28, 30, 44, 52
12: 0, 26, 29, 31, 43, 52
13: 0, 26, 29, 30, 31, 32, 43, 52
14: 0, 26, 29, 30, 32, 33, 42, 43, 44, 52
15: 0, 26, 28, 30, 32, 33, 42, 43, 45, 52
16: 0, 25, 31, 32, 44, 52
17: 0, 26, 44, 52
18: 0, 25, 44, 52
19: 0, 26, 45, 52
20: 0, 24, 44, 52
21: 0, 21, 44, 52
22: 0, 20, 44, 52
23: 0, 20, 44, 52
24: 0, 19, 44, 52
25: 0, 20, 43, 52
26: 0, 19, 43, 52
27: 0, 19, 43, 52
28: 0, 20, 42, 52
29: 0, 19, 42, 52
30: 0, 20, 41, 52
31: 0, 21, 41, 52
32: 0, 20, 41, 52
33: 0, 19, 40, 52
34: 0, 18, 39, 52
35: 0, 17, 38, 52
36: 0, 17, 38, 52
37: 0, 16, 37, 52
38: 0, 17, 25, 27, 36, 52
