0: 0, 17, 33, 52
1: 0, 17, 33, 35, 36, 52
2: 0, 18, 33, 34, 36, 52
3: 0, 18, 32, 34, 36, 52
4: 0, 18, 32, 33, 36, 52
5: 0, 17, 31, 32, 36, 52
6: 0, 17, 30, 32, 35, 52
7: 0, 17, 36, 52
8: 0, 17, 30, 31, 35, 52
9: 0, 17, 30, 31, 35, 52
10: 0, 16, 29, 30, 35, 52
11: 0, 17, 29, 30, 35, 52
12: 0, 17, 29, 30, 35, 52
13: 0, 18, 29, 30, 34, 52
14: 0, 18, 29, 30, 34, 52
15: 0, 19, 29, 30, 34, 52
16: 0, 19, 29, 30, 34, 52
17: 0, 19, 29, 30, 34, 52
18: 0, 20, 34, 52
19: 0, 19, 33, 52
20: 0, 20, 33, 52
21: 0, 21, 33, 52
22: 0, 21, 32, 52
23: 0, 21, 32, 52
24: 0, 22, 32, 52
25: 0, 23, 32, 52
26: 0, 23, 31, 52
27: 0, 23, 32, 52
28: 0, 23, 31, 52
29: 0, 22, 31, 52
30: 0, 21, 32, 52
31: 0, 22, 32, 52
32: 0, 21, 33, 52
33: 0, 21, 33, 52
34: 0, 20, 34, 52
35: 0, 21, 34, 52
36: 0, 20, 26, 29, 31, 32, 33, 52
37: 0, 21, 22, 23, 24, 52
38: 0, 52
