0: 32, 51
1: 31, 50
2: 31, 50
3: 31, 50
4: 30, 49
5: 31, 49
6: 31, 48
7: 31, 47, 50, 51
8: 30, 47, 48, 51
9: 26, 27, 28, 51
10: 25, 52
11: 24, 52
12: 24, 31, 34, 52
13: 23, 32, 33, 52
14: 23, 32, 33, 52
15: 24, 52
16: 25, 52
17: 26, 52
18: 27, 52
19: 27, 52
20: 23, 52
21: 22, 52
22: 20, 52
23: 16, 52
24: 14, 52
25: 11, 52
26: 10, 51
27: 10, 44, 45, 46
28: 9, 44
29: 11, 12, 13, 14, 15, 43
30: 15, 20, 21, 44, 50, 51
31: 14, 20, 23, 24, 25, 43, 49, 52
32: 13, 21, 26, 43, 46, 52
33: 12, 21, 27, 51
34: 11, 22, 27, 50
35: 12, 20, 28, 49
36: 12, 17, 29, 47
37: 13, 17, 30, 46
38: 15, 17, 32, 44
