0: 0, 52
1: 0, 52
2: 0, 52
3: 0, 52
4: 0, 52
5: 0, 52
6: 0, 52
7: 0, 52
8: 0, 52
9: 0, 52
10: 0, 52
11: 0, 52
12: 0, 52
13: 0, 38, 39, 52
14: 0, 36, 42, 52
15: 0, 35, 43, 46
16: 0, 34, 43, 46
17: 0, 33, 44, 46
18: 0, 32, 43, 46
19: 0, 30, 44, 47
20: 0, 29, 45, 46
21: 0, 29, 45, 46
22: 0, 28, 45, 47
23: 0, 27, 45, 47
24: 0, 26, 44, 48
25: 0, 25, 34, 38, 39, 40, 41, 42, 43, 49
26: 0, 24, 34, 49
27: 0, 23, 33, 34, 35, 50
28: 0, 22, 33, 50
29: 0, 22, 30, 31, 34, 51
30: 0, 22, 27, 51
31: 0, 22, 27, 52
32: 0, 22, 27, 52
33: 0, 23, 27, 52
34: 0, 24, 26, 52
35: 0, 52
36: 0, 52
37: 0, 52
38: 0, 52
