0: 12, 23
1: 9, 23, 33, 35, 49, 50
2: 7, 23
3: 5, 23
4: 4, 23
5: 5, 23
6: 5, 23
7: 1, 2, 6, 23
8: 3, 4, 8, 23
9: 11, 23
10: 13, 23
11: 14, 23
12: 15, 23, 49, 50
13: 16, 22, 33, 34, 40, 41
14: 17, 22
15: 16, 23
16: 16, 24, 25, 26
17: 8, 9, 15, 25, 26, 27, 41, 42
18: 16, 24, 26, 27
19: 5, 7, 16, 23, 25, 26, 51, 52
20: 4, 8, 17, 23
21: 5, 8, 16, 22
22: 4, 10, 17, 21
23: 4, 10, 16, 20, 49, 51
24: 4, 11, 15, 19
25: 5, 13, 14, 20
26: 5, 21
27: 5, 22, 34, 35
28: 6, 22
29: 6, 22
30: 7, 22
31: 7, 19
32: 8, 19
33: 8, 9, 10, 21
34: 7, 8, 10, 22
35: 12, 23
36: 14, 23
37: 16, 19, 30, 31
38: 
