0: 17, 35
1: 16, 35
2: 16, 34, 37, 38
3: 15, 18, 19, 35
4: 15, 17, 20, 34
5: 14, 18, 19, 35
6: 14, 17, 19, 35
7: 13, 17, 19, 35, 37, 38
8: 13, 18, 19, 35
9: 13, 18, 19, 35
10: 14, 35
11: 13, 35, 37, 38
12: 14, 35
13: 13, 35
14: 16, 34
15: 17, 33
16: 18, 33
17: 19, 33, 35, 36
18: 20, 33
19: 20, 33
20: 20, 33
21: 20, 32
22: 20, 33, 35, 36
23: 19, 32
24: 17, 33
25: 17, 34
26: 18, 34
27: 19, 32
28: 18, 33, 35, 36
29: 17, 18, 19, 33
30: 18, 34
31: 20, 33
32: 20, 31
33: 21, 30
34: 23, 28
35: 
36: 
37: 
38: 
