0: 0, 9, 10, 42
1: 0, 10, 11, 42
2: 1, 4, 5, 41
3: 0, 2, 3, 40
4: 1, 3, 4, 5, 6, 39
5: 1, 2, 4, 5, 7, 8, 9, 39
6: 0, 2, 4, 5, 8, 10, 11, 38
7: 1, 2, 3, 4, 10, 37
8: 0, 2, 4, 5, 10, 37
9: 11, 37
10: 11, 33, 46, 47
11: 11, 31
12: 10, 30
13: 11, 31
14: 10, 31
15: 11, 31
16: 10, 33, 48, 49
17: 11, 34, 39, 40, 43, 44, 50, 51
18: 11, 33
19: 11, 33
20: 11, 33, 46, 47
21: 11, 33, 49, 50
22: 11, 32, 40, 41
23: 11, 33, 42, 43
24: 12, 30, 34, 35, 44, 45, 47, 48
25: 12, 31, 36, 37, 49, 50
26: 13, 31, 40, 41
27: 14, 31, 43, 44, 47, 48
28: 15, 31, 49, 50
29: 16, 30, 32, 33, 37, 38, 40, 41, 44, 45
30: 18, 30, 47, 48
31: 20, 28, 34, 35, 42, 43, 45, 46, 49, 50
32: 39, 40, 51, 52
33: 29, 30, 36, 37, 44, 45, 47, 48, 49, 50
34: 40, 41
35: 32, 33, 42, 43, 45, 46, 47, 48, 50, 51
36: 35, 36, 38, 39
37: 41, 42, 44, 45, 47, 48, 49, 50, 51, 52
38: 
