0: 8, 9, 11, 13, 21, 22, 23, 24, 25, 52
1: 8, 10, 11, 12, 20, 21, 23, 52
2: 8, 10, 11, 13, 22, 23, 24, 52
3: 6, 16, 20, 21, 23, 52
4: 3, 4, 5, 18, 23, 24, 25, 52
5: 3, 17, 20, 21, 22, 52
6: 3, 18, 21, 22, 24, 52
7: 3, 18, 20, 21, 22, 52
8: 4, 17, 19, 20, 22, 23, 24, 52
9: 5, 17, 18, 19, 20, 52
10: 5, 17, 20, 21, 22, 23, 24, 52
11: 6, 17, 19, 21, 22, 52
12: 6, 16, 18, 19, 21, 52
13: 7, 16, 18, 19, 20, 22, 23, 52
14: 3, 4, 7, 16, 17, 18, 20, 21, 22, 52
15: 3, 6, 8, 16, 18, 19, 20, 52
16: 2, 3, 4, 6, 8, 15, 17, 18, 19, 21, 22, 52
17: 0, 1, 3, 6, 8, 15, 17, 18, 19, 20, 21, 52
18: 0, 6, 8, 15, 16, 17, 19, 20, 21, 52
19: 0, 7, 8, 14, 18, 19, 20, 52
20: 0, 7, 8, 9, 10, 14, 15, 16, 18, 19, 20, 52
21: 0, 14, 17, 18, 20, 52
22: 1, 14, 19, 52
23: 1, 14, 16, 17, 18, 19, 20, 52
24: 2, 14, 19, 20, 21, 52
25: 3, 14, 17, 18, 19, 52
26: 4, 12, 18, 52
27: 4, 12, 16, 17, 18, 19, 20, 52
28: 3, 10, 19, 51
29: 4, 9, 16, 17, 18, 52
30: 3, 10, 18, 19, 20, 52
31: 2, 9, 15, 16, 17, 18, 19, 52
32: 2, 9, 18, 19, 20, 52
33: 2, 8, 17, 18, 19, 51
34: 1, 2, 3, 5, 9, 10, 15, 16, 18, 19, 20, 52
35: 13, 14, 18, 19, 20, 52
36: 17, 18, 19, 52
37: 10, 11, 12, 13, 14, 15, 16, 17, 19, 20, 21, 52
38: 18, 19, 20, 52
