0: 8, 12, 24, 35
1: 8, 12, 24, 35
2: 7, 12, 24, 35
3: 7, 11, 25, 35, 51, 52
4: 6, 11, 25, 35, 51, 52
5: 6, 11, 25, 35, 50, 52
6: 6, 10, 25, 34, 49, 52
7: 5, 11, 26, 34, 49, 51
8: 5, 10, 27, 34, 48, 50
9: 5, 10, 27, 34, 48, 50
10: 5, 10, 28, 34, 47, 49
11: 4, 10, 28, 35, 47, 49
12: 5, 10, 28, 37, 46, 48
13: 4, 10, 28, 42, 45, 47
14: 4, 10, 28, 43, 45, 47
15: 4, 10, 28, 37, 38, 46
16: 4, 10, 28, 38, 39, 45
17: 4, 10, 28, 39, 41, 45
18: 4, 10, 28, 38, 40, 44
19: 4, 10, 28, 41
20: 4, 10, 28, 34, 35, 40
21: 4, 10, 28, 39
22: 4, 10, 27, 37
23: 4, 12, 26, 34
24: 3, 15, 25, 35
25: 2, 7, 8, 9, 10, 11, 12, 18, 19, 20, 21, 34
26: 3, 5, 15, 35
27: 25, 35
28: 26, 35
29: 26, 36
30: 26, 36
31: 26, 35
32: 27, 36
33: 28, 34, 35, 37
34: 30, 32
35: 
36: 
37: 
38: 
