0: 0, 6, 23, 52
1: 0, 7, 24, 52
2: 0, 7, 23, 52
3: 0, 8, 23, 52
4: 0, 8, 23, 52
5: 0, 9, 23, 52
6: 0, 9, 22, 52
7: 0, 10, 23, 52
8: 0, 10, 22, 52
9: 0, 11, 22, 52
10: 0, 11, 22, 52
11: 0, 11, 22, 52
12: 0, 12, 21, 52
13: 0, 13, 21, 52
14: 0, 13, 21, 52
15: 0, 13, 21, 52
16: 0, 13, 22, 52
17: 0, 13, 21, 52
18: 0, 12, 22, 52
19: 0, 12, 21, 52
20: 0, 12, 21, 52
21: 0, 5, 6, 7, 8, 10, 21, 52
22: 0, 5, 21, 52
23: 0, 5, 21, 52
24: 0, 5, 21, 52
25: 0, 5, 23, 52
26: 0, 6, 25, 52
27: 0, 6, 10, 11, 26, 52
28: 0, 6, 28, 52
29: 0, 7, 30, 52
30: 0, 7, 31, 52
31: 0, 10, 31, 52
32: 0, 9, 20, 21, 32, 52
33: 0, 10, 20, 24, 35, 52
34: 0, 10, 20, 21, 22, 26, 34, 52
35: 0, 9, 19, 22, 24, 27, 28, 29, 30, 52
36: 0, 8, 19, 24, 26, 52
37: 0, 9, 20, 26, 27, 52
38: 0, 9, 19, 27, 29, 52
