0: 25, 41
1: 25, 41
2: 26, 42
3: 26, 41
4: 23, 24, 27, 42
5: 23, 24, 26, 42, 47, 48
6: 18, 19, 23, 24, 27, 42, 47, 48
7: 18, 19, 22, 25, 27, 43, 47, 48
8: 17, 20, 23, 25, 27, 43, 47, 49, 51, 52
9: 18, 20, 22, 26, 27, 43, 46, 49
10: 1, 2, 13, 14, 17, 20, 22, 26, 28, 44, 46, 49, 51, 52
11: 1, 3, 8, 9, 13, 14, 18, 21, 23, 26, 27, 44, 46, 50, 51, 52
12: 1, 3, 7, 9, 13, 15, 17, 21, 23, 25, 27, 44, 46, 49, 51, 52
13: 1, 4, 8, 9, 13, 15, 18, 20, 23, 43, 47, 49, 51, 52
14: 2, 5, 7, 10, 13, 16, 18, 24, 25, 26, 27, 49
15: 1, 5, 8, 10, 13, 16, 19, 22, 27, 42, 43, 44, 45, 52
16: 1, 5, 7, 11, 13, 17, 18, 20, 28, 41, 51, 52
17: 2, 5, 7, 11, 13, 16, 18, 19, 28, 40
18: 3, 4, 8, 11, 14, 16, 17, 19, 29, 40
19: 0, 6, 9, 11, 14, 17, 31, 39
20: 1, 10, 14, 17, 25, 27, 33, 37
21: 6, 11, 13, 15, 24, 28, 30, 36
22: 9, 15, 25, 36, 37, 38
23: 11, 13, 25, 39
24: 25, 40
25: 24, 25, 26, 41
26: 22, 41
27: 23, 43
28: 23, 41
29: 23, 40
30: 24, 40
31: 26, 40
32: 26, 40
33: 26, 40
34: 27, 39
35: 28, 38
36: 30, 36
37: 
38: 
