0: 19, 33
1: 19, 33
2: 19, 33
3: 20, 32
4: 20, 32
5: 20, 32
6: 21, 31
7: 21, 31
8: 22, 31
9: 21, 30
10: 20, 30
11: 19, 30
12: 20, 31, 32, 35, 36, 37
13: 16, 30, 31, 40, 41, 42
14: 15, 43
15: 14, 33, 35, 37, 38, 41
16: 13, 33, 40, 41
17: 11, 12, 13, 17, 19, 33, 39, 42
18: 9, 16, 18, 33, 38, 42
19: 10, 11, 12, 14, 19, 32, 38, 43
20: 12, 15, 20, 32, 37, 43
21: 11, 15, 19, 32, 37, 38, 39, 43
22: 10, 16, 19, 31, 39, 42
23: 11, 16, 21, 30, 38, 40, 41, 42
24: 11, 15, 21, 30, 39, 41
25: 10, 16, 21, 30, 39, 40
26: 11, 14, 15, 16, 21, 31
27: 11, 14, 15, 16, 21, 31
28: 12, 13, 21, 32
29: 12, 13, 22, 31
30: 12, 14, 22, 31
31: 13, 14, 23, 32
32: 21, 32
33: 20, 32
34: 20, 27, 28, 33
35: 21, 25, 31, 32
36: 21, 22
37: 
38: 
