0: 3, 8, 20, 31
1: 3, 8, 20, 30
2: 2, 7, 20, 31, 49, 50
3: 2, 7, 20, 30, 47, 50
4: 2, 7, 21, 31, 47, 50
5: 1, 7, 21, 30, 46, 49
6: 1, 6, 22, 30, 45, 47
7: 1, 7, 22, 30, 45, 47
8: 1, 6, 23, 30, 44, 46
9: 0, 7, 24, 30, 44, 46
10: 1, 6, 24, 30, 43, 45
11: 0, 6, 24, 29, 42, 44
12: 0, 6, 24, 32, 33, 34, 35, 37, 41, 43
13: 0, 6, 24, 38, 40, 42
14: 0, 6, 24, 39, 40, 42
15: 0, 6, 24, 33, 35, 41
16: 0, 6, 24, 34, 36, 40
17: 0, 6, 23, 33, 35, 39
18: 0, 6, 24, 37
19: 0, 6, 23, 35
20: 0, 7, 23, 34
21: 0, 9, 23, 32
22: 0, 11, 21, 29
23: 9, 14, 15, 17, 18, 28
24: 0, 1, 11, 29
25: 20, 29
26: 21, 30
27: 20, 29
28: 21, 30
29: 21, 30
30: 21, 30
31: 21, 30
32: 22, 31
33: 24, 27
34: 
35: 
36: 
37: 
38: 
