0: 0, 14, 15, 16, 17, 20, 36, 52
1: 0, 15, 16, 19, 37, 52
2: 0, 15, 16, 20, 36, 52
3: 0, 15, 17, 20, 36, 52
4: 0, 20, 36, 52
5: 0, 15, 17, 21, 36, 52
6: 0, 15, 16, 21, 36, 52
7: 0, 15, 17, 22, 36, 52
8: 0, 22, 36, 52
9: 0, 15, 17, 22, 37, 52
10: 0, 16, 17, 23, 39, 52
11: 0, 16, 17, 24, 41, 52
12: 0, 16, 17, 25, 42, 52
13: 0, 17, 18, 24, 42, 52
14: 0, 16, 17, 23, 43, 52
15: 0, 16, 17, 22, 43, 52
16: 0, 16, 18, 21, 25, 26, 43, 52
17: 0, 16, 17, 20, 43, 52
18: 0, 16, 17, 19, 24, 25, 42, 52
19: 0, 17, 18, 19, 23, 25, 42, 47, 49, 52
20: 0, 16, 21, 26, 44, 45, 48, 52
21: 0, 17, 21, 26, 48, 52
22: 0, 16, 20, 27, 40, 42, 50, 52
23: 0, 17, 21, 28, 41, 52
24: 0, 17, 20, 25, 26, 29, 42, 52
25: 0, 16, 20, 24, 27, 29, 36, 38, 42, 52
26: 0, 17, 20, 23, 28, 31, 32, 33, 34, 40, 44, 52
27: 0, 16, 20, 21, 29, 42, 45, 52
28: 0, 16, 19, 21, 30, 52
29: 0, 16, 30, 52
30: 0, 16, 30, 52
31: 0, 15, 16, 17, 30, 52
32: 0, 15, 29, 52
33: 0, 17, 20, 21, 29, 52
34: 0, 20, 29, 52
35: 0, 19, 30, 52
36: 0, 19, 30, 52
37: 0, 19, 31, 52
38: 0, 18, 30, 52
