0: 0, 52
1: 0, 52
2: 0, 52
3: 0, 52
4: 0, 52
5: 0, 52
6: 0, 52
7: 0, 52
8: 0, 52
9: 0, 52
10: 0, 52
11: 0, 20, 23, 52
12: 0, 21, 24, 52
13: 0, 22, 27, 52
14: 0, 23, 31, 52
15: 0, 25, 32, 33, 34, 52
16: 0, 27, 33, 52
17: 0, 28, 35, 36, 37, 52
18: 0, 29, 36, 52
19: 0, 30, 38, 52
20: 0, 32, 38, 39, 40, 52
21: 0, 33, 39, 40, 41, 52
22: 0, 34, 40, 52
23: 0, 35, 41, 42, 43, 51
24: 0, 35, 42, 50
25: 0, 36, 43, 44, 45, 48
26: 0, 36, 43, 46
27: 0, 32
28: 0, 30
29: 0, 28
30: 0, 29
31: 0, 29
32: 0, 28
33: 0, 28
34: 0, 28
35: 0, 28
36: 0, 28
37: 0, 29
38: 0, 30
