0: 13, 25
1: 11, 25
2: 6, 7, 9, 25
3: 5, 25
4: 6, 25
5: 7, 24
6: 7, 25
7: 7, 9, 10, 24
8: 7, 8, 9, 10, 12, 24
9: 14, 24
10: 15, 24, 41, 42
11: 16, 24, 43, 44
12: 17, 24
13: 18, 24
14: 18, 23
15: 17, 24
16: 12, 13, 17, 26, 28, 29
17: 17, 28, 35, 36
18: 7, 9, 17, 23, 24, 26, 28, 29
19: 6, 11, 18, 24, 25, 26, 28, 29
20: 7, 11, 17, 24
21: 6, 13, 18, 24
22: 7, 13, 18, 22
23: 6, 15, 18, 21, 28, 29, 45, 46, 50, 52
24: 6, 20
25: 7, 22
26: 7, 22
27: 7, 23, 33, 34
28: 5, 6, 8, 23
29: 8, 23, 50, 51
30: 9, 22
31: 9, 21
32: 9, 10, 11, 22
33: 11, 23
34: 13, 23
35: 15, 24
36: 17, 24
37: 
38: 
