0: 0, 42
1: 0, 44
2: 0, 44, 45, 46
3: 0, 46
4: 0, 46, 47, 48
5: 0, 47, 48, 49
6: 0, 48, 49, 50
7: 0, 48, 49, 50
8: 0, 50, 51, 52
9: 0, 51
10: 0, 52
11: 0, 52
12: 0, 52
13: 0, 52
14: 0, 52
15: 0, 52
16: 0, 52
17: 0, 52
18: 0, 52
19: 0, 25, 28, 52
20: 0, 24, 29, 52
21: 0, 24, 29, 52
22: 0, 25, 29, 52
23: 0, 26, 27, 52
24: 0, 52
25: 0, 52
26: 0, 52
27: 0, 52
28: 0, 52
29: 0, 52
30: 0, 52
31: 0, 52
32: 0, 52
33: 0, 52
34: 0, 52
35: 0, 25, 30, 31, 32, 52
36: 0, 23, 35, 52
37: 0, 23, 37, 52
38: 0, 23, 37, 52
