0: 19, 33
1: 19, 33
2: 19, 33
3: 20, 32
4: 20, 32
5: 20, 32
6: 21, 31
7: 21, 31
8: 21, 30
9: 21, 30
10: 20, 30
11: 19, 30, 35, 38, 39, 42, 43, 44
12: 19, 30, 31, 42, 43, 44
13: 17, 30, 31, 39, 40, 42
14: 15, 33, 34, 35, 40, 41, 42, 43
15: 13, 33, 40, 44
16: 10, 17, 18, 33, 39, 43
17: 8, 15, 18, 33, 39, 44
18: 11, 12, 18, 33, 40, 43
19: 10, 14, 19, 32, 40, 42
20: 10, 14, 19, 32
21: 9, 14, 19, 31
22: 10, 14, 20, 30
23: 9, 14, 20, 30
24: 9, 14, 21, 30
25: 9, 10, 11, 13, 21, 30
26: 10, 13, 21, 31
27: 11, 12, 21, 31
28: 21, 32
29: 22, 32
30: 22, 32
31: 23, 32
32: 21, 22, 23, 32
33: 21, 32
34: 21, 27, 28, 33
35: 21, 26
36: 22, 23
37: 
38: 
