0: 39, 52
1: 40, 52
2: 40, 52
3: 41, 52
4: 41, 51
5: 42, 50
6: 42, 50
7: 31, 32, 43, 50
8: 41, 49, 50, 52
9: 41, 52
10: 41, 52
11: 42, 52
12: 22, 23, 41, 51
13: 21, 24, 41, 51
14: 24, 25, 40, 50
15: 17, 18, 24, 25, 40, 50
16: 2, 3, 4, 14, 15, 19, 20, 22, 23, 24, 39, 49
17: 0, 24, 31, 32, 33, 34, 35, 49
18: 0, 13, 14, 15, 16, 48
19: 20, 47
20: 22, 26, 27, 29, 30, 31, 32, 33, 34, 35, 41, 47
21: 11, 12, 40, 48
22: 40, 47
23: 39, 48
24: 38, 48
25: 37, 47, 50, 51
26: 37, 47
27: 37, 47
28: 38, 46
29: 38, 46
30: 40, 44
31: 
32: 
33: 
34: 
35: 
36: 
37: 
38: 
