0: 0, 52
1: 0, 52
2: 0, 52
3: 0, 52
4: 0, 52
5: 0, 52
6: 0, 52
7: 0, 52
8: 0, 52
9: 0, 52
10: 0, 52
11: 0, 52
12: 0, 52
13: 0, 20, 21, 22, 24, 25, 26, 28, 31, 32, 33, 52
14: 0, 16, 23, 29, 36, 52
15: 0, 12, 21, 30, 39, 52
16: 0, 8, 9, 10, 21, 31, 42, 52
17: 0, 5, 21, 31, 45, 52
18: 0, 1, 21, 32, 48, 49, 50, 52
19: 20, 32
20: 0, 5, 21, 31, 48, 52
21: 0, 8, 21, 31, 45, 52
22: 0, 11, 22, 30, 41, 52
23: 0, 14, 23, 29, 38, 52
24: 0, 17, 25, 26, 27, 28, 35, 52
25: 0, 21, 22, 23, 29, 30, 31, 52
26: 0, 52
27: 0, 52
28: 0, 52
29: 0, 52
30: 0, 52
31: 0, 52
32: 0, 52
33: 0, 52
34: 0, 52
35: 0, 52
36: 0, 52
37: 0, 52
38: 0, 52
