0: 0, 6, 31, 52
1: 0, 6, 32, 52
2: 0, 6, 32, 52
3: 0, 5, 32, 52
4: 0, 5, 32, 51
5: 0, 5, 33, 50
6: 0, 5, 33, 50
7: 0, 5, 33, 49
8: 0, 5, 33, 49
9: 0, 4, 34, 48
10: 0, 4, 34, 47
11: 0, 4, 32, 47
12: 0, 4, 31, 47
13: 0, 4, 32, 47
14: 0, 4, 31, 48
15: 0, 7, 28, 50
16: 0, 9, 24, 32, 33, 50
17: 1, 2, 4, 5, 6, 11, 19, 29, 33, 44, 46, 51
18: 8, 25, 33, 36, 37, 44, 47, 51
19: 11, 19, 20, 21, 33, 36, 37, 44, 46, 50
20: 33, 44, 46, 50
21: 33, 44, 46, 50
22: 33, 50
23: 33, 49
24: 32, 50
25: 33, 50
26: 33, 49
27: 33, 48
28: 33, 48
29: 33, 48
30: 34, 48
31: 34, 47
32: 35, 47
33: 35, 47
34: 35, 48
35: 35, 48
36: 35, 46
37: 33, 48, 49, 50
38: 35, 52
