0: 0, 9
1: 0, 10
2: 0, 10
3: 0, 10
4: 0, 9
5: 0, 10
6: 0, 10
7: 0, 10
8: 0, 9
9: 0, 10
10: 0, 10, 43, 44
11: 0, 10, 33, 35, 39, 45
12: 0, 9, 25, 26, 30, 31, 32, 36, 37, 45
13: 0, 10, 30, 45
14: 0, 10, 21, 44
15: 0, 10, 19, 23, 24, 25, 29, 38, 41, 42
16: 0, 9, 30, 31, 32, 36
17: 0, 10, 31, 36
18: 0, 10, 30, 35
19: 0, 10, 31, 35
20: 0, 9, 30, 34
21: 0, 10, 29, 33
22: 0, 10, 28, 34
23: 0, 10, 28, 29, 30, 33
24: 0, 9
25: 0, 10
26: 0, 10
27: 0, 10
28: 0, 9
29: 0, 10
30: 0, 10
31: 0, 10
32: 0, 9
33: 0, 10
34: 0, 10
35: 0, 10
36: 0, 9
37: 0, 10
38: 0, 10
