0: 19, 21, 27, 29
1: 20, 21, 27, 28
2: 19, 21, 27, 29
3: 20, 21, 27, 28, 48, 49
4: 19, 22, 27, 28, 46, 48
5: 20, 21, 26, 28, 45, 46
6: 20, 28, 44, 45
7: 20, 29, 43, 44
8: 20, 31, 42, 43
9: 19, 32, 41, 42
10: 20, 32, 40, 41
11: 2, 5, 6, 7, 8, 9, 20, 32, 39, 40
12: 6, 8, 20, 29, 31, 33, 38, 39
13: 6, 10, 20, 32, 36, 37
14: 7, 10, 12, 18, 21, 28, 35, 36
15: 6, 9, 15, 16, 17, 27, 34, 35
16: 7, 10, 18, 27, 33, 34
17: 6, 9, 17, 20, 22, 30, 32, 34
18: 6, 10, 15, 17, 19, 21, 22, 26, 29, 32
19: 5, 10, 20, 21, 22, 26, 30, 32
20: 6, 10, 20, 26, 27, 28, 29, 31
21: 7, 9, 21, 30
22: 7, 10, 20, 29
23: 7, 9, 21, 29
24: 7, 9, 22, 27
25: 23, 25
26: 22, 27
27: 21, 27
28: 21, 28
29: 21, 29
30: 22, 29
31: 26, 28, 38, 42
32: 37, 42
33: 37, 42
34: 36, 44
35: 27, 28, 32, 34, 37, 44
36: 34, 43
37: 
38: 
