0: 14, 27
1: 6, 7, 13, 27, 32, 33
2: 11, 27, 33, 34
3: 10, 27
4: 8, 27
5: 7, 26
6: 8, 27, 28, 29
7: 9, 27
8: 11, 26
9: 14, 27, 45, 46
10: 16, 26
11: 18, 27
12: 19, 26
13: 20, 26
14: 21, 26
15: 20, 27
16: 20, 28, 29, 30, 31, 32
17: 19, 30, 31, 32
18: 20, 26, 27, 29, 31, 32
19: 20, 26, 27, 28, 30, 31
20: 10, 12, 20, 27, 49, 50
21: 10, 14, 20, 26
22: 10, 16, 20, 25
23: 10, 16, 20, 24
24: 10, 23
25: 10, 24, 35, 36
26: 10, 24
27: 10, 26
28: 11, 26, 28, 29
29: 11, 25
30: 12, 25, 50, 51
31: 13, 25
32: 14, 27
33: 4, 5, 14, 27, 50, 51
34: 16, 28
35: 17, 29
36: 19, 29, 36, 37
37: 23, 24, 25, 26
38: 
