0: 27, 35, 36, 37
1: 26, 37
2: 26, 38
3: 25, 37
4: 24, 38
5: 23, 37
6: 22, 38
7: 22, 37
8: 22, 36
9: 22, 36
10: 23, 36
11: 22, 38
12: 23, 37
13: 23, 36
14: 23, 33, 34, 38
15: 23, 38
16: 23, 39, 40, 44
17: 23, 31, 32, 45
18: 9, 12, 23, 31, 32, 45
19: 0, 1, 6, 16, 17, 18, 23, 45, 46, 47, 50, 51
20: 0, 52
21: 0, 52
22: 1, 2, 3, 4, 5, 6, 11, 14, 15, 16, 17, 18, 19, 20, 21, 35, 45, 46, 47, 48, 49, 52
23: 21, 30, 33, 34
24: 21, 24, 26, 27
25: 20, 24
26: 20, 24
27: 20, 24
28: 20, 23
29: 19, 23
30: 19, 22
31: 19, 22
32: 19, 22
33: 19, 22
34: 19, 21
35: 18, 21
36: 18, 21
37: 17, 21
38: 17, 20, 47, 52
