0: 6, 19, 34, 52
1: 7, 19, 34, 50
2: 7, 18, 34, 50
3: 8, 18, 34, 48
4: 9, 18, 34, 48
5: 9, 18, 34, 46
6: 10, 18, 34, 43
7: 11, 21, 31, 41
8: 12, 23, 28, 40
9: 12, 25, 27, 40
10: 12, 19, 21, 25, 27, 31, 32, 40
11: 2, 3, 12, 21, 24, 28, 31, 40
12: 0, 2, 3, 4, 12, 22, 24, 27, 29, 40
13: 0, 6, 7, 9, 10, 11, 12, 40, 45, 46
14: 0, 21, 22, 29, 32, 43, 44, 45, 48, 49, 50, 51
15: 0, 20, 24, 28, 31, 40, 42, 52
16: 0, 12, 13, 21, 24, 28, 31, 52
17: 0, 20, 25, 27, 32, 39, 40, 52
18: 0, 20, 25, 27, 32, 52
19: 0, 19, 33, 52
20: 0, 19, 33, 52
21: 1, 20, 32, 52
22: 4, 21, 31, 52
23: 6, 23, 29, 52
24: 9, 23, 29, 47, 48, 49
25: 10, 24, 28, 42
26: 11, 24, 28, 41
27: 12, 23, 29, 40
28: 13, 23, 29, 39
29: 14, 22, 31, 38
30: 15, 24, 30, 37
31: 18, 23, 29, 32
32: 18, 23, 28, 31
33: 18, 19, 21, 23, 29, 31
34: 22, 24, 28, 30
35: 23, 24
36: 23, 25
37: 
38: 
