0: 0, 31, 50, 52
1: 0, 30, 49, 52
2: 0, 31, 49, 52
3: 0, 31, 48, 52
4: 0, 30, 48, 52
5: 0, 26, 27, 31, 47, 52
6: 0, 25, 27, 31, 47, 52
7: 0, 25, 26, 32, 46, 52
8: 0, 24, 27, 32, 46, 52
9: 0, 24, 27, 30, 31, 33, 45, 52
10: 0, 24, 27, 29, 30, 34, 46, 52
11: 0, 24, 27, 29, 30, 34, 45, 52
12: 0, 25, 27, 28, 31, 34, 45, 52
13: 0, 24, 27, 29, 31, 33, 44, 52
14: 0, 25, 27, 28, 44, 45, 46, 52
15: 0, 25, 27, 28, 45, 52
16: 0, 25, 45, 52
17: 0, 25, 45, 52
18: 0, 22, 45, 52
19: 0, 21, 44, 52
20: 0, 20, 44, 52
21: 0, 21, 44, 52
22: 0, 20, 44, 52
23: 0, 20, 43, 52
24: 0, 20, 43, 52
25: 0, 20, 43, 52
26: 0, 20, 42, 52
27: 0, 21, 42, 52
28: 0, 21, 42, 52
29: 0, 20, 41, 52
30: 0, 19, 41, 52
31: 0, 18, 40, 52
32: 0, 17, 39, 52
33: 0, 17, 39, 52
34: 0, 17, 38, 52
35: 0, 19, 25, 27, 38, 52
36: 0, 30, 36, 52
37: 0, 31, 34, 52
38: 0, 52
