0: 20, 28, 46, 49
1: 20, 29, 37, 40, 45, 48
2: 20, 29, 31, 32, 33, 34, 35, 40, 44, 48
3: 20, 40, 43, 47
4: 20, 42, 43, 46
5: 20, 45
6: 19, 44
7: 19, 34, 38, 44
8: 19, 35, 38, 44
9: 18, 34, 37, 42
10: 18, 34, 35, 40
11: 18, 39
12: 18, 37
13: 18, 28, 29, 36
14: 17, 36
15: 17, 34
16: 17, 33
17: 15, 29
18: 14, 27
19: 12, 25
20: 13, 25
21: 10, 26
22: 0, 26
23: 0, 27
24: 0, 9, 10, 11, 14, 27
25: 12, 27
26: 11, 28
27: 12, 27
28: 13, 27
29: 14, 28
30: 13, 28
31: 13, 28
32: 13, 27
33: 14, 27
34: 14, 28
35: 15, 29
36: 17, 23, 26, 29
37: 19, 21
38: 
