0: 0, 21, 45, 52
1: 0, 21, 45, 52
2: 0, 21, 45, 52
3: 0, 21, 45, 52
4: 0, 22, 45, 52
5: 0, 23, 25, 26, 45, 52
6: 0, 23, 24, 25, 44, 52
7: 0, 23, 45, 52
8: 0, 23, 44, 52
9: 0, 23, 25, 26, 45, 52
10: 0, 24, 26, 27, 44, 52
11: 0, 24, 25, 27, 44, 52
12: 0, 24, 26, 27, 44, 52
13: 0, 24, 44, 52
14: 0, 25, 29, 30, 45, 52
15: 0, 24, 29, 31, 45, 52
16: 0, 23, 29, 31, 45, 52
17: 0, 23, 28, 32, 45, 52
18: 0, 24, 28, 32, 46, 52
19: 0, 24, 27, 32, 45, 52
20: 0, 25, 28, 31, 45, 52
21: 0, 26, 27, 31, 46, 52
22: 0, 25, 27, 31, 45, 52
23: 0, 26, 27, 31, 45, 52
24: 0, 26, 28, 31, 45, 52
25: 0, 26, 27, 31, 45, 52
26: 0, 26, 28, 30, 44, 52
27: 0, 26, 28, 31, 44, 52
28: 0, 26, 28, 31, 44, 52
29: 0, 26, 28, 31, 43, 52
30: 0, 27, 28, 32, 41, 52
31: 0, 26, 29, 34, 38, 39, 40, 52
32: 0, 52
33: 0, 10, 12, 52
34: 0, 10, 12, 52
35: 0, 52
36: 0, 52
37: 0, 52
38: 0, 52
