0: 12, 20, 27, 33
1: 1, 4, 14, 21, 22, 23, 27, 32
2: 0, 3, 14, 21, 22, 24, 26, 32
3: 0, 3, 15, 32
4: 0, 2, 7, 8, 15, 21, 22, 33
5: 0, 3, 7, 9, 15, 21, 22, 36
6: 0, 2, 7, 9, 15, 21, 22, 38
7: 0, 2, 6, 10, 16, 37
8: 0, 2, 5, 12, 16, 38, 48, 50, 51, 52
9: 0, 3, 4, 43, 47, 52
10: 0, 44, 46, 52
11: 0, 52
12: 1, 52
13: 2, 52
14: 3, 43, 51, 52
15: 4, 40
16: 4, 6, 9, 39
17: 10, 39
18: 9, 40
19: 10, 40
20: 10, 41
21: 10, 41
22: 13, 41
23: 13, 42
24: 12, 42
25: 12, 42
26: 12, 42
27: 13, 42
28: 14, 42
29: 12, 42
30: 11, 41
31: 11, 41, 45, 46
32: 11, 40, 43, 51
33: 9, 39, 41, 52
34: 0, 2, 3, 38, 41, 52
35: 0, 2, 4, 37, 39, 52
36: 0, 2, 4, 36, 39, 52
37: 0, 36, 39, 52
38: 0, 35, 38, 52
