0: 0, 20, 35, 52
1: 0, 20, 34, 52
2: 0, 20, 34, 52
3: 0, 20, 34, 52
4: 0, 21, 33, 52
5: 0, 20, 32, 52
6: 0, 21, 32, 52
7: 0, 21, 31, 52
8: 0, 21, 31, 52
9: 0, 21, 30, 52
10: 0, 22, 30, 52
11: 0, 21, 29, 52
12: 0, 21, 30, 52
13: 0, 21, 30, 52
14: 0, 22, 31, 52
15: 0, 22, 31, 52
16: 0, 15, 17, 22, 31, 37, 38, 52
17: 0, 14, 19, 22, 31, 35, 39, 52
18: 0, 15, 31, 34, 40, 52
19: 0, 15, 42, 52
20: 0, 15, 43, 52
21: 0, 16, 36, 38, 44, 47, 48, 52
22: 0, 16, 35, 36, 37, 39, 49, 52
23: 0, 16, 39, 40, 48, 52
24: 0, 17, 46, 52
25: 0, 19, 35, 36, 37, 40, 41, 42, 44, 52
26: 0, 22, 31, 52
27: 0, 22, 34, 52
28: 0, 22, 32, 33, 35, 36, 37, 52
29: 0, 22, 32, 35, 37, 38, 39, 52
30: 0, 22, 32, 38, 39, 52
31: 0, 22, 32, 52
32: 0, 21, 31, 52
33: 0, 21, 32, 52
34: 0, 22, 32, 52
35: 0, 22, 33, 52
36: 0, 24, 31, 52
37: 0, 25, 27, 52
38: 0, 25, 27, 52
