0: 0, 21
1: 0, 22
2: 0, 22
3: 0, 22
4: 0, 21
5: 0, 20
6: 0, 20
7: 0, 19, 25, 26, 27, 28
8: 0, 18, 25, 28
9: 0, 17, 24, 29
10: 0, 17, 23, 29
11: 0, 16, 22, 29
12: 0, 16, 21, 30, 33, 36
13: 0, 15, 22, 30, 34, 36
14: 0, 14, 22, 30, 34, 36
15: 0, 14, 22, 30, 34, 35
16: 0, 15, 22, 31
17: 0, 16, 21, 30
18: 0, 18, 21, 31
19: 0, 18, 20, 31
20: 0, 18, 20, 31
21: 0, 17, 19, 31
22: 0, 17, 19, 31
23: 0, 17, 19, 29
24: 0, 29
25: 0, 26
26: 0, 25
27: 0, 26, 27, 28
28: 0, 29
29: 0, 29
30: 0, 30
31: 0, 31
32: 0, 31
33: 0, 32
34: 0, 32
35: 0, 33, 51, 52
36: 0, 34, 50, 52
37: 0, 35, 48, 52
38: 0, 38, 46, 52
