0: 17, 35
1: 17, 34
2: 17, 19, 20, 32, 33, 34
3: 17, 19, 20, 34
4: 18, 20, 21, 33
5: 18, 34
6: 18, 20, 21, 33
7: 18, 21, 22, 30, 31, 33
8: 19, 21, 22, 33
9: 19, 32
10: 19, 32
11: 20, 33
12: 19, 33
13: 0, 1, 10, 11, 19, 32, 50, 52
14: 0, 1, 10, 14, 19, 33, 37, 38, 48, 52
15: 0, 1, 2, 4, 7, 8, 10, 16, 19, 32, 35, 40, 46, 48, 49, 52
16: 0, 1, 3, 5, 7, 9, 11, 13, 14, 17, 20, 32, 34, 40, 41, 42, 44, 45, 46, 50
17: 0, 6, 7, 9, 12, 18, 19, 39, 41, 42, 43, 46, 47, 49
18: 1, 5, 7, 9, 11, 14, 15, 16, 17, 32, 33, 34, 38, 43, 44, 48
19: 3, 5, 7, 11, 21, 31, 40, 43, 45, 46
20: 4, 6, 7, 10, 21, 31, 42, 45
21: 5, 7, 22, 29, 34, 36
22: 24, 28, 33, 36
23: 23, 28, 29, 30, 33, 36
24: 22, 30, 33, 36
25: 21, 32, 33, 36
26: 21, 31, 32, 35
27: 19, 31, 32, 35
28: 20, 36
29: 21, 35
30: 20, 35
31: 21, 34
32: 21, 33
33: 21, 31
34: 22, 30
35: 
36: 
37: 
38: 
