0: 14, 30
1: 13, 30
2: 12, 29
3: 10, 29
4: 10, 29
5: 11, 28
6: 11, 28
7: 13, 28
8: 16, 28
9: 17, 27
10: 19, 28
11: 19, 27
12: 21, 27, 29, 30
13: 21, 27, 28, 29, 30, 31
14: 22, 27, 28, 29, 31, 32
15: 22, 29, 48, 49
16: 21, 29
17: 22, 26, 29, 30
18: 21, 27, 29, 30
19: 21, 27
20: 21, 30
21: 20, 30
22: 20, 26, 28, 31, 36, 37
23: 21, 25, 29, 31, 32, 41
24: 19, 24, 27, 43
25: 19, 43
26: 19, 43
27: 20, 43
28: 20, 43
29: 21, 42
30: 20, 42
31: 21, 41
32: 21, 40
33: 22, 39
34: 24, 37
35: 26, 34
36: 
37: 31, 32
38: 
