0: 0, 15, 41, 47
1: 0, 15, 23, 26, 27, 28, 41, 48
2: 0, 14, 21, 28, 40, 46
3: 0, 14, 19, 29, 39, 40, 41, 47
4: 0, 13, 18, 28, 40, 46
5: 0, 11, 17, 29, 40, 46
6: 0, 11, 16, 28, 40, 47
7: 0, 10, 15, 28, 40, 45
8: 0, 11, 14, 21, 25, 28, 42, 46
9: 0, 12, 13, 21, 27, 28, 45, 46
10: 0, 21
11: 0, 21
12: 0, 21
13: 0, 21, 24, 25
14: 0, 21, 25, 27
15: 0, 21, 25, 28
16: 0, 22, 25, 29
17: 0, 21, 25, 30
18: 0, 22, 25, 32
19: 0, 22, 25, 33
20: 0, 21, 24, 34, 51, 52
21: 0, 20, 26, 27, 28, 34, 50, 52
22: 0, 19, 25, 32, 33, 34, 49, 52
23: 0, 19, 24, 31, 45, 46, 49, 52
24: 0, 18, 19, 21, 22, 31, 45, 47, 48, 52
25: 0, 31, 45, 52
26: 0, 30, 45, 52
27: 0, 31, 45, 52
28: 0, 31, 45, 52
29: 0, 30, 45, 52
30: 0, 30, 45, 52
31: 0, 30, 45, 52
32: 0, 30, 44, 52
33: 0, 31, 44, 52
34: 0, 31, 43, 52
35: 0, 33, 42, 52
36: 0, 35, 43, 52
37: 0, 37, 42, 52
38: 0, 37, 41, 52
