0: 0, 3, 46, 49
1: 35, 39, 45, 49
2: 31, 49
3: 31, 50
4: 32, 51
5: 32, 51
6: 13, 15, 16, 21, 32, 52
7: 15, 22, 32, 52
8: 6, 8, 9, 10, 18, 21, 32, 52
9: 0, 3, 4, 13, 20, 21, 31, 52
10: 0, 16, 31, 52
11: 0, 18, 32, 52
12: 0, 19, 31, 52
13: 0, 20, 31, 52
14: 0, 20, 31, 52
15: 0, 21, 31, 52
16: 0, 21, 30, 52
17: 0, 23, 28, 50
18: 0, 23, 30, 51
19: 0, 22, 31, 51
20: 0, 22, 32, 50
21: 0, 22, 32, 50
22: 0, 21, 32, 50
23: 0, 21, 31, 50
24: 0, 20, 31, 52
25: 0, 20, 31, 52
26: 0, 21, 31, 52
27: 0, 21, 32, 52
28: 0, 20, 30, 52
29: 0, 20, 30, 52
30: 0, 23, 28, 52
31: 0, 25, 27, 28, 29, 52
32: 0, 26, 29, 52
33: 0, 25, 28, 52
34: 0, 26, 27, 52
35: 0, 52
36: 0, 52
37: 0, 52
38: 0, 52
