0: 18, 34
1: 18, 34
2: 18, 34
3: 18, 34
4: 18, 34
5: 18, 34
6: 18, 34
7: 18, 34
8: 18, 34
9: 18, 34
10: 18, 34
11: 18, 34
12: 18, 34
13: 18, 34
14: 18, 34
15: 18, 34
16: 18, 34
17: 18, 34
18: 18, 34
19: 18, 25, 26, 34
20: 18, 25, 27, 34
21: 18, 24, 28, 34
22: 18, 22, 30, 34
23: 18, 23, 29, 33
24: 18, 19, 21, 23, 28, 30, 31, 32, 33, 34
25: 18, 19, 20, 21, 32, 34
26: 18, 25, 28, 34
27: 18, 25, 27, 34
28: 18, 25, 27, 34
29: 18, 24, 28, 34
30: 18, 24, 28, 34
31: 18, 24, 29, 34
32: 18, 23, 29, 34
33: 18, 22, 30, 34
34: 18, 22, 30, 34
35: 18, 22, 31, 34
36: 18, 22, 30, 34
37: 18, 23, 25, 26, 29, 34
38: 18, 23, 24, 28, 29, 34
