0: 23, 32, 42, 43
1: 23, 31, 46, 47
2: 23, 31
3: 24, 31, 49, 50
4: 23, 31
5: 23, 31
6: 24, 30
7: 23, 30
8: 23, 31
9: 23, 30, 39, 40, 43, 44
10: 24, 31, 45, 46, 50, 51
11: 23, 30
12: 24, 31
13: 24, 30, 47, 48
14: 24, 31, 42, 43
15: 24, 30, 34, 35, 38, 39, 50, 51
16: 23, 30, 44, 45
17: 23, 30, 47, 48
18: 24, 30, 40, 41
19: 24, 29, 45, 46, 50, 51
20: 24, 30, 35, 36, 42, 43
21: 24, 29, 37, 38, 47, 48, 49, 50
22: 24, 29, 45, 46, 51, 52
23: 22, 29, 40, 41, 48, 49, 50, 51
24: 22, 29, 32, 33, 36, 37, 42, 43, 46, 47, 48, 49, 50, 52
25: 22, 28, 44, 45, 48, 52
26: 23, 28, 39, 40, 42, 43, 45, 52
27: 23, 27, 36, 37, 44, 45, 46, 52
28: 32, 33, 41, 42, 43, 44, 45, 52
29: 38, 39, 44, 52
30: 27, 28, 34, 35, 41, 42, 43, 52
31: 39, 40, 42, 52
32: 36, 37, 41, 42, 43, 52
33: 29, 30, 40, 41, 42, 52
34: 31, 32, 38, 39, 42, 52
35: 33, 34, 40, 41, 42, 52
36: 36, 37, 41, 52
37: 38, 39, 40, 41, 42, 52
38: 41, 52
