0: 46, 52
1: 47, 52
2: 7, 8, 47, 52
3: 48, 52
4: 11, 12, 48, 52
5: 49, 52
6: 49, 52
7: 14, 15, 50, 52
8: 4, 5, 50, 52
9: 7, 8, 22, 23, 31, 32, 51, 52
10: 16, 17, 24, 25, 50, 52
11: 10, 11, 49, 52
12: 3, 4, 38, 39, 49, 52
13: 6, 7, 12, 13, 49, 52
14: 18, 19, 49, 52
15: 3, 4, 8, 9, 15, 16, 20, 21, 25, 26, 49, 52
16: 50, 52
17: 6, 7, 10, 11, 32, 33, 49, 52
18: 1, 2, 12, 13, 18, 19, 27, 28, 49, 52
19: 3, 4, 8, 9, 14, 15, 23, 24, 50, 52
20: 5, 6, 11, 12, 20, 21, 49, 52
21: 2, 3, 6, 7, 8, 9, 10, 11, 13, 14, 17, 18, 50, 52
22: 4, 5, 12, 13, 15, 16, 50, 52
23: 1, 2, 3, 4, 6, 13, 14, 15, 16, 17, 19, 20, 23, 24, 26, 27, 50, 52
24: 2, 3, 4, 16, 17, 18, 20, 21, 29, 30, 50, 52
25: 1, 2, 3, 18, 19, 20, 31, 32, 36, 37, 51, 52
26: 1, 19, 21, 22, 23, 24, 38, 39, 51, 52
27: 0, 21, 27, 28, 40, 41
28: 0, 21, 22, 23, 24, 25
29: 0, 22
30: 0, 23, 24, 25, 27, 28, 31, 32
31: 0, 23
32: 0, 23, 24, 25, 34, 35
33: 0, 24, 25, 26
34: 0, 24, 27, 28, 30, 31
35: 0, 24, 25, 26
36: 0, 24
37: 0, 25, 26, 27
38: 0, 24
