0: 0, 9, 42, 43
1: 0, 9, 42, 43
2: 0, 10
3: 0, 10
4: 0, 11, 51, 52
5: 0, 11
6: 0, 11
7: 0, 12
8: 0, 11
9: 0, 12
10: 0, 12, 49, 52
11: 0, 13, 48, 52
12: 0, 14, 48, 52
13: 0, 15, 48, 52
14: 0, 15, 48, 52
15: 0, 16, 47, 52
16: 0, 16, 47, 52
17: 0, 16, 47, 52
18: 0, 16, 47, 52
19: 0, 17, 47, 52
20: 0, 17, 46, 52
21: 0, 17, 45, 52
22: 0, 17, 18, 20, 44, 52
23: 0, 17, 19, 20, 41, 52
24: 0, 16, 19, 21, 44, 52
25: 0, 16, 20, 21, 43, 52
26: 0, 16, 19, 21, 43, 52
27: 0, 16, 20, 21, 43, 52
28: 0, 16, 19, 21, 43, 52
29: 0, 16, 20, 21, 43, 52
30: 0, 16, 20, 21, 43, 52
31: 0, 17, 43, 52
32: 0, 16, 43, 52
33: 0, 17, 43, 52
34: 0, 17, 43, 52
35: 0, 17, 42, 52
36: 0, 17, 43, 52
37: 0, 16, 43, 52
38: 0, 16, 45, 52
