0: 0, 39
1: 0, 39
2: 0, 39
3: 0, 38
4: 0, 32, 33, 39
5: 0, 32, 34, 39
6: 0, 33, 34, 40
7: 0, 33, 35, 39
8: 0, 33, 36, 40, 51, 52
9: 0, 33, 36, 39
10: 0, 34, 37, 39
11: 0, 33, 37, 39
12: 0, 34
13: 0, 34
14: 0, 33
15: 0, 33
16: 0, 32
17: 0, 33
18: 0, 33
19: 0, 31
20: 0, 30
21: 0, 30
22: 0, 29
23: 0, 30
24: 0, 30
25: 0, 30
26: 0, 31
27: 0, 31
28: 0, 32
29: 0, 33, 51, 52
30: 0, 35, 51, 52
31: 0, 37, 50, 52
32: 0, 37, 48, 52
33: 0, 37, 44, 52
34: 0, 38, 43, 52
35: 0, 39, 40, 41, 42, 52
36: 0, 52
37: 0, 52
38: 0, 52
