0: 0, 25, 36, 52
1: 0, 25, 36, 38, 39, 52
2: 0, 25, 36, 37, 39, 40, 41, 52
3: 0, 26, 36, 37, 41, 52
4: 0, 25, 42, 52
5: 0, 26, 42, 52
6: 0, 26, 42, 52
7: 0, 24, 42, 52
8: 0, 25, 41, 52
9: 0, 25, 41, 52
10: 0, 25, 41, 52
11: 0, 26, 41, 52
12: 0, 26, 41, 52
13: 0, 23, 24, 26, 41, 52
14: 0, 21, 24, 25, 40, 52
15: 0, 19, 40, 52
16: 0, 20, 40, 52
17: 0, 20, 39, 52
18: 0, 22, 39, 52
19: 0, 25, 39, 52
20: 0, 26, 40, 52
21: 0, 27, 39, 52
22: 0, 28, 29, 31, 38, 52
23: 0, 27, 38, 52
24: 0, 28, 38, 52
25: 0, 27, 38, 52
26: 0, 26, 38, 52
27: 0, 25, 38, 52
28: 0, 24, 38, 52
29: 0, 26, 37, 52
30: 0, 26, 37, 52
31: 0, 27, 37, 52
32: 0, 27, 37, 52
33: 0, 27, 36, 52
34: 0, 29, 34, 52
35: 0, 30, 32, 52
36: 0, 52
37: 0, 52
38: 0, 52
