0: 5, 9, 20, 32
1: 4, 9, 20, 31
2: 4, 9, 20, 31
3: 3, 8, 21, 31
4: 3, 8, 21, 31, 48, 51
5: 3, 8, 21, 31, 47, 51
6: 2, 8, 22, 31, 47, 50
7: 2, 7, 22, 31, 46, 48
8: 2, 8, 23, 31, 45, 47
9: 2, 7, 24, 30, 45, 47
10: 1, 7, 24, 31, 44, 46
11: 2, 7, 25, 30, 43, 45
12: 1, 7, 25, 30, 43, 45
13: 1, 7, 25, 35, 36, 38, 42, 44
14: 1, 7, 25, 39, 41, 43
15: 1, 7, 24, 39, 40, 42
16: 1, 7, 25, 33, 35, 41
17: 1, 7, 24, 35, 37, 41
18: 1, 7, 24, 34, 36, 40
19: 1, 7, 24, 37, 38, 39
20: 1, 7, 24, 30, 31, 36
21: 1, 7, 24, 35
22: 0, 10, 23, 33
23: 0, 11, 21, 30
24: 0, 2, 9, 15, 16, 18, 19, 29
25: 0, 1, 12, 29
26: 21, 30
27: 22, 31
28: 20, 30
29: 21, 31
30: 22, 31
31: 22, 30
32: 22, 31
33: 23, 32
34: 25, 28
35: 
36: 
37: 
38: 
