0: 33, 34, 36, 52
1: 32, 34, 36, 52
2: 27, 28, 32, 34, 36, 52
3: 26, 28, 32, 34, 36, 52
4: 7, 8, 26, 28, 32, 35, 37, 52
5: 6, 8, 26, 29, 32, 35, 37, 52
6: 6, 8, 26, 29, 31, 35, 37, 52
7: 6, 8, 15, 16, 21, 22, 26, 29, 31, 35, 37, 52
8: 6, 8, 14, 16, 21, 23, 25, 30, 31, 36, 37, 52
9: 0, 1, 5, 9, 14, 16, 21, 23, 25, 29, 31, 35, 38, 52
10: 0, 1, 5, 9, 14, 17, 20, 23, 25, 30, 31, 35, 37, 52
11: 0, 1, 5, 9, 14, 16, 20, 24, 25, 29, 32, 35, 37, 52
12: 0, 1, 5, 9, 13, 17, 20, 23, 26, 29, 31, 52
13: 0, 1, 4, 10, 13, 17, 20, 24, 26, 33, 34, 52
14: 5, 9, 13, 17, 19, 24, 26, 30, 37, 52
15: 5, 9, 13, 17, 19, 24, 26, 29, 37, 52
16: 0, 2, 6, 8, 12, 18, 20, 24, 25, 27, 38, 52
17: 0, 9, 13, 17, 20, 26, 39, 52
18: 2, 3, 4, 11, 14, 17, 21, 25, 34, 36, 40, 52
19: 7, 16, 21, 24, 33, 36, 41, 52
20: 10, 16, 19, 23, 33, 36, 44, 50
21: 12, 17, 19, 22, 33, 37, 40, 42, 43, 50
22: 15, 21, 32, 37, 40, 49
23: 16, 20, 32, 37, 40, 51
24: 33, 37, 38, 52
25: 31, 37, 38, 52
26: 32, 52
27: 33, 52
28: 34, 52
29: 35, 52
30: 34, 52
31: 34, 52
32: 33, 52
33: 34, 52
34: 33, 52
35: 34, 52
36: 35, 38, 39, 52
37: 39, 52
38: 41, 52
