0: 0, 52
1: 0, 52
2: 0, 52
3: 0, 52
4: 0, 52
5: 0, 12, 17, 52
6: 0, 11, 18, 52
7: 0, 10, 18, 52
8: 0, 10, 19, 52
9: 0, 10, 19, 52
10: 0, 10, 19, 52
11: 0, 11, 18, 35, 36, 37, 45, 52
12: 0, 11, 17, 33, 47, 52
13: 0, 13, 15, 31, 49, 52
14: 0, 30, 51, 52
15: 0, 29
16: 0, 28
17: 0, 27
18: 0, 26
19: 0, 26
20: 0, 25
21: 0, 24
22: 0, 24
23: 1, 23
24: 2, 21
25: 3, 20
26: 5, 18, 37, 38
27: 8, 9, 10, 14, 15, 16, 35, 40
28: 34, 41
29: 34, 41
30: 34, 41
31: 34, 41
32: 34, 41
33: 35, 40
34: 
35: 
36: 
37: 
38: 
