0: 0, 52
1: 0, 52
2: 0, 52
3: 0, 52
4: 0, 52
5: 0, 52
6: 0, 52
7: 0, 52
8: 0, 52
9: 0, 52
10: 0, 52
11: 0, 52
12: 0, 52
13: 0, 52
14: 0, 52
15: 0, 52
16: 0, 52
17: 0, 52
18: 0, 52
19: 0, 52
20: 0, 52
21: 0, 52
22: 0, 52
23: 0, 52
24: 0, 52
25: 0, 52
26: 0, 23, 28, 52
27: 0, 23, 28, 52
28: 0, 24, 27, 52
29: 0, 24, 27, 52
30: 0, 24, 27, 52
31: 0, 23, 28, 52
32: 0, 24, 28, 51
33: 0, 24, 28, 52
34: 0, 24, 29, 50, 51, 52
35: 0, 25, 27, 48, 49, 51
36: 0, 26, 27, 47, 48, 49
37: 0, 43, 44, 46, 47, 48, 49, 50
38: 0, 44, 45, 46
