0: 0, 18, 30, 52
1: 0, 19, 30, 52
2: 0, 19, 30, 52
3: 0, 20, 30, 52
4: 0, 19, 30, 49, 50, 52
5: 0, 17, 31, 42, 43, 48, 51, 52
6: 0, 16, 31, 41, 45, 46
7: 0, 16, 33, 40
8: 0, 16, 33, 39
9: 0, 13, 14, 15, 34, 37
10: 0, 12
11: 0, 10
12: 0, 10, 11, 12, 36, 39, 40, 46
13: 0, 11, 35, 48
14: 0, 11, 35, 50
15: 0, 12, 35, 52
16: 0, 13, 34, 52
17: 0, 12, 20, 21, 32, 52
18: 0, 13, 19, 22, 31, 52
19: 0, 14, 19, 26, 31, 52
20: 0, 15, 19, 25, 33, 34, 35, 52
21: 0, 16, 18, 23, 35, 52
22: 0, 16, 18, 22, 35, 52
23: 0, 22, 36, 52
24: 0, 22, 35, 52
25: 0, 21, 36, 52
26: 0, 20, 35, 52
27: 0, 19, 35, 38, 40, 52
28: 0, 17, 42, 52
29: 0, 18, 41, 52
30: 0, 21, 42, 43, 44, 52
31: 0, 21, 43, 52
32: 0, 22, 43, 52
33: 0, 22, 42, 52
34: 0, 22, 42, 52
35: 0, 23, 34, 35, 42, 52
36: 0, 24, 33, 38, 42, 52
37: 0, 52
38: 0, 52
