0: 25, 40
1: 25, 40
2: 26, 40
3: 25, 40
4: 25, 40
5: 20, 21, 25, 40
6: 20, 21, 24, 40, 41, 42
7: 20, 21, 24, 40, 41, 42, 46, 47
8: 19, 22, 23, 40, 41, 42, 46, 47, 51, 52
9: 19, 21, 23, 39, 40, 42, 46, 47, 51, 52
10: 4, 6, 16, 17, 19, 22, 23, 43, 45, 48, 50, 52
11: 4, 5, 10, 11, 15, 17, 18, 21, 23, 26, 27, 42, 45, 48, 50, 52
12: 3, 5, 10, 12, 15, 17, 18, 22, 24, 25, 26, 43, 45, 48, 50, 52
13: 2, 5, 10, 11, 15, 17, 18, 21, 23, 42, 45, 48, 49, 52
14: 2, 5, 9, 12, 14, 17, 19, 24, 25, 42, 45, 47, 49, 52
15: 1, 5, 9, 11, 14, 17, 19, 22, 26, 47, 50, 52
16: 1, 5, 8, 12, 13, 17, 18, 20, 26, 40, 43, 45, 46, 51
17: 2, 5, 8, 11, 13, 19, 27, 39, 50, 52
18: 2, 3, 8, 12, 14, 18, 27, 39, 51, 52
19: 0, 5, 8, 10, 14, 17, 29, 38
20: 1, 10, 14, 16, 30, 36
21: 5, 10, 13, 15, 30, 35
22: 8, 14, 28, 35, 36, 37
23: 10, 13, 28, 38
24: 28, 39
25: 26, 39
26: 25, 41
27: 22, 40
28: 23, 40
29: 24, 39
30: 25, 40
31: 25, 39
32: 25, 40
33: 25, 39
34: 26, 38
35: 27, 38
36: 29, 36
37: 
38: 
