0: 13, 40
1: 12, 40
2: 11, 40
3: 10, 41
4: 9, 40
5: 9, 32, 39, 41
6: 8, 30
7: 7, 29
8: 7, 28
9: 7, 27
10: 7, 26
11: 6, 26, 43, 44
12: 6, 26, 44, 45
13: 6, 26, 44, 46
14: 0, 1, 6, 25, 34, 35, 45, 47
15: 0, 1, 5, 25, 32, 36, 45, 47
16: 0, 1, 6, 25, 31, 37, 45, 48
17: 0, 2, 6, 26, 31, 36, 46, 49
18: 0, 2, 5, 16, 18, 26, 31, 36, 46, 49
19: 0, 3, 6, 15, 20, 26, 33, 35, 46, 50
20: 0, 3, 6, 15, 20, 27, 46, 50
21: 0, 4, 6, 14, 20, 27, 46, 50
22: 0, 5, 6, 15, 19, 27, 46, 51
23: 0, 5, 7, 15, 17, 27, 46, 51
24: 0, 27, 46, 51
25: 0, 7, 8, 27, 46, 52
26: 0, 8, 9, 26, 46, 52
27: 0, 9, 10, 26, 45, 52
28: 0, 10, 11, 25, 45, 52
29: 0, 24, 45, 52
30: 0, 23, 44, 52
31: 0, 12, 13, 21, 44, 52
32: 0, 12, 16, 17, 18, 19, 43, 52
33: 0, 12, 42, 52
34: 0, 12, 41, 52
35: 0, 13, 41, 52
36: 0, 13, 39, 52
37: 0, 14, 38, 52
38: 0, 14, 37, 52
