0: 0, 10
1: 0, 9
2: 0, 10
3: 0, 10
4: 0, 9
5: 0, 10
6: 0, 10
7: 0, 9
8: 0, 10
9: 0, 10
10: 0, 9
11: 0, 10
12: 0, 10, 32, 35, 41, 43
13: 0, 9, 32, 34, 36, 37, 38, 44
14: 0, 10, 23, 24, 29, 45
15: 0, 10, 20, 44
16: 0, 9, 18, 21, 28, 42
17: 0, 10, 29, 30, 31, 36
18: 0, 10, 30, 34
19: 0, 9, 29, 32, 33, 35
20: 0, 10, 30, 34
21: 0, 10, 29, 34
22: 0, 9, 27, 33
23: 0, 10, 26, 31, 32, 33
24: 0, 10, 26, 27, 29, 32
25: 0, 9, 30, 31
26: 0, 10
27: 0, 10
28: 0, 9
29: 0, 10
30: 0, 10
31: 0, 9
32: 0, 10
33: 0, 10
34: 0, 9
35: 0, 10
36: 0, 10
37: 0, 9
38: 0, 10
