0: 0, 24, 39, 52
1: 0, 24, 39, 52
2: 0, 24, 39, 52
3: 0, 25, 38, 52
4: 0, 25, 38, 52
5: 0, 25, 37, 52
6: 0, 26, 37, 52
7: 0, 26, 36, 52
8: 0, 26, 36, 52
9: 0, 27, 35, 52
10: 0, 24, 25, 27, 35, 52
11: 0, 23, 26, 27, 35, 52
12: 0, 22, 27, 28, 34, 52
13: 0, 22, 26, 28, 34, 52
14: 0, 22, 26, 27, 33, 52
15: 0, 22, 26, 28, 33, 52
16: 0, 23, 26, 28, 32, 52
17: 0, 22, 32, 52
18: 0, 22, 32, 52
19: 0, 22, 26, 27, 33, 52
20: 0, 22, 24, 27, 33, 52
21: 0, 22, 25, 27, 34, 52
22: 0, 23, 25, 28, 34, 52
23: 0, 23, 24, 28, 33, 52
24: 0, 30, 33, 52
25: 0, 29, 34, 52
26: 0, 28, 34, 52
27: 0, 27, 34, 52
28: 0, 26, 34, 52
29: 0, 27, 34, 52
30: 0, 26, 33, 52
31: 0, 27, 33, 52
32: 0, 28, 32, 52
33: 0, 52
34: 0, 52
35: 0, 52
36: 0, 52
37: 0, 52
38: 0, 52
