0: 13, 17, 19, 35
1: 14, 17, 19, 35
2: 14, 17, 19, 32, 33, 34
3: 15, 18, 20, 31, 32, 34
4: 16, 18, 20, 34
5: 17, 19, 21, 31, 32, 34
6: 17, 20, 21, 33
7: 18, 20, 21, 30, 31, 33
8: 18, 21, 22, 33
9: 19, 21, 22, 33
10: 19, 32
11: 0, 1, 19, 32
12: 0, 1, 12, 14, 18, 19, 20, 33
13: 0, 2, 11, 15, 18, 33, 47, 48, 49, 52
14: 0, 2, 5, 6, 12, 13, 14, 16, 19, 32, 35, 38, 44, 45, 46, 47, 48, 52
15: 0, 2, 4, 6, 8, 9, 11, 17, 19, 32, 34, 39, 45, 48, 49, 52
16: 0, 1, 3, 6, 8, 10, 11, 14, 15, 17, 19, 32, 34, 36, 37, 40, 42, 43, 46, 50
17: 0, 2, 3, 6, 7, 10, 12, 39, 40, 45, 47, 49
18: 1, 5, 7, 10, 11, 13, 16, 17, 18, 19, 20, 32, 33, 34, 38, 42, 43, 47
19: 3, 5, 8, 11, 21, 31, 40, 43, 45, 46
20: 4, 6, 7, 9, 21, 30, 42, 45
21: 5, 7, 23, 28, 33, 35, 44, 45
22: 24, 27, 29, 30, 33, 36
23: 22, 28, 29, 30, 33, 35
24: 22, 30, 32, 36
25: 21, 31, 32, 35
26: 20, 31, 32, 35
27: 19, 31, 32, 35
28: 20, 35
29: 20, 35
30: 21, 35
31: 20, 34
32: 21, 33
33: 21, 31
34: 22, 30
35: 
36: 
37: 
38: 
