0: 0, 4, 9, 10, 18, 31, 46, 50
1: 2, 4, 18, 29
2: 0, 1, 17, 29
3: 0, 2, 15, 29
4: 0, 3, 14, 30
5: 16, 31
6: 18, 32
7: 19, 31
8: 4, 5, 20, 30
9: 3, 4, 21, 30
10: 0, 4, 10, 11, 21, 29
11: 0, 3, 10, 12, 22, 29
12: 0, 3, 10, 14, 23, 28
13: 0, 3, 9, 17, 24, 29, 31, 32, 33, 34, 35, 36
14: 0, 4, 9, 23, 24, 37, 49, 52
15: 0, 4, 8, 37, 43, 45, 49, 52
16: 0, 4, 7, 37, 41, 45, 47, 52
17: 0, 5, 7, 38, 39, 52
18: 0, 6, 7, 52
19: 0, 52
20: 0, 52
21: 0, 4, 6, 12, 15, 41, 43, 44, 45, 52
22: 0, 3, 7, 10, 14, 34, 38, 40, 47, 52
23: 0, 3, 15, 32, 38, 39, 49, 52
24: 14, 31, 38, 40, 50, 52
25: 14, 30, 51, 52
26: 14, 29
27: 14, 28
28: 16, 28
29: 18, 27
30: 17, 27
31: 16, 26
32: 16, 26
33: 15, 28
34: 14, 30, 49, 52
35: 15, 32, 46, 52
36: 16, 34, 45, 52
37: 15, 36, 44, 52
38: 13, 36, 42, 52
