0: 0, 8, 24, 30, 51, 52
1: 0, 9, 24, 30, 51, 52
2: 0, 8, 22, 29, 50, 52
3: 0, 9, 21, 29, 49, 52
4: 0, 9, 21, 27, 49, 52
5: 0, 8, 19, 20, 21, 27, 48, 52
6: 0, 7, 19, 21, 22, 27, 47, 52
7: 0, 6, 19, 20, 22, 27, 48, 49, 50, 52
8: 0, 5, 19, 21, 22, 26, 50, 52
9: 0, 5, 19, 21, 22, 26
10: 0, 4, 20, 27, 50, 52
11: 0, 2, 6, 7, 23, 25, 50, 52
12: 0, 1, 5, 7, 49, 52
13: 6, 7, 48, 52
14: 6, 7, 10, 11, 47, 52
15: 5, 6, 9, 11, 46, 52
16: 5, 6, 9, 11, 46, 52
17: 4, 5, 8, 12, 45, 52
18: 8, 12, 44, 52
19: 8, 14, 20, 22, 43, 52
20: 3, 4, 7, 9, 10, 11, 12, 16, 21, 22, 42, 52
21: 0, 13, 22, 23, 33, 34, 35, 36, 37, 38, 39, 52
22: 0, 13, 23, 24, 29, 52
23: 0, 12, 24, 25, 28, 52
24: 0, 12, 23, 25, 26, 52
25: 0, 11, 24, 52
26: 0, 9, 23, 52
27: 0, 9, 23, 52
28: 0, 9, 22, 52
29: 0, 9, 22, 52
30: 0, 9, 22, 52
31: 0, 10, 21, 52
32: 0, 11, 20, 52
33: 0, 12, 19, 52
34: 0, 12, 18, 52
35: 0, 12, 16, 52
36: 0, 13, 14, 15, 16, 52
37: 0, 52
38: 0, 52
