0: 18, 23, 29, 52
1: 18, 22, 28, 52
2: 18, 23, 27, 52
3: 18, 22, 27, 52
4: 17, 23, 27, 52
5: 16, 17, 18, 22, 27, 52
6: 17, 23, 25, 52
7: 17, 22, 27, 52
8: 17, 23, 27, 52
9: 17, 22, 27, 52
10: 17, 23, 28, 52
11: 17, 22, 27, 52
12: 17, 23, 28, 52
13: 18, 22, 27, 52
14: 18, 23, 27, 52
15: 19, 22, 24, 26, 27, 52
16: 19, 22, 24, 52
17: 19, 52
18: 19, 52
19: 20, 22, 23, 52
20: 20, 52
21: 20, 22, 23, 52
22: 21, 23, 24, 52
23: 21, 22, 23, 52
24: 22, 52
25: 21, 52
26: 21, 22, 23, 52
27: 22, 52
28: 21, 52
29: 21, 22, 23, 52
30: 21, 23, 24, 52
31: 21, 22, 23, 52
32: 21, 22, 23, 52
33: 22, 52
34: 22, 52
35: 23, 52
36: 22, 52
37: 23, 52
38: 23, 52
