0: 5, 9, 30, 41, 51, 52
1: 4, 9, 30, 41, 51, 52
2: 4, 9, 31, 41, 51, 52
3: 4, 8, 32, 40, 50, 52
4: 3, 9, 33, 40, 50, 52
5: 3, 8, 33, 40, 49, 52
6: 3, 8, 33, 40, 49, 51
7: 3, 8, 34, 40, 48, 50
8: 2, 8, 32, 40, 47, 50
9: 3, 8, 31, 41, 42, 49
10: 2, 8, 31, 49
11: 3, 8, 31, 48
12: 2, 9, 32, 47
13: 2, 8, 32, 47
14: 3, 9, 32, 45
15: 2, 9, 32, 44
16: 2, 9, 33, 43
17: 3, 9, 33, 42
18: 2, 9, 34, 44
19: 3, 9, 34, 44
20: 3, 9, 33, 44
21: 3, 10, 31, 43
22: 3, 10, 29, 43
23: 3, 10, 27, 32, 33, 44
24: 3, 14, 24, 30, 34, 45
25: 4, 27, 33, 45
26: 2, 11, 12, 13, 14, 24, 33, 46
27: 2, 5, 6, 7, 35, 47
28: 2, 5, 35, 44
29: 3, 4, 36, 44
30: 37, 43
31: 
32: 
33: 
34: 
35: 
36: 
37: 
38: 
