0: 23, 26, 33, 52
1: 23, 26, 33, 52
2: 23, 26, 32, 52
3: 24, 26, 32, 52
4: 23, 26, 34, 52
5: 23, 26, 33, 52
6: 23, 26, 32, 52
7: 23, 26, 32, 52
8: 23, 26, 32, 52
9: 23, 26, 32, 52
10: 23, 26, 30, 52
11: 23, 26, 29, 30, 32, 36, 37, 52
12: 23, 26, 31, 32, 33, 36, 38, 52
13: 22, 26, 32, 33, 34, 35, 38, 52
14: 22, 26, 32, 33, 34, 35, 38, 52
15: 23, 26, 33, 35, 37, 52
16: 21, 26, 32, 34, 36, 52
17: 23, 26, 37, 52
18: 23, 26, 36, 52
19: 22, 26, 36, 52
20: 25, 26, 30, 31, 32, 33, 36, 52
21: 26, 27, 28, 33, 34, 52
22: 26, 52
23: 26, 52
24: 26, 52
25: 26, 52
26: 26, 52
27: 26, 52
28: 26, 52
29: 26, 52
30: 26, 52
31: 26, 52
32: 26, 52
33: 26, 52
34: 26, 52
35: 26, 52
36: 26, 52
37: 26, 52
38: 26, 52
