0: 3, 6, 14, 36
1: 3, 6, 15, 35
2: 3, 6, 16, 35
3: 4, 7, 17, 35
4: 3, 7, 19, 36
5: 3, 7, 20, 35
6: 3, 7, 22, 34
7: 2, 6, 23, 33
8: 2, 6, 24, 33
9: 2, 6, 25, 33
10: 1, 6, 25, 32
11: 1, 5, 26, 32
12: 1, 5, 24, 32
13: 1, 5, 23, 36
14: 0, 5, 22, 38
15: 1, 5, 22, 25, 26, 40, 49, 52
16: 0, 5, 23, 33, 37, 42, 46, 52
17: 0, 5, 23, 33, 39, 43, 44, 48
18: 0, 5, 24, 32, 38, 44
19: 0, 5, 24, 31, 35, 42
20: 0, 5, 24, 36
21: 0, 6, 25, 32, 33, 34
22: 1, 6, 22, 23, 24, 31
23: 1, 6, 22, 29
24: 1, 6, 19, 30
25: 1, 7, 16, 20, 21, 31
26: 1, 7, 14, 17, 22, 32
27: 2, 8, 11, 14, 20, 32
28: 2, 9, 10, 12, 21, 33
29: 2, 10, 22, 33
30: 3, 8, 23, 32
31: 2, 6, 24, 31
32: 25, 29
33: 
34: 
35: 
36: 
37: 
38: 
