0: 24, 38
1: 24, 38
2: 24, 38
3: 25, 39
4: 24, 38
5: 21, 23, 25, 38
6: 22, 24, 25, 38
7: 22, 37
8: 23, 37
9: 24, 37
10: 24, 37, 50, 51
11: 22, 36, 48, 52
12: 21, 36, 48, 50, 51, 52
13: 21, 24, 25, 36, 47, 48, 51, 52
14: 21, 24, 25, 36, 45, 47, 49, 52
15: 22, 24, 26, 36, 40, 42, 43, 45, 46, 52
16: 23, 24, 27, 36, 38, 40, 42, 43, 45, 52
17: 23, 24, 27, 36, 37, 38, 44, 51
18: 23, 24, 27, 35, 36, 37, 43, 51
19: 24, 25, 27, 37, 38, 39, 40, 51
20: 24, 25, 27, 36, 40, 50
21: 24, 25, 27, 36, 38, 49
22: 26, 48
23: 26, 47
24: 24, 46
25: 23, 46
26: 23, 24, 25, 46
27: 22, 23, 24, 45
28: 22, 23, 26, 46
29: 18, 19, 22, 23, 25, 46
30: 17, 18, 19, 46
31: 18, 19, 21, 46
32: 17, 18, 20, 46
33: 18, 46
34: 19, 29, 33, 45
35: 23, 24, 35, 44
36: 36, 44
37: 39, 40, 42, 45
38: 43, 45
