0: 0, 27, 46, 52
1: 0, 28, 46, 52
2: 0, 28, 46, 52
3: 0, 27, 46, 52
4: 0, 28, 45, 52
5: 0, 27, 46, 52
6: 0, 27, 46, 52
7: 0, 27, 46, 52
8: 0, 27, 45, 52
9: 0, 27, 46, 52
10: 0, 27, 46, 52
11: 0, 27, 46, 52
12: 0, 27, 47, 52
13: 0, 27, 47, 52
14: 0, 27, 47, 52
15: 0, 27, 46, 52
16: 0, 26, 47, 52
17: 0, 26, 47, 52
18: 0, 25, 48, 52
19: 0, 25, 48, 52
20: 0, 24, 49, 52
21: 0, 24, 49, 52
22: 0, 24, 50, 52
23: 0, 21
24: 0, 20
25: 0, 19
26: 0, 18, 27, 28, 29, 41, 42, 43
27: 0, 17, 23, 48, 49, 50
28: 0, 16, 21, 50
29: 0, 15, 21, 49
30: 0, 15, 18, 47
31: 0, 14, 17, 46
32: 0, 14, 16, 46
33: 0, 12, 16, 48
34: 0, 10, 15, 48
35: 0, 49
36: 0, 52
37: 0, 52
38: 0, 52
