0: 0, 52
1: 0, 52
2: 0, 52
3: 0, 52
4: 0, 52
5: 0, 52
6: 0, 52
7: 0, 52
8: 0, 52
9: 0, 52
10: 0, 52
11: 0, 49
12: 0, 45
13: 0, 40, 41, 42
14: 0, 34
15: 0, 33
16: 0, 34
17: 0, 21, 23, 30
18: 0, 22, 24, 27
19: 0, 18, 20, 23, 50, 52
20: 0, 19, 45, 52
21: 0, 21, 41, 52
22: 0, 16, 34, 35, 37, 38, 39, 52
23: 0, 18, 31, 52
24: 0, 19, 20, 21, 28, 52
25: 0, 16, 24, 52
26: 0, 18, 19, 20, 21, 52
27: 0, 52
28: 0, 52
29: 0, 52
30: 0, 52
31: 0, 52
32: 0, 52
33: 0, 52
34: 0, 52
35: 0, 52
36: 0, 52
37: 0, 52
38: 0, 52
