0: 0, 52
1: 0, 52
2: 0, 52
3: 0, 52
4: 0, 52
5: 0, 52
6: 0, 52
7: 0, 52
8: 0, 26, 27, 52
9: 0, 23, 26, 52
10: 0, 24, 26, 48, 49, 52
11: 0, 22, 27, 46, 50, 52
12: 0, 22, 27, 47
13: 0, 22, 27, 49, 50, 51
14: 0, 22, 27, 52
15: 0, 22, 27, 52
16: 0, 23, 27, 52
17: 0, 23, 27, 52
18: 0, 23, 26, 52
19: 0, 23, 26, 52
20: 0, 24, 26, 52
21: 0, 24, 27, 52
22: 0, 24, 26, 52
23: 0, 24, 26, 52
24: 0, 25, 27, 52
25: 0, 24, 27, 52
26: 0, 24, 26, 52
27: 0, 52
28: 0, 52
29: 0, 52
30: 0, 52
31: 0, 52
32: 0, 52
33: 0, 52
34: 0, 52
35: 0, 52
36: 0, 52
37: 0, 52
38: 0, 52
