0: 14, 15, 17, 18, 19, 20, 27, 28, 29, 44
1: 9, 20, 29, 41
2: 10, 20, 21, 22, 26, 38
3: 11, 23, 27, 38
4: 11, 22, 26, 37
5: 12, 23, 27, 37
6: 13, 22, 26, 37
7: 12, 23, 26, 38
8: 13, 24, 26, 38
9: 12, 24, 25, 38
10: 12, 24, 25, 38
11: 12, 38
12: 13, 38
13: 12, 38
14: 13, 39
15: 12, 39
16: 13, 39
17: 12, 39
18: 13, 26, 28, 39
19: 12, 24, 28, 39
20: 13, 24, 28, 40
21: 13, 24, 28, 40
22: 13, 24, 29, 40
23: 13, 24, 29, 40
24: 13, 25, 29, 40
25: 13, 25, 29, 40
26: 13, 25, 29, 40
27: 13, 25, 30, 41
28: 13, 25, 30, 39, 40, 42
29: 14, 24, 31, 38, 41, 42
30: 15, 23, 30, 32, 33, 34, 35, 36, 41, 42
31: 15, 22, 31, 32, 41, 43
32: 15, 21, 30, 32, 40, 46
33: 13, 22, 30, 31, 40, 41, 42, 44
34: 14, 23, 30, 31, 42, 44
35: 16, 19, 31, 32
36: 14, 20, 31, 32
37: 12, 17, 18, 22
38: 14, 16, 17, 19, 21, 22
