0: 19, 40
1: 18, 41, 51, 52
2: 18, 40, 51, 52
3: 18, 41, 51, 52
4: 17, 41, 51, 52
5: 16, 41, 50, 52
6: 16, 41, 50, 52
7: 16, 41, 49, 52
8: 2, 5, 16, 42, 49, 52
9: 5, 6, 16, 42, 48, 52
10: 16, 42, 49, 52
11: 0, 2, 3, 4, 16, 42, 49, 52
12: 0, 4, 16, 42
13: 0, 5, 15, 43
14: 0, 4, 16, 43
15: 0, 5, 16, 43
16: 0, 4, 16, 42
17: 0, 5, 16, 42
18: 0, 6, 15, 42
19: 0, 8, 14, 43
20: 0, 7, 15, 43, 50, 52
21: 0, 6, 15, 43, 50, 52
22: 0, 6, 16, 43, 50, 52
23: 0, 5, 16, 43
24: 0, 5, 16, 44
25: 0, 4, 15, 44
26: 0, 4, 15, 44
27: 0, 4, 15, 44
28: 0, 4, 16, 45, 51, 52
29: 0, 4, 15, 47, 50, 52
30: 0, 3, 14, 48, 50, 52
31: 0, 4, 13, 48, 49, 52
32: 0, 7, 12, 52
33: 0, 9, 13, 52
34: 0, 9, 13, 52
35: 0, 9, 12, 52
36: 0, 52
37: 0, 52
38: 0, 52
