0: 5, 10, 30, 41
1: 5, 10, 30, 40, 51, 52
2: 5, 9, 31, 40, 51, 52
3: 4, 9, 32, 40, 51, 52
4: 4, 9, 32, 39, 50, 52
5: 3, 9, 33, 40, 50, 52
6: 4, 9, 33, 39, 49, 52
7: 3, 8, 33, 39, 49, 51
8: 3, 9, 32, 40, 48, 50
9: 3, 9, 31, 40, 43, 50
10: 3, 9, 32, 41, 42, 49
11: 3, 9, 32, 48
12: 3, 9, 32, 47
13: 3, 9, 32, 47
14: 3, 9, 32, 46
15: 3, 9, 32, 45
16: 3, 9, 32, 43
17: 3, 9, 33, 42
18: 3, 10, 33, 43
19: 3, 9, 34, 43
20: 3, 10, 32, 43
21: 3, 10, 32, 42
22: 3, 10, 29, 42
23: 3, 11, 12, 13, 27, 44
24: 4, 15, 23, 30, 33, 44
25: 3, 27, 32, 44
26: 2, 8, 15, 23, 33, 45
27: 2, 4, 34, 46
28: 3, 5, 35, 43
29: 35, 43
30: 37, 41
31: 
32: 
33: 
34: 
35: 
36: 
37: 
38: 
