0: 0, 52
1: 0, 52
2: 0, 52
3: 1, 22, 23, 52
4: 1, 21, 24, 52
5: 2, 20, 25, 50, 51, 52
6: 1, 20, 24, 49
7: 1, 21, 24, 48
8: 1, 21, 24, 25, 28, 48
9: 2, 21, 24, 25, 27, 49
10: 2, 21, 23, 24, 28, 49
11: 1, 22, 28, 50
12: 0, 21, 23, 24, 28, 50
13: 0, 21, 22, 23, 28, 51
14: 0, 22, 28, 52
15: 0, 21, 22, 24, 27, 52
16: 0, 23, 27, 52
17: 0, 22, 27, 52
18: 0, 22, 27, 52
19: 0, 21, 23, 24, 27, 52
20: 0, 21, 22, 23, 27, 52
21: 0, 21, 23, 24, 27, 52
22: 0, 21, 28, 52
23: 0, 21, 23, 24, 27, 52
24: 0, 21, 22, 23, 27, 52
25: 0, 21, 22, 24, 26, 52
26: 0, 52
27: 0, 21, 22, 52
28: 0, 20, 21, 52
29: 0, 52
30: 0, 52
31: 0, 52
32: 0, 52
33: 0, 52
34: 0, 52
35: 0, 52
36: 0, 52
37: 0, 52
38: 0, 52
