0: 30, 46
1: 31, 46
2: 10, 11, 31, 46
3: 13, 14, 31, 45
4: 32, 45
5: 32, 45
6: 4, 5, 33, 45
7: 34, 44
8: 35, 45
9: 8, 9, 35, 44
10: 4, 5, 10, 11, 14, 15, 18, 19, 23, 24, 35, 44
11: 36, 44
12: 36, 43
13: 3, 4, 7, 8, 26, 27, 31, 32, 36, 43
14: 10, 11, 14, 15, 36, 43
15: 20, 21, 36, 43
16: 2, 3, 6, 7, 16, 17, 35, 44
17: 9, 10, 13, 14, 35, 44
18: 3, 4, 22, 23, 35, 44
19: 6, 7, 18, 19, 35, 44
20: 2, 3, 8, 9, 11, 12, 14, 15, 24, 25, 28, 29, 35, 43
21: 1, 2, 3, 5, 6, 7, 36, 43
22: 7, 8, 9, 10, 12, 13, 16, 17, 20, 21, 35, 42
23: 0, 7, 10, 11, 31, 32, 36, 41
24: 0, 10, 12, 13, 14, 15, 17, 18, 22, 23, 26, 27, 36, 42
25: 0, 12, 36, 43
26: 0, 12, 13, 14, 15, 16, 19, 20, 37, 43
27: 0, 14, 17, 18, 24, 25, 37, 44
28: 0, 14, 15, 16, 21, 22, 28, 29, 37, 44
29: 0, 15, 16, 17, 38, 45
30: 0, 16, 18, 19, 31, 32, 39, 40, 41, 42, 43, 44
31: 0, 16, 17, 18, 20, 21, 24, 25
32: 0, 17, 26, 27, 34, 35
33: 0, 17, 18, 19, 20, 21
34: 0, 17, 23, 24, 29, 30
35: 0, 17, 18, 19
36: 0, 18, 19, 20, 21, 22, 25, 26
37: 0, 17
38: 0, 17, 18, 19
