0: 0, 5, 20, 27, 29, 31, 47, 52
1: 0, 5, 21, 27, 47, 52
2: 0, 6, 21, 27, 46, 52
3: 0, 5, 19, 27, 46, 52
4: 0, 6, 17, 26, 45, 52
5: 0, 6, 18, 25, 45, 52
6: 0, 5, 16, 17, 18, 25, 44, 52
7: 0, 4, 16, 17, 18, 24, 43, 52
8: 0, 3, 16, 18, 19, 24, 43, 52
9: 0, 2, 16, 17, 19, 24, 46, 47, 48, 52
10: 0, 2, 16, 18, 19, 23, 48, 52
11: 0, 1, 16, 24, 50, 52
12: 3, 5, 19, 22, 48, 52
13: 2, 4, 20, 21, 47, 52
14: 3, 4, 46, 52
15: 3, 4, 7, 8, 45, 52
16: 2, 4, 6, 8, 44, 52
17: 2, 3, 6, 8, 43, 52
18: 5, 9, 42, 52
19: 5, 9, 41, 52
20: 6, 7, 8, 11, 17, 19, 40, 52
21: 0, 2, 3, 12, 18, 19, 39, 52
22: 0, 10, 19, 20, 29, 30, 32, 33, 37, 52
23: 0, 9, 20, 21, 25, 52
24: 0, 9, 20, 21, 23, 52
25: 0, 8, 20, 52
26: 0, 7, 20, 52
27: 0, 6, 19, 52
28: 0, 5, 19, 52
29: 0, 6, 18, 52
30: 0, 6, 18, 52
31: 0, 7, 18, 52
32: 0, 7, 17, 52
33: 0, 8, 16, 52
34: 0, 8, 14, 52
35: 0, 9, 13, 52
36: 0, 10, 12, 52
37: 0, 52
38: 0, 52
