0: 0, 21, 34, 52
1: 0, 21, 32, 52
2: 0, 22, 32, 52
3: 0, 22, 32, 52
4: 0, 22, 32, 46, 48, 52
5: 0, 21, 32, 45, 50, 51
6: 0, 20, 33, 44
7: 0, 19, 33, 43
8: 0, 18, 33, 42
9: 0, 17, 35, 40
10: 0, 12, 15, 16, 36, 37
11: 0, 11, 47, 48
12: 0, 9, 40, 50
13: 0, 10, 37, 52
14: 0, 10, 36, 52
15: 0, 10, 19, 22, 37, 52
16: 0, 24, 37, 52
17: 0, 25, 36, 52
18: 0, 25, 35, 52
19: 0, 26, 34, 52
20: 0, 28, 33, 52
21: 0, 26, 27, 28, 36, 52
22: 0, 24, 25, 26, 37, 52
23: 0, 25, 38, 52
24: 0, 24, 38, 52
25: 0, 24, 40, 52
26: 0, 23, 39, 52
27: 0, 22, 39, 52
28: 0, 21, 38, 52
29: 0, 18, 38, 52
30: 0, 18, 39, 40, 41, 52
31: 0, 21, 42, 52
32: 0, 22, 44, 52
33: 0, 23, 44, 52
34: 0, 23, 43, 52
35: 0, 23, 45, 52
36: 0, 24, 44, 52
37: 0, 24, 44, 52
38: 0, 26, 43, 52
